0.015441217145682726
0.001884443221085202
-0.004453386083511104
0.011487307567275385
-0.0055019799025538855
-0.008313435651878448
0.05444314921837152
-0.010971344908057942
-0.00215508779491635
0.004537841730989234
0.012074970804708747
0.0037724550444068737
-0.0004927007629161063
-0.008108364271621139
-0.010559018995045442
0.015927925858934947
-0.024323658291278895
0.006721775971842425
0.010863806949836711
0.016432253999290457
-0.005611490805018584
-0.012990972815936103
0.005520620462197776
-0.0028634199786031008
-0.013477758522640285
-0.005191385420347169
0.024340413625983794
0.001766167459266335
0.013573030901453061
-0.020030282339231476
-0.007077013469045812
0.01889546564717148
0.0035998871765195914
0.005560228845812109
0.019733281314536978
0.01537516392488284
-0.006538897929226394
-0.01562517844320672
-0.021425971751900336
-0.005118357714432178
-0.007166633508723605
0.0025971995628268213
0.011871720981912416
0.02052285730471396
-0.0072220061584138415
0.024264949123084953
-0.009017314674762585
0.0024606352493958253
0.013991632498776186
0.0056220219181761545
-0.018060101809926198
0.0045328613291218175
0.0077385783681891375
-0.0008679166501292097
0.01743160503266063
0.021931341374483715
0.03910166333901637
0.02483778853916831
-6.846637211299643e-06
-0.027827484596778675
0.020811308689591603
-0.021095843757806546
0.028011172026228597
0.01999915899122229
-0.004021345347907698
-0.002483068358883402
-0.005762585192725907
-0.005070313031980041
-0.0010496555538841272
-0.0023417823305189257
0.012838083418401834
0.011307178996188168
0.014831465928538304
-0.002498979763336188
0.0019599954617636507
0.0026060616300872664
-0.001271852151785926
-0.0009155358968864042
0.0033548178189388017
0.006146563246086816
0.008530445707158753
0.001823465451716108
0.0023210257148221667
0.023444948088108663
-3.232287474154563e-05
0.027637076787990683
0.013360882163540049
-0.008721474761904631
0.024852937113788148
0.041798222172454214
0.018353878692400138
0.026159721885215034
-0.0018123224661398276
-0.009206529548738681
-0.015312759493297063
-0.027211017656794383
0.00381838150623189
0.012908491685533588
-0.0035066108987104644
0.014153897983385273
0.005656759376663649
0.02593448963727059
0.017171384975170668
0.019154445272567475
-0.0021300689725984043
0.009038651461063989
-0.0007137638669264335
0.02968847183065985
0.02191823385134137
0.004250221007139201
-0.002435656825696418
0.003982657490089472
0.013012472871102753
0.005426469068001458
0.02114684246454264
-0.004829490071038942
0.012360184455315063
-0.010883229387448408
0.02877192989736275
-0.003631708534080335
0.022323189380462717
0.0012284485013754542
0.0016743631458487657
0.018603023665350073
0.0031548393988267147
0.024810228770233096
0.00967226036559884
0.0027559581900841717
0.01741063411181915
-0.0013805681456372679
0.004658840567032641
0.008136059138221215
-0.013406567406575748
0.00046732596501964616
0.007570045143661485
0.021207592832003023
-0.0007952025527899057
-0.007678428225672652
-0.016041805304045555
-0.00431626712527453
0.018851730959353403
0.029683960372368475
-0.005210372785058448
0.0293914540386055
0.007433742782786984
0.05578947320562139
0.010558384388918146
0.008171289624526595
0.0019290065096051487
0.001183521855394089
0.009203567119426498
0.007503399638372904
-0.015403247169095864
0.005493475039457939
0.006464296570043571
0.02152034776042031
0.011113383423049215
0.02700452029087676
0.0037723183986175133
0.020211355188634376
0.014097925056208514
0.008407525508510818
-0.003112278623179588
0.03697633250921485
0.022489333354756242
-0.009626910456182802
0.01577873356330254
-0.00749615850956764
0.014186324229925535
0.031689835423780115
0.004906479995558505
0.02424954716463247
0.023673475628424128
0.02117876768594584
-0.003496728050093471
-0.004436915531693579
0.01240505655088301
-0.0009497842565137379
0.014512629420067891
0.016205857006271977
-0.004359002478617164
0.009472573685819335
0.03680750346381779
0.010072227444283384
0.02087947458572628
0.004105836384159939
0.005221330451075027
0.024063488701632448
0.003890161117143719
0.0027773685452147537
0.02347064892415505
0.019480753668287863
0.03025203708979312
0.0066546609240071075
0.007622573519648644
0.011275847620334048
-0.01099931419110308
-0.004902939347044615
0.01572505413346697
0.005857260231095134
0.02182526995029602
-0.0021641827361995325
-0.0025657675860813124
-0.00940545770072289
0.009328679953618859
-0.003439488344677839
0.022759990288970914
0.021260426791150817
0.012423228575467557
0.008352122189254893
0.03419578845119303
0.007998289268015395
-0.011796380044886182
0.01448973921969677
0.007467026300517712
0.02311016020073127
0.016179938260242752
0.010816978176250595
0.019920095057451306
0.019099350407314673
0.013158993677804738
0.004559310674637714
0.02278349947305165
0.018301641363514573
-0.0006950164185098254
0.026180667838135517
-0.0007095312929354179
0.018534768937647706
-0.022140904374027316
0.022550010181930973
-0.004523690336052009
0.01162803833714508
0.028317654048239476
-0.0046312334318432055
-0.0004967705979715312
0.019450297697739705
-0.01849562967466989
0.015556958591102338
0.023865402705180786
0.008886477570769786
0.010466974619639321
0.01913644634655322
-0.01410363071478069
0.023923946997654908
0.02053120271861357
0.009369744047342298
0.025763956510992943
-0.011822929046189274
0.016856432624197795
-0.005486687357466521
0.032130418876464256
0.02354065465860249
-0.020488247850700917
0.009300450654448626
0.023435107126332583
-0.011865309834471966
0.029798210853514907
0.01592531048917116
0.006333493399802475
-0.006556900195106307
0.020033624109959392
0.01906669941899285
0.020789495657201867
0.016249664943607925
0.036944814146939085
-0.0028910601829465338
0.0069749733391189115
-0.004723439439525499
0.004333937127005283
0.01802273220990365
0.01170123588899935
0.021242252032275147
0.014455869513394342
0.019787194265760144
-0.029181206093173956
0.017948154504196054
-0.0013804681351206752
0.020208368201525856
0.023066019631820305
0.02739306533945125
0.032437819263728865
0.00635526288344942
0.030329943013360602
0.00875863042750045
0.016664343213652465
0.010095029009445495
0.020460896119142643
0.03323033285062545
0.015016000413799283
0.014948190665521971
0.014918052989554165
0.004871925923106983
0.0330914849472585
-0.01824609163354223
0.022172360395192357
0.015388016761499694
0.012173595554634483
0.012884536181430725
0.016372433085217224
0.005253422368068896
0.02030051646710013
-0.002587565223922902
0.01594444197329788
0.008099555715963618
0.018676194111656642
0.01464656824966257
0.02659908069833101
-0.005401166501681424
0.0167087941430373
0.015328243653391168
0.0183307965152932
0.06138568403314338
0.002517327154131844
0.02824351519621856
0.0035852411886083246
0.02604732048958807
0.00792856405249647
0.025116163580068008
0.006495379371443202
0.01763364121506182
0.0077245536999501095
0.020818618343806564
0.00040154014817132735
0.01649888213537272
-0.007104000091240299
0.01846618620005158
0.008111932969765926
-0.008310148800032228
0.0029056236463978423
0.012943152654755973
0.016604681553378225
0.03986248650415774
0.025816305056534643
0.004305136178342395
0.005347029656299103
0.004091789127622047
0.030936038595000333
0.03211383379758105
0.001542751425149432
-0.015742557792095706
0.04273466669732205
0.03472766905295452
0.04992403709849914
0.03718066481285869
0.020097586266955948
0.002629952414116627
0.02827284264932245
0.008073486343181167
0.007314139319437275
-0.00017844304238696967
0.008305834964978265
-0.0005152873413824916
0.02597196778275011
-0.0032767965553274613
0.009672403019468057
-0.005983108888141333
0.024230498849579504
0.02672377948994265
0.02951784452393201
0.0220989212267319
0.010111842528679681
0.030464074024047123
0.00919900114419556
0.018064465260777197
-0.002258764876128909
0.04181860889569705
0.01103331687315847
0.014772808454091289
0.02213300492505975
-0.006284560252737379
0.01272911058497544
0.004660514939321328
0.021096269542710766
0.007657074000731222
0.020927041417160543
0.00032087085591118704
0.0030756149260635426
0.021544010223214047
0.041685469834762505
-0.010235685813496582
0.01969272758773862
0.026533859790176695
0.04219419794142308
0.019492290305509478
0.019220633785621014
0.009318243100965263
0.030794776856123085
0.021572657500634054
-0.009821634767857856
0.0213722349713487
0.035433574810514186
0.0004223234553580488
0.016236631185156385
0.030844263587854547
0.0024567976266785412
0.022514580537093307
0.015918895121781573
0.018704229773477007
-0.02167913568041963
-0.0027303854972874704
-0.0038718893294165152
0.011741191568936632
0.009077084506449725
0.02450689251775545
0.006555887842018881
0.013040408788675122
0.028140577059732486
0.009895332613765379
0.011041806744982289
0.025031487034816745
0.02292752014876954
0.013016021859436072
0.007457379464055243
-0.008347463667994093
0.017625218546506897
0.018026615511135945
0.005058599741633419
0.011507356893372483
-0.014360260245847137
-0.002737501471419774
0.017003344697055355
0.006253505491300044
0.017126344575335947
0.021857210716674486
0.03637761977979275
0.01483265266493811
0.014972335979287427
0.00501047595312953
0.017287487730517696
0.03320596364203764
0.022095791287350577
0.04019540649626503
0.016587608918950236
0.025333755232558697
0.023072165047331485
0.023453532491985354
-0.020149649602663938
-0.00613211412680351
0.021321015391080084
-0.005827082755178963
0.025345863326636048
-0.0015291236108284619
0.0447315767520902
0.02779247800384314
0.02773544302828724
0.029518012370113162
0.03355555664072463
-0.004746207893565872
0.020283139128412273
0.03157113383628386
0.02881048346157824
0.008579074576130882
0.0014932762749902738
0.031079558876563457
0.017464731085900295
0.01855349859488637
0.03390446813882773
0.026558049423523324
0.017426842207311638
-0.0009145412374057192
0.04063646103989223
0.04059196954170817
0.014301631046958538
0.03688698746569603
0.01022055022943385
0.013839679182102535
0.00995811188096893
0.0272287165651563
0.03017333882656223
0.025236860866904003
-0.01331198411189209
-0.011420684713553987
0.010797684664391414
0.01179237903854958
0.0396977130879487
0.02817163387248985
0.02650296361409686
0.010921385160466623
0.017762424816664502
0.012701580900267868
0.029843839834189978
0.0209353095664311
0.016382143360687496
0.01637786524184055
0.01003679612791004
0.03131786250032729
0.01762482352054175
0.02635294988940003
-0.0002956600500330492
-0.010929773444837528
0.01701845677107593
0.012642974749681488
0.021631550754824282
0.020363244400349548
0.023734811848084007
0.006175714090083933
-0.003663121209597603
0.02165016818508208
0.02367623514225014
0.029423347765249727
0.01765253620091562
0.022122036538146393
0.030856519238617416
0.018460954769334664
0.021482790493600107
0.03100909970186263
0.01796387339009037
0.01935447369725209
0.01316504172320951
0.0003790532977706834
0.018654998261560373
0.012455242321126627
0.017755737453166286
0.05719056966191076
0.03597147278560599
0.03250717137296932
0.02547413870424808
0.017748351670409928
0.016612409849142275
0.028689424651372333
0.01898057965893516
0.018789584127648747
0.03281374130388727
0.05198500717838018
0.036599480509895005
0.05220355593682822
0.02887964639383714
0.030820502890609395
0.030487907817298023
0.00650352994665007
0.03749685153579661
0.013388083017614117
0.036265795591399044
-0.0042487367979955745
0.02795745024873804
0.008730786603079063
0.018094695863929786
0.03656786481639868
0.015910128804991847
0.0064324156087297735
0.013515262127946912
0.010132914068533928
0.038224525885034465
0.04452323457506289
0.02035604343447074
0.03648557626516129
0.0513875564378659
0.003211263167017852
0.005552573688088039
0.01119713330598617
0.0414216713478237
0.038631167299453956
0.03187562774824177
0.008574568301375287
-0.001052216237574082
0.0421680219329874
0.004681142464031396
0.04462910868824022
0.002986098869046078
0.0322764499662914
0.005030066066187267
0.008711819929391192
0.036530314915192826
0.048764652899611724
0.021742295595755873
0.05611551968821034
0.02914115620142462
0.010417759609160195
0.0318939851534874
0.023468491016431295
0.00558289053535198
0.025607831511702484
0.01803268141069837
0.05717879103253024
0.002915473096904993
0.020614455323331744
0.016951346799287625
0.03971813311291751
0.05303925301421325
0.03553188541143155
0.02740145020235246
0.021956682868827102
0.035040462659128524
0.02533326180548355
0.02172065924992722
0.03131551216042107
-0.002810833215412927
0.02127415468758465
0.05437202459769435
0.051717828689284526
0.0035479420996522744
0.031721585223165906
0.027256681220027747
0.03616374738340467
0.033714382620144485
0.04786313627333422
0.021467707739436966
0.024120522530169275
0.060698091603221316
0.03733648358242642
0.02226663706808
0.034100271680821206
0.02843766790325511
0.054065242967978634
0.01915797298323549
0.0445421101136356
-0.0054695869425177525
0.017178966418642087
0.022127678709538568
0.019660715206479898
0.009301688044580923
0.04595109070054949
0.013839713609356765
0.004772090848520776
0.034373129318104
0.04796158459158654
0.02555189896827746
0.030997668687515138
0.015225405694514442
0.029529270502022364
0.03779233598853142
0.03618860632496787
0.020592719967792092
-0.004978427158224035
0.037754022463768404
0.04679927462121204
0.030930952348166434
0.02614715279654268
0.026601313678915797
0.032696340480470036
0.016954748443637903
0.05044384587981526
0.024369722715913564
0.0423147109392597
0.03649146464829462
0.0537612362708918
0.06032909429864362
0.019127184174595815
0.02872643869959358
0.0040695807391249355
0.016012785078520306
0.042303642724211714
0.04302998661045041
-0.006211389357293082
0.00936303384693222
0.024489833312213462
0.012043516067785991
0.01645301789819777
0.04943241319521949
0.04939517404377204
0.027628207829012878
0.026308631703980276
0.010559718612256633
0.043288700971543796
0.043491208423334836
0.045962458863763024
0.04477365333420059
0.03952993200894766
0.042250858501977455
0.06023498165907575
0.03156755660122388
0.04632120444289534
0.026814684188866345
0.026959159286742505
0.03386832488500158
0.04089994328136432
0.026424553128304645
0.03131370861840393
0.02754799952571961
0.030132818871969037
0.02293939015281167
0.06039015995706176
0.04190722757246636
0.05539606966411409
0.04620484026143574
0.027581121317830172
0.030425128205191297
0.029587624349756276
-0.0011085717466936503
0.02749652772275538
0.06584186043145819
0.038099359993628686
0.014655713663395933
0.03959521009356101
0.016768080219169326
0.0385805808545294
0.039992418858369606
0.028921409587514806
0.01423806391902681
0.033058212556148936
0.024213880734812735
0.04021143968615957
0.05887497908866797
0.03851351769329583
0.044060138687180464
0.02884532921849648
0.04103789068089335
0.042950429680238704
0.05165257158546509
0.05737147677943185
0.041987979996415174
0.005079260942001958
0.05529810324123652
0.040844403987915036
0.05792076264771681
0.04330451563233319
0.030374151558992302
0.04090669017871919
0.05312215136775714
0.03133384885706162
0.04568358423068593
0.015303317439925078
0.04556212294561073
0.013899495990523016
0.03415220100799538
0.022394999974046897
0.030183611509532072
0.016304150288935577
0.053158185729006775
0.012107104443772457
0.03742357645408326
0.04203065769049271
0.041846724777741234
0.030019913987016218
0.0428596319258108
0.037469705557638615
0.04215914277699897
0.061031830690256965
0.058021058314857495
0.03844999314547273
0.015083228467130411
0.05164996616113268
0.04470609155990499
0.04819952205133657
0.031215298088875257
0.013289409177552329
0.020125693963041626
0.05888511710045695
0.03879844324357603
0.03512647752964525
0.02727636334310359
0.04707460125374203
0.0461172057973719
0.06076512045827225
0.044523397313099
0.037027163868906865
0.04639275704278689
0.03928398043679214
0.03845976325250482
0.05700855845475169
0.02966417225512329
0.021907781334973522
0.03689847111993107
0.036328381004558076
0.06317326157719247
0.02506071668694112
0.07900470573391037
0.038111858761216116
0.038646177880172015
0.062107450530903836
0.02668408490466216
0.06331794036774771
0.04058288556575639
0.039949229107287376
0.062297634871563014
0.04321197906598024
0.03157762729471418
0.035954860768389156
0.04551606889316972
0.03514975638414791
0.022671804177448567
0.0461251893880793
0.009471328821138103
0.03502357758579348
0.05684301875624487
0.07007021074983347
0.05201306902965696
0.03231129204928458
0.03862425138591641
0.034321713377229154
0.035248999824463646
0.0452354140966047
0.019924091977033275
0.03895349885471939
0.037311333681403
0.030005991724869008
0.039070848852787325
0.04420057738210698
0.03584345329263652
0.023780064514310015
0.04677113572539724
0.06015144805973404
0.031500051742415366
0.024655849200118603
0.0223158797548636
0.03147987654038423
0.03978820026055562
0.049552741777569256
0.04450378430521079
0.04395643677947436
0.06739671270789699
0.04618160471200916
0.03596674776850006
0.053319007723600764
0.051559265092923134
0.052885878015178474
0.025489408686814378
0.06512235033208562
0.04329637348953931
0.043996149901710885
0.05222129701781427
0.041138390737273246
0.06400581912024661
0.07668423632974232
0.07265269871954792
0.049552871725956064
0.06519144304276037
0.042984840088477194
0.03648977492097182
0.052507262811362365
0.050044704638582405
0.053941129634572545
0.05334346122721963
0.01674070931881024
0.04547834924236861
0.060964015901038074
0.06888328426854913
0.02242951095336268
0.06193857092905148
0.06722993181323872
0.02117284789231635
0.0769201107230956
0.04859266130706671
0.057918241265090355
0.03849461384087761
0.06175632319633314
0.06324243866885867
0.0246816863011153
0.07572859007327848
0.05407693349508174
0.04043542597443792
0.03709484674719839
0.0718783782108925
0.03304987181232596
0.06062074961432512
0.0536123134633491
0.05156076277317957
0.03443797130737864
0.037059684418798464
0.03676152186163197
0.06402514457535718
0.03404605975000782
0.05345211357604032
0.056255603936353135
0.06032977094061894
0.05812702562187393
0.06991992340596317
0.06023272916254307
0.05275892312919258
0.047715543295715535
0.07472944004275986
0.06793858990516766
0.07391591207558187
0.026421698244135535
0.03488580334118741
0.03884430003148923
0.07527545094870457
0.04273217123780261
0.055570859942863905
0.0476970215967507
0.05315710936415058
0.08365826724644243
0.06142792243307825
0.053370150883180985
0.053870057380755294
0.04075544573855818
0.06395874815843174
0.04724368439878231
0.028976032922058272
0.07106281895090462
0.05512612288039949
0.05212669417581806
0.061076619874671036
0.07594236285219609
0.0413829202958477
0.0419802488901362
0.06632252780407415
0.03692813132732089
0.05921579786113629
0.049602838762714194
0.050686375194619035
0.08455936852424713
0.0776972707276323
0.052649999010167266
0.049676772362304306
0.05676526514271189
0.04222213861002179
0.05452190802056229
0.07358994944517856
0.04963184725645629
0.0685762546267607
0.05285116018393299
0.05571348326564659
0.06821321149592767
0.052606245250261766
0.03935905125237632
0.04779108135466813
0.0568034041810294
0.07162807672291938
0.05738429633894688
0.03943037578155571
0.055640644124818915
0.051584153025030895
0.01971501189109223
0.04182126233604808
0.06140015807213392
0.0822809528684237
0.06909933764326083
0.06170262262846705
0.043119915172910764
0.041856538623682084
0.055903423885465
0.04432743454469372
0.04717618475760028
0.05563430114075346
0.06488989849310647
0.06547224148943359
0.06689659498676584
0.0450877584422077
0.02862768397903852
0.07168872222510192
0.07980122990135323
0.07152238525198346
0.04935712348634075
0.046679455835506437
0.037822325262209786
0.06485691793562359
0.06675944469280841
0.07969522761893712
0.04595569677041433
0.08145152045741516
0.06081128811061912
0.06179586577026996
0.07487925330520151
0.07059496679612337
0.06105692127392472
0.07154707897982711
0.059696489206949345
0.05822294811324849
0.07706454338230632
0.06777495331806643
0.06312893592958603
0.08422204562811907
0.04886489800476121
0.06692839202235312
0.06037613043761519
0.06832583741959672
0.08031449246394924
0.07033143045433023
0.08020573092933041
0.07793144472565347
0.08423880346351437
0.06418543341092035
0.07864396219361475
0.06512839310069016
0.0720414846031793
0.07038678506432314
0.09222395127537054
0.07542768454950517
0.09924306846108652
0.07728836836257301
0.07703223704941878
0.05972747472083267
0.04909865502241742
0.09580832150346545
0.07922234782804287
0.0849787310151353
0.085824990667206
0.09185343211273711
0.050468646334487756
0.0826005129584711
0.07288704469824743
0.04679125487002511
0.0825197151704354
0.06909186051192745
0.05934060808634391
0.07691308550211079
0.05846148570617196
0.07334304081723703
0.05382564736873617
0.07368273018435291
0.08858120811753668
0.054468215323827
0.06985168259732677
0.07496474046151197
0.08348695269245189
0.0804895891437904
0.07543841898495335
0.059958793940477845
0.0762767202777727
0.09291349030446244
0.0826567082307217
0.0983918779396486
0.09208531053159592
0.06820347092543343
0.09390262198805957
0.08096271454514588
0.06413242410441705
0.05681801599991512
0.05807876186373875
0.09128395302649318
0.04818241118900971
0.06313808551327946
0.0677016786052061
0.07016078391623498
0.07447720489361029
0.07140359590819607
0.08470354627233183
0.09939186065598256
0.06248382613894214
0.08284905836812681
0.07258765966720573
0.07527846358642551
0.06889278633418076
0.08222895724631991
0.06541986609800815
0.08609088480844795
0.0767814121532097
0.0863780063145469
0.07743849549674886
0.058266832945674696
0.08175939161115788
0.081218172067336
0.04422530054883025
0.08177240410741644
0.1051693253574968
0.07355711444199776
0.09250791800002969
0.07304053600497656
0.10024419970484748
0.05676210919630673
0.06955282686380217
0.09082070273850028
0.05081565383114205
0.09069223323867126
0.08851360514510107
0.07201291436288346
0.07280176050074738
0.09516848448050437
0.07552024592470316
0.09297670422699456
0.08866055717391752
0.10137602244300828
0.0850499788187618
0.0963165462869902
0.08072158644442261
0.08645090585014478
0.07940690222035678
0.08555165617078052
0.0834735760892967
0.06220468218974686
0.0963579459319882
0.08117976043441442
0.09117407505678322
0.10480702713890931
0.07649300843362469
0.0935571989954178
0.0803268067138498
0.07541315284610678
0.10777858923036812
0.07558284765509848
0.0579224744145994
0.10214405470812775
0.08631990077116579
0.08270198483954166
0.08100949668378969
0.07812280127918397
0.09795992690983613
0.0749025586523402
0.09538610609259747
0.07544509261269784
0.07312274061020856
0.10113328780836726
0.09946491395220595
0.11432106689252418
0.10999935691728618
0.07472191873612292
0.08988236021456195
0.10073101269405084
0.08410127908361396
0.0978071305450132
0.07570486231838082
0.06880709562246473
0.09550444133569984
0.08559397818751319
0.08481835376852585
0.0860592580992431
0.0829132329058944
0.06695108208458454
0.08261057979000443
0.08037748118136702
0.10226227280045495
0.13815697518686834
0.10019731239902316
0.09900018761471424
0.08002669136236318
0.07820318947131114
0.1020840800618042
0.12693738245996164
0.10549502004648857
0.08341082162712024
0.06134057811408437
0.08365881159237627
0.1096688583639314
0.09675471944080537
0.10526784699415889
0.09702468653772478
0.09447862806060776
0.08475224389286591
0.08109911102501345
0.07467319373063959
0.07343739618871932
0.09048667952656336
0.09172080447168277
0.10484901558670466
0.10848722065056857
0.07922698917434669
0.11231502884288753
0.09546180377013219
0.0815559239975368
0.11561010174151755
0.10230046604453417
0.09177646795914372
0.08390316752398996
0.12593116998496243
0.09882205954485924
0.0818485377952483
0.08531051901249577
0.08762557411248985
0.08985917539527175
0.08766146607835659
0.08186211214652123
0.09606288628213557
0.10360921387963223
0.11665205172810232
0.11306798373974113
0.08057887494213087
0.10072648342150031
0.09675337035706258
0.09704304131510212
0.10707872285844748
0.10398688206470517
0.09947308310540504
0.11213811257393276
0.09936709359169767
0.07648435910712675
0.10979644524516464
0.06666618548339452
0.0938781433747533
0.09785372891297194
0.10015407601671164
0.10902223324010502
0.1274474226603682
0.12233431711265826
0.11478901750947317
0.09974917789164928
0.09969770122407635
0.10609003728498244
0.09278187412739312
0.11926670038875134
0.1048166945690475
0.10363418971629787
0.08022694743385321
0.1273187533775648
0.10111409599371772
0.09382064018633025
0.11194992514639465
0.10030045298720432
0.1018735322054807
0.10010978114714503
0.12795950280375162
0.10303971454695687
0.1083263904126962
0.0894520378326075
0.10221955770292541
0.12326944545688902
0.12220567127415775
0.10200775341398033
0.12641640576160854
0.0811869800389425
0.0910685031918456
0.1081739922173771
0.09382029314567816
0.11410651811147655
0.13544714647826203
0.12061080884074075
0.1097698372099992
0.1049356111720755
0.10754857516098978
0.13772694711620578
0.13984161062584047
0.12161146311895196
0.10680437601555583
0.12793569651994624
0.11616372590727125
0.12079500005176018
0.11025745819112479
0.12030027616713997
0.12306551013742945
0.11439134023817076
0.12477251456593243
0.09111693166532742
0.11950462388910973
0.13286550720108592
0.12675576982520728
0.14853292309560584
0.10891023854651205
0.13079799811512208
0.09409196502199643
0.11505128591653861
0.09333157528175065
0.13016461651405417
0.12735943862691312
0.1034424753396718
0.09974597499491863
0.11034110973496299
0.11474569291603046
0.12990749759221315
0.1068458316016553
0.10724865302075104
0.12208683233279458
0.13637924641677285
0.13295028440449871
0.12095427375512305
0.11249644821916573
0.1358067139915924
0.10862637141217152
0.12795237938094314
0.10903739540190227
0.12636247036985115
0.1436901386334543
0.11942623130981668
0.11479498704342969
0.1478821513749834
0.11032577356490768
0.11790078713758288
0.12225120447672971
0.11720400690634958
0.1318637724741336
0.13071418563767404
0.13635163966191827
0.11776702790253427
0.1393923054532615
0.12305354125596216
0.138557292157996
0.13216224565708037
0.12935471354496578
0.12170291013168082
0.13167312404670697
0.11984190947688945
0.15333013567296203
0.14115768305994414
0.11664191082052494
0.1463625854434
0.1375247874705089
0.13350248213505303
0.1336124791407425
0.1400375630908586
0.16279897570645005
0.1528259935449689
0.14390101043493697
0.13442482098978042
0.13875823887043312
0.13246821793716967
0.10668520221167622
0.11962245976518968
0.11400003740097935
0.12328907922448214
0.13423929796977976
0.1485405377654925
0.14778294814175136
0.13346923866887667
0.14626150225948834
0.16958037629344064
0.15377543200003263
0.1480814484179666
0.11717384230114317
0.12118985850015425
0.17277565822930846
0.1420539435628579
0.13173053250918773
0.13495201011744026
0.1368559545800219
0.13792864190341353
0.17670431982034634
0.1397879684965499
0.14794190804700197
0.13360829895263326
0.13270548983749358
0.15818806485351655
0.13233471427298985
0.15107255194549962
0.13622181120202842
0.13560328145289544
0.14251222712902728
0.15677209591787566
0.15663001574027854
0.14471354398095893
0.13776630985762334
0.14240245528021406
0.12642138022919325
0.1277049178152645
0.14717522086017318
0.15914639967966862
0.13855764083562222
0.1453660913422402
0.14422234719892735
0.16617943291763287
0.17953059095719062
0.12667617545336088
0.1336724961455164
0.16808495579474517
0.15247732549147722
0.14725495684498627
0.13891107217831603
0.15720982335974476
0.14223873001845033
0.14720075895887103
0.15534593988896944
0.1480824666183551
0.1584607596721023
0.15185725258491153
0.14977006465512266
0.1698246371527563
0.16109849510986313
0.16508438079122284
0.14748403328384097
0.1601366424862734
0.1428026686821632
0.16026420619914375
0.16465734464113152
0.15377541875242068
0.1474288520233959
0.15170289277570473
0.1502986935513386
0.14910876006039428
0.14231786064467747
0.12234535317621925
0.14061536674524164
0.1469204888522521
0.14210878281773812
0.14899736476969908
0.16422541781699604
0.14370452379273896
0.15763940612245905
0.14487354760395704
0.13917918169270438
0.14423964392604227
0.16332120161076222
0.13040432970981952
0.18654446045136822
0.17410112592961738
0.13904677328750462
0.14669378891001525
0.1693255127452159
0.15634750160646108
0.15336954030521352
0.15574371050922015
0.162110025827187
0.1398154016888409
0.17284279504462008
0.18598511213957888
0.16675679828253526
0.14658051251230197
0.16686822341474952
0.1791209690283331
0.18942732451665803
0.17384392689344635
0.14827832939508975
0.15720630546313913
0.17489591634123736
0.1579464766721096
0.14587230925685077
0.17072088875810448
0.14039780846683322
0.1679999185594768
0.15829048021591888
0.1491824679036504
0.16810431407249968
0.15969013318467198
0.16342306731704037
0.1683334589587585
0.16553410631521057
0.16056875619850644
0.15936084918426824
0.16604854967087618
0.16236465662428012
0.1744759127137322
0.16291750144791373
0.15752309924269958
0.19517382207424028
0.17520707229580135
0.17393041105684215
0.17107012351901224
0.16874974452165484
0.1814870382240597
0.17392276030137116
0.18266858249899431
0.1852577425097559
0.16792029286507243
0.1505198393635466
0.1693285506469349
0.1627691059637874
0.16555443249071988
0.17398699762262632
0.16747655988154658
0.1758574801261303
0.18256115655997912
0.18552720940885653
0.16874158687087557
0.19648247874301109
0.1803285244783393
0.16180319812540034
0.17371093048979253
0.1813231640631674
0.17218776221734045
0.18935447788037343
0.17111962056805233
0.16841525007809385
0.17422123013565613
0.19632619958135855
0.19931905947532022
0.1798038060362502
0.1887865790653505
0.18598480176438612
0.19525635398250527
0.19168238902976026
0.2210573108851314
0.18523692208516312
0.19118027834971005
0.18402692836744686
0.17926727962721925
0.17442233493144468
0.2029048659577289
0.1946960046278722
0.18722997636251681
0.16851666008338348
0.17217112876498789
0.17833437354036938
0.18494619680221458
0.19138043890127066
0.1853150980636119
0.1919790069765638
0.19026783990019144
0.1885108096784538
0.21744425042525756
0.20106569938615387
0.196064662718201
0.19745755198588372
0.18542070641007405
0.17055819291478375
0.2261778011390002
0.17939040475554355
0.19580458416652102
0.16605586216234342
0.19547576874343695
0.18792256191060042
0.20547625248708531
0.2146728344237107
0.17085564422604624
0.20279887998441665
0.1980984505905262
0.17534336568490416
0.232469800036207
0.20835235564614663
0.20988067223030132
0.2180168185059978
0.19379107921132194
0.19755754807701345
0.21324608994561722
0.18682266978948933
0.21571925285529223
0.20624570752387159
0.2095078932949274
0.21316678736012068
0.19518559556325252
0.20123021616427447
0.2082094111684961
0.21863496096779939
0.21322014638683323
0.2512582675429571
0.2081361882660518
0.2132811557278182
0.22845256966657254
0.20478660632421727
0.20513298813632852
0.19209405883783803
0.21051883305315428
0.21054100059155145
0.2208678689899024
0.22881343037773239
0.20955954772510663
0.20644649437613796
0.23035724083594156
0.2060662592546859
0.2054534469175194
0.2008811171480141
0.24722812540127884
0.23044594066161342
0.19833223900479122
0.21029917587989616
0.2454704245816134
0.2127551519435961
0.21159429414841166
0.1988987979814776
0.232336074946692
0.2395669336308068
0.22897126758627956
0.2187016501128331
0.2339728565240287
0.20964828106702993
0.21416538431947155
0.22933935869512043
0.234870790347389
0.2275191252911773
0.21247591767098403
0.2242842817477421
0.24689129659116574
0.22401334494425282
0.21001942288936065
0.22075957516400116
0.23892823972676253
0.22500216040538593
0.22887572889937235
0.22872449589435231
0.2221889540038369
0.20363608088720594
0.21668380728567424
0.2356625628376552
0.2233476786777743
0.23641603495559121
0.23086082145241382
0.23175286630452188
0.19754308395684372
0.23645572836178375
0.23170732832980365
0.23803467928191813
0.23298384346355516
0.24249952738749586
0.23525269619573783
0.232891846242946
0.23560296850067944
0.23499885159575906
0.2230576277093777
0.24575420904170664
0.2525979161992269
0.2395015471809582
0.25265817347950986
0.22151966216822055
0.23596663838648876
0.22783404072149127
0.24394734421424655
0.21675086173369465
0.23509818038213395
0.2463043651584457
0.23363552329175585
0.2392807901094635
0.25299988782259775
0.2505028677400407
0.25658821801316756
0.24257633172372095
0.21582354346000898
0.2609645107081068
0.24204195038572388
0.25365036486388276
0.25215623505002016
0.2540455569919621
0.24452885068760183
0.263846471763225
0.23291226678682705
0.24488258637863008
0.25861877154367086
0.2564609532236129
0.2501308474020377
0.2434991455851587
0.2377574955488438
0.25031766552120127
0.2556988237419127
0.26555082375921857
0.2484133192402153
0.2548094078944525
0.24785486633862472
0.2520801938550922
0.2567623402211795
0.2747531591925601
0.22671183931410965
0.26450837309706404
0.2474203574980967
0.2509696081599465
0.2815915885106027
0.2261151382853715
0.2567367432395706
0.2577259417508114
0.2454701234421939
0.26697031410542965
0.24447138789548564
0.25351261877230935
0.26733497783733123
0.2679449818062792
0.26167343949868693
0.2708146741257756
0.2601930556382308
0.2564671937365686
0.25845829310424134
0.26168465598310797
0.2723813074804216
0.2673777499219247
0.2919532007178682
0.2902795386176464
0.2574967817280748
0.27062949964893385
0.25888664036935893
0.28575476205813855
0.28682366686888533
0.26883930203015194
0.2719509619873462
0.2692796257719964
0.27588184476303657
0.27556917113550283
0.2799370175647787
0.27807570943306975
0.285532667148362
0.23933844048722186
0.29180675880635487
0.28500270674075406
0.2623808905209625
0.2973418071811525
0.29219092452214857
0.28654871793301817
0.2991300333557508
0.28372254309817424
0.25785151889663366
0.2711850411194906
0.2679688047296851
0.28530200199103956
0.28905730292737736
0.27510918140773033
0.28822145342484506
0.27512487647239453
0.29136351734475796
0.26642505791008203
0.298150225570793
0.292514332945486
0.2786459078536114
0.28178846581513944
0.28853478058376975
0.296858081393564
0.29916198798639265
0.2892780600313138
0.27684150020088133
0.2986330630507382
0.3248914368841462
0.2958275234908904
0.29947403416409923
0.3000930851900879
0.30309062208277626
0.2987977799414502
0.29903141401204714
0.29907457830900025
0.2809349911781711
0.2821398659131839
0.2811978741592503
0.26266744143216303
0.2859870822731555
0.2850866917287509
0.2989122231684444
0.277701873758567
0.2996464551869814
0.30579504693689585
0.29461958076731437
0.29785764893198835
0.2759651892513977
0.25426200831885964
0.31375619756995127
0.27835276910783985
0.29317848472241487
0.3103344948754508
0.3003310077476244
0.2774943950831349
0.30615899966272386
0.3227333031782373
0.30946651080665377
0.2981939591104134
0.3221391742814878
0.2903584262520271
0.29205623334203584
0.3197237964542015
0.30142339543187846
0.2998913213544859
0.3053558830655879
0.31617463483363006
0.273617810662958
0.30831187291622464
0.3096753372184908
0.31068441520459195
0.3047766314211161
0.328343643794193
0.29027157155101296
0.30128320701852035
0.3007959547487919
0.31886054863744334
0.3497687135091561
0.28825594445097974
0.3378100822072871
0.33271364499080697
0.3201217759912326
0.3098907447347544
0.30752078135119154
0.3000646020005589
0.3225435856675378
0.2995515646047634
0.3003572530181054
0.3159761721365517
0.3234747682359319
0.3311343213086771
0.32289885856858397
0.3039662130825832
0.2991698779087504
0.3251074329119876
0.33147564537278507
0.32609673561348834
0.3224897208635937
0.31962567299272765
0.31343176491281244
0.3133664517593585
0.32103489071296437
0.30393832738855675
0.31663904551114236
0.30691987008117355
0.3191467646029053
0.3408191117279409
0.3234754991903255
0.30440058631325556
0.339974559184338
0.3412147309196225
0.3446099086113137
0.3484804008569052
0.3035021668259296
0.32074582494902987
0.31181603978263384
0.3493878365818972
0.3342776804569323
0.35349854447108325
0.3447981302279308
0.3215420797388364
0.33559387660423007
0.3314680681342304
0.33219005296703435
0.33399778146623177
0.3270609407358629
0.3324964271341298
0.336325822409446
0.34974651084245456
0.33432259588688984
0.3280250954018196
0.36575039304984563
0.3439548810060007
0.3556379597886595
0.342336492494728
0.31194681458309936
0.3543672819997148
0.3438555918425721
0.35849933099847947
0.3497796036409332
0.3452218132543612
0.3304264203556649
0.3493819597706788
0.35280572516341685
0.3501632848585663
0.37280979769750966
0.3418191275755382
0.3574982589743581
0.33121055966267815
0.3642330167195909
0.339729533387277
0.3467726656857392
0.37931793755297094
0.3702364028918655
0.33791270028727954
0.36377917161416323
0.366684894596255
0.354245057161061
0.3697938272371146
0.33663744512524646
0.35862231560056523
0.3447803244700513
0.3789049586064314
0.3289087987017177
0.3889791504186966
0.3604769928935628
0.35732940685356473
0.3465971206780114
0.3698056797096329
0.36952834802322443
0.3471187185745651
0.34660506210441605
0.33792883892274783
0.365095013686378
0.36851793518520504
0.3398453428216489
0.38223062923636325
0.3893733114325554
0.36412785205663306
0.3670850144642062
0.36758811903905686
0.3710303471223325
0.375650859504127
0.3914385333395935
0.3765808553717609
0.3908574892791032
0.37257871496310996
0.3488474162875315
0.3719910318220797
0.3849940610107348
0.3777305695922388
0.3692516514084541
0.41477054972817123
0.3746588296729435
0.3694725878677211
0.3952994646757292
0.37089741485159894
0.35947848474556693
0.38319980489759387
0.39438554617361943
0.36325443751299535
0.3751525681865524
0.37961724287846504
0.379224681647748
0.3664778232698803
0.41020038422514177
0.4003424222455783
0.3878261445086679
0.39732263931811673
0.38190412158866105
0.3934084893156404
0.3933184354417135
0.376318416086822
0.399035764799709
0.4039930403224766
0.382022721512719
0.36551145964287135
0.39194508083012847
0.3974906469025611
0.3741286607803858
0.4154780245192608
0.39682771613053114
0.388160371148217
0.4099076028543376
0.37393302076918755
0.36409954623351803
0.40469321794489854
0.40857524605544
0.3964371318380702
0.38757529570797544
0.40696658546487674
0.3949189285715283
0.40728777081610373
0.38780004319782346
0.4049951927742407
0.4015970061448507
0.426040681495282
0.4021956936111455
0.4063903231907666
0.4100113119819593
0.4104076297787968
0.4323276007526218
0.4209434827613626
0.4022985586818638
0.39821929983255777
0.41009621497031
0.40341776031158977
0.42105566086090107
0.3924735415303087
0.43118639783117785
0.4240879566320499
0.4088877301299656
0.4333855693236376
0.4122072215069978
0.4017928885758563
0.40810856199892465
0.42162661293186
0.4160938482514045
0.41852289967565987
0.40560778980563955
0.42539864678123035
0.4074653072434514
0.41033890365193776
0.42119028619393734
0.4064215280427052
0.4111552827836411
0.40546765883952623
0.4196807510447981
0.3836922330892277
0.42364909248908716
0.4296343357904152
0.41344555050185355
0.4058331200206522
0.412928818715239
0.4210510471530426
0.4261622245834551
0.4365408574230619
0.4132309095867314
0.43180893058644204
0.4114731221244498
0.44591120710293175
0.4526486144741135
0.4124824040559245
0.413534861305734
0.4434223713341505
0.42147091998291714
0.4270643706721306
0.42740998826610904
0.4437667009704568
0.4291272655170728
0.4458152667880569
0.42033072163388707
0.4204417136916667
0.4393689248588694
0.4348655585100848
0.4312387158891025
0.4504786412331929
0.4319976312274293
0.4581977219877844
0.438411253615003
0.45143543327115015
0.43967876341248874
0.4268062585382391
0.4412987162841333
0.41601036923352086
0.4516624322081427
0.42399229601015553
0.44399840558681736
0.4301921775919238
0.4399652725677713
0.4440389112630407
0.43945128312717124
0.43547590953196785
0.4390751041694962
0.45521215841450935
0.44100080730144303
0.4575529946984189
0.4605896525041814
0.4531529944616302
0.46345391043697143
0.44874424587497175
0.4392178664564469
0.43867143703077643
0.447555561741379
0.4542828352295526
0.4569798583699167
0.4698589692259517
0.4473528963263462
0.4646504216327796
0.4520901553056544
0.42508349042868876
0.4682697169230878
0.43264560015071196
0.4432687763858159
0.4642868099350423
0.4675916839074224
0.4805032166229656
0.4808971081424387
0.4627666483753859
0.44353686673099274
0.4947477619778178
0.463021307894863
0.4555704131365773
0.44355297175279723
0.4475865017083206
0.4660476408828541
0.4656212451216554
0.4782494129083494
0.4768970430240177
0.4632920069422169
0.4794194520800115
0.4774997840886792
0.467688628312997
0.47239985513548366
0.48357162353172445
0.464111011518904
0.4730173738925002
0.45891669899450405
0.48310929594445823
0.4747198522772241
0.4656828743107359
0.48235164470410263
0.48102453531044814
0.48601137668268213
0.4722730821200101
0.4647985600987504
0.44922557430350085
0.4717172632760471
0.46865007280541565
0.4858325904251086
0.4784570135590003
0.4939600911034072
0.4848989559344385
0.4970746737500582
0.4962005051903861
0.47142411912547866
0.460434991641352
0.47484773139814546
0.4720144041657417
0.5125811695007372
0.4883146263997511
0.49299173311871036
0.46955310204172857
0.4817650443446441
0.5005971076417179
0.4906040460857636
0.4811109616229022
0.49883499145806043
0.4698868558265009
0.4962237266545961
0.48181936534855674
0.46830214225636535
0.48075939912878524
0.5003365158861058
0.4975518765170234
0.5094372249696857
0.48058552832480383
0.48918497967104646
0.49596405591930426
0.5013826773613737
0.4951808654359371
0.5028884825945672
0.5110162500836323
0.483259306557616
0.5014948487013008
0.48660075362527644
0.4860010352162036
0.5008356425553167
0.4858955656626164
0.5037857736729223
0.5019062811740669
0.5180907058734368
0.5120585032788347
0.49279189405197377
0.504618660027331
0.5011779705940104
0.4944191558888003
0.49802343900713736
0.49098340547733044
0.5184066247388569
0.5284657963081215
0.508422255589234
0.5328428881175811
0.5073532448438727
0.48313649180389506
0.5420688307667206
0.515664538814105
0.5186534777933106
0.5193255528400188
0.5343918691485157
0.5105629566025357
0.5128123434395564
0.5088034227451109
0.5420220184597891
0.5150276537580171
0.5180951121496868
0.5314231877177954
0.5012725396178054
0.5297540595107679
0.5346004680474288
0.5150362415750032
0.547824375535188
0.5373250248866882
0.48715369298726613
0.5079526594772923
0.5019951695599847
0.5204784532015847
0.5166985197179921
0.5369903243809356
0.5211059156151281
0.5333347075526921
0.5341943822040801
0.5301450882695843
0.5372173625872605
0.5722039932362621
0.5447032413923694
0.5342395922362191
0.5296603793739257
0.5347724026189714
0.5297057089951092
0.5437801892596098
0.5140987279659294
0.5425167200170393
0.5379757711014292
0.5152045317815888
0.5297484218344455
0.5487114925037283
0.5296756315236746
0.5240093760034357
0.5647728186176343
0.5466110579962272
0.544572157967227
0.5364292044714384
0.5497358448864053
0.5436796632315434
0.5372407643862239
0.527530510428981
0.542450224208857
0.5632308427985804
0.5380813970363163
0.5461938705575402
0.5585889199146199
0.5223118924511482
0.539568297543123
0.5338654971133453
0.5393083499026574
0.5445480677127686
0.5285820171453381
0.5566535840570896
0.5326681231776269
0.5354590825579308
0.540816031878605
0.5592171738583874
0.5399669325607593
0.5569416628377867
0.5709861412705276
0.5615379740571887
0.5472266931325904
0.5489152110365446
0.5485966890412567
0.5628333219926871
0.5454209933378575
0.5738239637127671
0.5394590074623836
0.5567822167943679
0.5437540191707185
0.5465358085264921
0.5518965619556808
0.566791297856651
0.5604058163479919
0.5976724247646615
0.5398437232376555
0.5568687030890878
0.567500477650881
0.5557844475045954
0.5660476529155655
0.5383144424464466
0.5440114946322411
0.5646459595952245
0.5826957607474844
0.5751761102377239
0.5873465174981036
0.5569136781032171
0.5638339824500695
0.5747017151907008
0.5832541421550916
0.5918794164100524
0.5771991832025811
0.570289424718594
0.5516374733240438
0.5646687867605851
0.5931379722113297
0.595560444722292
0.5724717444998557
0.5584599901801519
0.562266541388426
0.5824732864957115
0.5695024674357909
0.5725564118316271
0.5619879856020388
0.5724107145592494
0.5702010161247099
0.5370531666046815
0.6023763870755017
0.5804828213174072
0.5903976217223709
0.5775506204995926
0.5841146848489199
0.5975605556534064
0.5558666477355128
0.5947413881825458
0.5932151044239452
0.6084627764340915
0.5994284476600759
0.5979466241798379
0.591053454976564
0.6031597231665932
0.6074484581672284
0.5933636684764815
0.5873480119603323
0.5467364736415685
0.5783788748995916
0.587600059768907
0.5699078300483581
0.6051888999688677
0.590359622875915
0.5936245015333104
0.6111986879473826
0.5718927652275725
0.6364054446547911
0.6009553897969165
0.590019462775749
0.5946070108343333
0.6111357395552682
0.6026411049184944
0.5959987717318139
0.6114431203536903
0.5888847080099084
0.6067636148159034
0.6297276846717905
0.6144247655780833
0.5819341630408813
0.6246131366761455
0.6067053441531187
0.6097399671060828
0.5935183823303939
0.5984506137646427
0.5885989283405386
0.6233429497868177
0.6120455046424541
0.633798630697127
0.5923318955482064
0.6069305739409441
0.6184414222367833
0.6003630321325796
0.5864257558643213
0.6236326634861676
0.6250040457781257
0.6067434821162351
0.6188304520993516
0.6174932342967205
0.6061126925170007
0.617097573653027
0.6082871077795394
0.6077401057394376
0.6351182951374201
0.6256495119890413
0.61495338136505
0.6050624521370132
0.60916957803916
0.6166607000627261
0.6415525826258152
0.6191241169719863
0.6085612125247992
0.6067270270917275
0.6084705356541026
0.6149953465069863
0.6165497503768488
0.6418478811470313
0.6357256104063643
0.6291193373588053
0.6424643794892684
0.6171944086521007
0.6215895935280223
0.6146060052905405
0.6251461843074735
0.6359900934629513
0.6335439277013735
0.6276849895219667
0.637083058670286
0.6297152579561222
0.6345781525021451
0.6260375914423667
0.6349055363707268
0.6193035750466955
0.6342906608266828
0.636842575714918
0.6450525157325215
0.6527991084101039
0.6076456633070175
0.6429218312690687
0.6447485822816861
0.6474360517387737
0.6536940408796418
0.6376233638391773
0.6321157991304285
0.6540430038616195
0.641738437074255
0.6111998276279277
0.6332515002323031
0.6456753248633863
0.6385690466244256
0.6609558983706567
0.6138042744271169
0.6235870079741757
0.6523706165648231
0.6403915095823289
0.6514309285371046
0.6731948310837976
0.6306209606118104
0.6587341165413442
0.6420581474212791
0.6389562100913948
0.6475129192410247
0.626356329253258
0.6412115529793189
0.6430213165768569
0.6440783203950278
0.6426079764411969
0.6454824269442161
0.6418940660564109
0.6599169429637688
0.6640915572655215
0.6518145167283336
0.6508891768157876
0.6733226320100525
0.658445082664072
0.667628078456693
0.6533560213812636
0.6493141470156204
0.6469630749389546
0.6443185154594748
0.6702795470909364
0.6692688850098668
0.660042487156316
0.6409807600442287
0.6481465699490407
0.6446170637950451
0.6628632314638588
0.6435503655217518
0.6780010809668587
0.6521808285577624
0.65962451745831
0.6702122676730382
0.657369353573145
0.672749115558926
0.6577922448768552
0.6857218523249935
0.6843779582918726
0.6885799933256503
0.6902950323383038
0.6875775464705647
0.6687099043872422
0.6664307881480629
0.6708004213922744
0.6801706268415365
0.6828323532546433
0.6732276007517215
0.6626901948974834
0.6788646095161518
0.6641481994704744
0.6579680431380222
0.6787336846753532
0.6495652474900975
0.6770693295507678
0.6600996975282558
0.6855552821229418
0.6874988463085417
0.6767043381073213
0.6744367055082583
0.6789637741748452
0.674130250937868
0.6864448156579244
0.6824748501326787
0.6763451498365955
0.6658147331219667
0.6670583352225762
0.6997637261425402
0.6891258005263462
0.6919579787294846
0.6666468924789619
0.669350248001491
0.7055015862044055
0.6706772640231329
0.6741755476672949
0.6745266542363177
0.6873031790828262
0.6880680351989523
0.6900274795038254
0.6994925145954971
0.6687764732149404
0.7055523015448538
0.7023005619373067
0.6983261972012089
0.6791636048814912
0.6843058016158673
0.703004383642123
0.6784686578227006
0.6906841505555613
0.67439306794117
0.6986476081014625
0.7025837450735783
0.7205891614215215
0.6933237928141176
0.6936572303460341
0.6940162834073691
0.7154060752340632
0.6988459155442794
0.6839495278773557
0.7001012147836196
0.6910448883250915
0.703130080863787
0.6811790760004938
0.68006747202904
0.7036413512433094
0.6877806844468843
0.6836539534296618
0.6864691618945665
0.7084081070085827
0.6858138695716582
0.704997851963844
0.7102614272053138
0.7285514036858698
0.6972020881149151
0.7087338800383456
0.6906908777643838
0.6841787737117104
0.6929591391764232
0.7081120726929276
0.6920573830463151
0.7055749168632256
0.7055956063875312
0.6926450140674788
0.7263521570090893
0.6891917106595467
0.7192041095708369
0.7234554715776451
0.7022019668801688
0.6962537581996198
0.7195520711656415
0.7150687688966388
0.7229456156372126
0.723329066448668
0.688865073968119
0.7112856638837675
0.7384358799205718
0.7096307203243533
0.7088463353146975
0.7354167211352985
0.721615603275974
0.7000523108687094
0.7251930362900203
0.7140984066716187
0.7055869933906961
0.7073382405597841
0.6945267400390355
0.6977003385610917
0.7164439173242863
0.7108493362715776
0.7164214108498719
0.7195056367404117
0.7097476547702786
0.7188155391004903
0.7012761341409048
0.7153217162435427
0.7242230151974788
0.7140970109124805
0.7043230450973254
0.729971038867568
0.7313049988234896
0.7281830709292421
0.712036325802655
0.7321127230659994
0.7240759011027142
0.7125131443250019
0.7430194768403103
0.7211447333650733
0.721242848512618
0.7468332269131958
0.7395106588296082
0.7310514573533203
0.7431062888053387
0.7167721905063286
0.7120674584960485
0.7552534676804411
0.7472420182593815
0.7086188385426188
0.7442757799082006
0.7060115034946836
0.7422811809485172
0.7093933033258516
0.7215073838732627
0.7347096319661374
0.7097737607649315
0.7324030901734313
0.7373324485926029
0.732325971027893
0.730884557785628
0.7435242249325963
0.7313078917826626
0.7574233170656313
0.7214914942272401
0.7697000716171873
0.7359414375471761
0.7295347769321261
0.7522628997882013
0.742414536842756
0.7435569435481892
0.7296196835524278
0.7383704992799907
0.7441009250196144
0.7282295365140974
0.7501367380401591
0.7559605248989305
0.7566777038332559
0.723080140652351
0.7189212339224651
0.751307728669702
0.7389729727313314
0.7154787565373433
0.746187073406663
0.7289924053519586
0.7295463014427613
0.7538988929092132
0.7576682668348189
0.7481122107278172
0.7538375149802088
0.758468257252481
0.7408302055263714
0.7367573030467779
0.7415735935236507
0.7527057417144515
0.7495200663456396
0.7398766906374245
0.733262397680633
0.7635053079498382
0.7661998578995024
0.7430957066296122
0.7618745366120586
0.7643508891755789
0.7287497449519997
0.7414986471864206
0.7546127486090369
0.7503713305323189
0.7538673158899144
0.7577550802937396
0.7399789156545702
0.7517991511035038
0.7667247204789174
0.7411945786136926
0.7481528019641457
0.755089444862237
0.7697118366382022
0.7543048586813704
0.7515342478850932
0.772751072149412
0.7677123323021614
0.740912615746878
0.7370282332278798
0.765931482538175
0.7586706532215011
0.7604467171702294
0.7344612568029891
0.7606496510431804
0.7397154607065309
0.7470426524929369
0.765041430949208
0.7602426228169024
0.795874714585909
0.7848648041300942
0.7795460492393902
0.7615917530603837
0.7794911333692558
0.7660315174156878
0.7612410998364353
0.7964622804271957
0.7797288577943606
0.7700591534595245
0.7596314646193869
0.7704245214500198
0.7648644876007722
0.7495626162420839
0.7542358433074038
0.7858216865380215
0.7588712874622529
0.7800431538266394
0.7737421553194004
0.7776587872272063
0.7810786891274417
0.758803553140828
0.7527977481857334
0.7626255767199437
0.7890324453728106
0.7501097133324055
0.7942871009424457
0.7694342783580901
0.7918671460555878
0.7602082659131126
0.7813933053162474
0.7636317533196961
0.7715803625936793
0.7530219915643052
0.7828446516882318
0.7839964957798125
0.7604991493185851
0.7900350018444369
0.7939945845894154
0.7770586119003217
0.7810366372634631
0.7907115688791497
0.7800677258833494
0.807260407615799
0.7878965867015321
0.7592030708144453
0.7679642305811997
0.7881070615891428
0.7839658478001631
0.7702825885981802
0.8086846842700168
0.7711584517932604
0.7790113025481871
0.7666930346424813
0.8101317258048413
0.7638109608803674
0.7946800710678099
0.7884568851078775
0.7964605524232858
0.7846852126722331
0.7795237253256715
0.7996994032332939
0.7845086618547225
0.8141632702047753
0.7865143500782986
0.7901048184411158
0.7954125354933725
0.8002512271433373
0.7803953228815959
0.788812005837051
0.7818015584467856
0.7789933664517152
0.7918531860170864
0.7994144389265311
0.808607270347802
0.7822029510095604
0.7985332006935484
0.8141571701550807
0.7899362034446277
0.7905319641761346
0.7906925452209813
0.798035555203637
0.779053600820397
0.7972432898281016
0.7975528074403821
0.7944756931529874
0.8019060265428701
0.8051658907486708
0.8009031934407954
0.7774671753384046
0.7948781508356872
0.7948919656402487
0.8154650914060769
0.8016401503454123
0.7940994795799629
0.8067374605690697
0.7844496698489513
0.7780425343329115
0.8125500856645973
0.793071834518653
0.7995313914761125
0.7963046844508596
0.8179610556520852
0.7828425311055096
0.7751091638312245
0.8204272320514067
0.8067543596110566
0.7956506286778793
0.8102037305385131
0.7927528093330538
0.7880275965786362
0.8130986196079628
0.8054906768039617
0.7867781698262454
0.7887230992012965
0.7789596999594203
0.8084205276342065
0.8125909879287013
0.8005486305952347
0.7899755787373609
0.7891996158408798
0.8006193221806663
0.8067665372416625
0.813505985073741
0.8021818179294072
0.8064300982393579
0.810335200051189
0.8145322420996945
0.8127038400579538
0.7886637752871164
0.7883367172315061
0.75844996761221
0.7912440103677785
0.8183688146221707
0.8036284445365884
0.8168794822548971
0.8108170862370285
0.8269722996724497
0.8355792035335129
0.8092480611410432
0.8181558391452955
0.809827112782109
0.8176798567741718
0.8167085931962498
0.832088282556094
0.8098046133901958
0.7998998595719687
0.8255449093577049
0.8361276440403197
0.8015245379789658
0.8279787439672952
0.8249520722749869
0.8247821198599316
0.8383534668514813
0.8101379551485516
0.8141881105521867
0.8175846508792244
0.8111713627322166
0.8135988339104093
0.8328855128892847
0.8230972837751225
0.8320820924107122
0.7992661527197599
0.7968291251348403
0.8349227394029721
0.8433805570416608
0.8086643602397039
0.8062084638343251
0.8058514776119058
0.8241863310912468
0.8159730327895282
0.8201035236391372
0.8049250340478423
0.8419472404002157
0.807918064672023
0.8321278205167363
0.8030137788976758
0.8229845662109603
0.8187665839415795
0.8499306369234656
0.8148647187288581
0.7983436434534441
0.8126519987210367
0.8332972046157521
0.8138549678113961
0.8256519523197912
0.8149525669510513
0.8230493850982341
0.8460202204391934
0.8524283596069112
0.824079390098414
0.8409949251645255
0.8198841398043666
0.8468173485421877
0.8258526192558134
0.8227052440884242
0.8304276941086076
0.8200300009979709
0.8467249468047746
0.8221890866877765
0.8168115419129716
0.8319858054891458
0.8399900904411581
0.8362316726869945
0.8279727332820644
0.8246359929446658
0.8368873095913528
0.8479242142573861
0.8243147245687243
0.8220767976270118
0.8143114080557081
0.8207211548535133
0.8223980210251008
0.8228026676750142
0.8213264299159062
0.833748248054458
0.8524800852128165
0.8286600386142131
0.848531490013761
0.8459283380738302
0.8122079427226381
0.8273104139077571
0.8361131671448399
0.8362893727659914
0.8061919480584021
0.8548964045078453
0.8543263692081227
0.8559953804940482
0.8377127231754017
0.8404590600070765
0.8306271356447852
0.8351421156828128
0.8334376489619876
0.8539785576016814
0.8242915583392636
0.8404657352567666
0.8328949048898139
0.8529902545782033
0.8550625694632181
0.8314850349784093
0.8607646280632163
0.8274956135324566
0.8329929246136796
0.8310486901451035
0.8506636855422138
0.8282367736658007
0.8228556568928418
0.8274117789597171
0.8394316047293008
0.8576341270985594
0.851254921221225
0.8379477611666195
0.8209280149460034
0.8257555131885415
0.8813337886134502
0.8418681867507015
0.8451212757380198
0.8142743695801083
0.8441751143104904
0.8508374953211605
0.8464987255604768
0.8358482760529868
0.8389637527668511
0.8247415919824822
0.8509494633153784
0.838781760000954
0.8629435384434107
0.8193509105616184
0.8741772832064518
0.8357561606923827
0.852521671201574
0.8372365596953311
0.8515434546711418
0.8490474597106699
0.8513098682491897
0.8296536388824585
0.8588409248967969
0.8320010998014534
0.8549536380499059
0.8623409050231883
0.8377687941028443
0.8621558522134345
0.8674557696864938
0.8495595049206189
0.8446790762677239
0.84482852723696
0.8109847004672528
0.8201038522483649
0.8534017490521479
0.8666502234793484
0.8517171359050767
0.8447777584708327
0.8721270459988619
0.8705222794239673
0.8531699078239182
0.8608024061084448
0.8566014027123043
0.8457205852636354
0.8320911183807183
0.8580875819896703
0.8300144176367514
0.8475197948148446
0.8682942025865394
0.8363718667956315
0.8666445895070449
0.8608986379117147
0.8529485174811988
0.8583357900475873
0.8637094660294817
0.8530562717042205
0.8684412441459793
0.8545559970612475
0.8387774320835037
0.8816350932924006
0.8344863929618811
0.8388976831715027
0.8508257123758468
0.8889055483740234
0.8761674982256541
0.876923808590662
0.8530005752572091
0.8556112350769088
0.8408556900787342
0.8727260714967126
0.8290679534292712
0.8598845518554289
0.8558279815357424
0.8729856933533399
0.8576093063425362
0.8553154989329403
0.8398736830000474
0.8576468766231875
0.8557485008358174
0.8211094652414276
0.8550637065911978
0.8813664477055858
0.843926561137712
0.838282801030103
0.8549548261866252
0.8691880673030394
0.8573537216022751
0.8328016195373928
0.8760416549148039
0.8424920637008204
0.8794169718977455
0.8533807620465409
0.8504825620021293
0.8953321042890955
0.8780218279954624
0.8690163987408313
0.8552614521517549
0.8767724554583951
0.8697725938212802
0.8540011967905675
0.8796301122386438
0.8374375951262395
0.865942525286207
0.8747175971608746
0.8549417768168839
0.8604593934428748
0.874018257354338
0.8725407492003064
0.8708398476025354
0.8539944707203568
0.873770704283902
0.8838734691004543
0.8561806393091659
0.8612629061751352
0.8599747727658262
0.8605449005469792
0.8666863200758992
0.8670314737418262
0.8713392405306006
0.8484305922243487
0.8682639985033128
0.86823669424666
0.8664400183357459
0.88101444715598
0.8660311832449538
0.8571408383106253
0.8653599175453586
0.8860707596616141
0.8645401515912792
0.8703939210864285
0.8803555576717833
0.8677304282175664
0.861190667892303
0.8763284484968017
0.854353508670882
0.8774550998003446
0.8665239425158566
0.8692404952209046
0.8856243482589081
0.8754411557798544
0.8796672796100113
0.8926229135073763
0.8479947502626889
0.8912262436865749
0.8794059609181882
0.8756760911431815
0.8737518661840706
0.8623652796514594
0.8763828286210871
0.8957292985382684
0.845526534582846
0.8456028074801851
0.8712528276998345
0.877200585529254
0.8779724121896266
0.8671214926235236
0.8716956698404604
0.8519449557711479
0.8677057193011097
0.9010748521892036
0.8764676186582464
0.890345064375711
0.8483012091921942
0.8830444749679298
0.8709482987239264
0.8624062943490892
0.8844910001275383
0.8600827398352805
0.876018709188518
0.8928485452581281
0.8686164870750559
0.8857958633930371
0.8721526345794446
0.8640947554545844
0.8815967896010141
0.8780524960030661
0.8348234553685805
0.8796359214350609
0.891453124840671
0.8821175138419783
0.8632739581104598
0.8814817917066602
0.8854554645786308
0.895402475282498
0.888576744017818
0.8556172014177426
0.8924166974167039
0.9024099965577107
0.8759130740458205
0.8826286722562502
0.870430011039003
0.8775920441427765
0.8958964996991031
0.8720975990652089
0.866258483940219
0.8714113875491931
0.8780767626462676
0.8928679517216033
0.8800546616810593
0.8956809957698235
0.8840032921489145
0.8993643056714598
0.8953649477532244
0.9043590169866883
0.8832266040782218
0.8835511885520907
0.8925383845916607
0.9131661162190401
0.903664776585374
0.8925469404209249
0.9329582198772581
0.8659395577494969
0.8650704590581192
0.903594571036218
0.860190338350868
0.9012822189967448
0.877404947733288
0.8781388406759392
0.8970597495154229
0.8853869447787012
0.8868561549669186
0.9033913267880026
0.8878268371332558
0.894578996361787
0.8608678768331514
0.8873744916649334
0.895480577341413
0.8791433563815945
0.9037571187914243
0.9002510798482487
0.8747676984297226
0.884303729415356
0.8589579194370963
0.8612724647960575
0.873444925212564
0.8886180563012487
0.8804366204585506
0.881870945732137
0.8886313685052393
0.8813017285686288
0.8881698886475026
0.9019951563470517
0.8990474032941421
0.8837433948989566
0.879273138683848
0.8806703022561633
0.8994717031714958
0.9199626225599269
0.8830716471152876
0.875640268140411
0.8960143874285128
0.8991372731713748
0.9132723565361985
0.8983585987720886
0.8951201336891572
0.8838078031625786
0.8819429578926029
0.936441282806898
0.904354323319976
0.9047214181059003
0.882058350700423
0.8535094136835321
0.8757130841127753
0.8918989414345717
0.883742591469092
0.8887377579324762
0.8945808403836094
0.9045067671897845
0.8788045801640871
0.8951164657767362
0.887457105885663
0.9019588088746713
0.873604049674421
0.8829464353293511
0.8787699741535927
0.8982289133405618
0.8915433038235406
0.8852452028757013
0.8800513244658476
0.8976403471358932
0.9016177370317283
0.8646614250446769
0.9026620955549572
0.9278197682948169
0.9091234336752941
0.9095511479950792
0.8916596498775092
0.9023911418497506
0.8954190949563651
0.9005878546678415
0.9184500214397908
0.857596368079546
0.8781992919547574
0.8962685441419599
0.8785774053914047
0.9112871953337947
0.8964026516405885
0.8987811278674626
0.9061816356403102
0.891542541565156
0.9070260162108694
0.8872469954817473
0.9293040811230118
0.9037040416013309
0.8943324632130056
0.8999700847942874
0.897321556222143
0.8855143273655983
0.9114581703124206
0.9168013739600821
0.8972879487242836
0.8946070358105078
0.9024831059137457
0.906683197239995
0.9114592945416111
0.9036292688815367
0.9037030989155904
0.8923307219862938
0.9011285265007598
0.890234941805815
0.892005857792387
0.8899120346601688
0.9230735792720681
0.9032756178886349
0.8981552993371215
0.9026039819660088
0.8861344141662337
0.8911169965762029
0.9126524135568793
0.8929714757898091
0.8980748803718612
0.9084323465278592
0.9117044510286665
0.9073885565507067
0.8930451397706038
0.8899906394237106
0.8905041979985067
0.8958173719964194
0.8938894853386079
0.8917207414556676
0.8800219813105659
0.9077508429137932
0.8976833409768328
0.8990774554933075
0.9439684941074741
0.8888391262721111
0.9190953040255402
0.8952694172500864
0.9025270509785162
0.8860494763990457
0.9081161733156615
0.9108839325092968
0.8893645178846936
0.9134474600811767
0.9114943354854306
0.8991747790898895
0.8892111460833131
0.9046689440471398
0.8946218058113609
0.9046317181371316
0.9147386474014538
0.9066542699418718
0.9099312968137704
0.9149527687229386
0.9133863220819646
0.9049922890564163
0.9054014504439302
0.9158059410357042
0.892882186877917
0.9032765431556053
0.9104361079462242
0.9030614324396407
0.9161263003444774
0.9224878294721152
0.9089551244649405
0.9033137595757368
0.9056795063540606
0.9020194119452022
0.8861707804821058
0.8841582306062884
0.9120523618544487
0.8829609467745908
0.8962054276829818
0.90198230349818
0.9135812753582132
0.898270335818485
0.9262812106364152
0.9310552391054222
0.8959940112579925
0.9168171225681601
0.897634082827469
0.906513730614188
0.8874217999061507
0.9082113153624874
0.9096250734662736
0.9394665858969251
0.9017803948547128
0.8955338859550549
0.933866371690935
0.9078205206980756
0.9041931871696725
0.9088353121637985
0.9398946237692413
0.8745614276270034
0.8983302227420976
0.9070851330090718
0.8944513759675367
0.9285041479607945
0.893287123512755
0.8885539833585074
0.9138833193816471
0.8926278954291142
0.9140092356477857
0.932385768040025
0.8962678745018697
0.8940676006797792
0.9271788648113958
0.9022026013160145
0.9122398345539616
0.8970024562265261
0.8907263105354764
0.9106526067929017
0.92985178954903
0.8698495280560161
0.9345348859458862
0.9221644402128244
0.9317077766396208
0.8878141930899309
0.8905327709271494
0.8831158345085328
0.9058508570113942
0.8865529491951389
0.9056745813581141
0.9314390042460966
0.8862072038243565
0.9001223604648745
0.8979835751632406
0.9412241221115087
0.92821978466451
0.9141126784197537
0.9284588718882831
0.9001384540673212
0.9172360574165856
0.9310466847716009
0.9167197029538653
0.922452827239712
0.9118478631455158
0.9222222203259492
0.9011886953995681
0.9003918379338028
0.9165610925684518
0.9068740061295765
0.9228017117503815
0.903389336609592
0.9031287187387954
0.9282499691330717
0.8934737530455783
0.9118759977110419
0.9077373693813829
0.8955600907535586
0.9250838446838853
0.909992214900807
0.9164174152119949
0.9417292041647787
0.9263581209842329
0.924362825542013
0.9202409877598521
0.9276772015940387
0.9241149859720302
0.9260851710386653
0.9191929546920921
0.8823917844370865
0.9251069735167265
0.9229076776877683
0.9039480203466037
0.9098886622610168
0.937149163735932
0.9329451153084345
0.9177185698013482
0.9131406270235968
0.8996991733214883
0.9108715201866776
0.9266834886747128
0.9334964465641199
0.9171815693108935
0.9247826943628826
0.9050008620456665
0.9293227653382852
0.9296768639275718
0.9150652480576806
0.9168182077403428
0.9289547003334443
0.9108168139343121
0.9004410733431664
0.9193575665969355
0.9077806881405416
0.9106662012106509
0.9125128466905862
0.9209794065522767
0.9117055947573696
0.8891194823742841
0.8920543939727312
0.9011364055497376
0.9084627881759852
0.9051892808132093
0.9234278265335886
0.9428863813772139
0.9031815485230038
0.9177006874308021
0.9140295567687929
0.9320831769282188
0.9520859619853863
0.9061305230669815
0.9257975589888635
0.9267109888261895
0.9166296020162994
0.9148453058838096
0.9204158291602873
0.9120222630352596
0.9190125830573198
0.9249394270179818
0.9345021612510462
0.9183032452895814
0.9280566414663267
0.9103050219467705
0.8982673935464371
0.9318427272634091
0.908655523510181
0.9079957295776542
0.9569539787942917
0.933670771994394
0.933562709134196
0.9532807663338796
0.9063960505636092
0.9143773333522136
0.9332620920893192
0.9234517342639369
0.9137003745714923
0.9323510310323867
0.9305325354821902
0.9256193526162216
0.9192517268730227
0.9189000207129518
0.9009042158813696
0.919746313914657
0.9370791772372568
0.930328366460857
0.924252238519374
0.9367740478435249
0.9207631212871336
0.921187376259952
0.8874730229698318
0.9035845850312273
0.9404690253357489
0.9409723730736015
0.9272732742053431
0.9177134677842983
0.9429452139965524
0.9415199578769027
0.9307901530620122
0.9161211017849028
0.9215701338978424
0.8958832860619239
0.9127882109774974
0.9262010089906303
0.9393751635237425
0.9285690410062536
0.9369715069086569
0.9185208792682881
0.9034694876527041
0.9213376829545159
0.9287724656881716
0.9123218424342604
0.9239411147121006
0.9205776056464581
0.9430867249449992
0.9047849660417296
0.9177241455791713
0.9422808221706184
0.9107134526713969
0.9075181329659936
0.949733834609244
0.9384747417798274
0.9502603121499186
0.9180538924195997
0.9281975517199849
0.918362312724975
0.9323260528660002
0.954305447845843
0.9326173239237233
0.9250486832115196
0.9345592046865536
0.9317766864998893
0.9497450784430483
0.9621186931983349
0.9440704288424545
0.9148011242975403
0.9187780272415057
0.9155751939924504
0.9075107130521206
0.9076614402756081
0.9389464191109705
0.9104000990945083
0.9163373287386622
0.913117893807125
0.9113332823811334
0.921899716988572
0.9168386418547825
0.91577717091272
0.9329910514847524
0.9209527063147496
0.9072865958593511
0.9314223571368858
0.9194176329086071
0.947341326208821
0.9249116731345577
0.9409857779098514
0.9405466757471939
0.9212285589667698
0.9176292332893834
0.9207922629493307
0.9500661807698122
0.9129532760808271
0.8904932203796917
0.9167506338464131
0.8980114113366848
0.937546792802795
0.9413874674724412
0.9448079482490488
0.9448047475727199
0.9395293532326349
0.9176340391168207
0.9381628925557727
0.9196009113895828
0.9088429591542372
0.9424907298699331
0.921431385252073
0.9276039631168369
0.939012447957187
0.9172750966866328
0.8950302448651506
0.9184088719690421
0.9592115671908672
0.9303819760052479
0.9474232688459409
0.9458582185005745
0.9334165340744328
0.9161291669787913
0.9219528482766041
0.9050837231239904
0.9295935000971894
0.918149953876796
0.9276982500051574
0.9319289085836647
0.9280327570395083
0.8958097822103159
0.9509207272855484
0.9421006479591054
0.9414757589988976
0.9414875756973123
0.9438630203038985
0.943511773471968
0.9499158528074028
0.9198737275412934
0.9191555525908226
0.9578867730639025
0.9388348965105764
0.9548572674558049
0.9411540928536887
0.9041005122037231
0.9366557220982028
0.9373004095375737
0.926494621386322
0.9086530103531861
0.9180531533310423
0.9072293281850554
0.9432752772738598
0.9407390496171766
0.9207873695020437
0.9352852222553241
0.9397230905741827
0.9065545440355804
0.9141328789475258
0.9353289125668592
0.9196306287924787
0.8962820644328777
0.9385352046562349
0.929449914138455
0.9419850818408689
0.9691125632602856
0.9442677274424687
0.9391600372637364
0.9111962199736887
0.93543916460786
0.9461107515356133
0.9434295948359477
0.9190201205721824
0.9137463230448529
0.9266979834027781
0.9389763882312345
0.9239785058667224
0.93182464418963
0.9113784091611123
0.9124280387632517
0.9417581623970683
0.9211599786471062
0.9311944881185711
0.9386796641967656
0.9333478252098363
0.9296648577431567
0.9425217596763904
0.944944188639388
0.9419714430474482
0.946271945408358
0.9635243444672381
0.9438275401686074
0.9160203380547025
0.9429893044127794
0.9274783987458686
0.9375544860455095
0.9300313880458896
0.9394243199920923
0.9388089188957504
0.9531216723407328
0.9153778805650925
0.9454477415047874
0.9386936372909448
0.9474944417447041
0.9445495325486982
0.9351719944128912
0.9408765927001038
0.9545390459175392
0.9196451778128908
0.9320010498973529
0.9279450723629853
0.916427665925941
0.9287958713900675
0.9668305131592496
0.9196159945939288
0.9523606555781718
0.9530834226067203
0.9328954683088557
0.9356448648683601
0.9296567832074749
0.941034314117434
0.927893511196041
0.9414585043452521
0.9229808728900658
0.9141395408986223
0.9430264471862452
0.9532733876575566
0.9248004289798282
0.9292885127963039
0.9385143258188584
0.9314092285572618
0.9492812287775848
0.9286054335295917
0.9472109129209576
0.9271493391435087
0.9349562226317516
0.9330782736687766
0.9387789917902473
0.9459114104851237
0.9397081142772179
0.9354483168430996
0.9440143772418674
0.9256549553149551
0.9249646264222701
0.9414571205198202
0.9540872531170078
0.9449247412357054
0.9578378753188951
0.9519633231521298
0.9192793631002034
0.9311266511468949
0.9361199604391799
0.9538090960857464
0.9426094973372694
0.9210336670379006
0.935996044359166
0.9223084288667477
0.9256768203601409
0.948579302548629
0.9313473563379274
0.9090866011962965
0.9460922029822276
0.9471608984755141
0.9387033556980086
0.9579700354990109
0.938652982329014
0.9077175150330814
0.9371568439667348
0.8879337879905392
0.9507648339732881
0.936104949581457
0.9383056286771214
0.9258991862692818
0.9308531699340341
0.9627592363446152
0.9408882013890864
0.9297198295734862
0.9376116229925213
0.9621579774353416
0.9542235172976957
0.9407981162977561
0.9539950851564424
0.9445530462064622
0.9544961609119686
0.9197793671797116
0.929065399092714
0.9453279823448435
0.9365933156124687
0.9274353555829207
0.9579528012805942
0.9464910712761336
0.89629364533076
0.948461651341995
0.954212469164647
0.9290252946890768
0.916938818767754
0.9470518323269491
0.9416299993190042
0.9212810882200054
0.9320795308361487
0.9493806428928921
0.9186211148228091
0.9482710194564924
0.9386340580381147
0.9373151567629842
0.9420163792237677
0.9175612003652328
0.9525336673603054
0.9349981624921894
0.9354555856883924
0.9497892094600555
0.9484991797817159
0.933258626184295
0.9475343335492803
0.9292078089485689
0.9306922091301988
0.9340442991766678
0.9211640141720826
0.9385727566726634
0.9266573271564649
0.9336451986927833
0.9325721598658034
0.9648388010050142
0.9240361051258827
0.943918265585936
0.9133667259544156
0.9318160574800884
0.9466001737128534
0.9532348717352033
0.946885963178216
0.9625455911406836
0.9405130489820022
0.9573681483493329
0.9388647531674661
0.9228589565901
0.9355818295505901
0.9381812009256432
0.8992912581071653
0.9704791816855555
0.9486680657673253
0.9304276311342351
0.9164725221836723
0.9684874279338553
0.9265056995594596
0.9160951543863114
0.9402129036855266
0.9425395884270868
0.9340162873397915
0.9337843287451308
0.9149349997812418
0.9250900666325448
0.9332913101540417
0.9199265368042513
0.941190856774749
0.9299698985631443
0.9454427231118085
0.9410180279902516
0.9432562271160319
0.9393113507203742
0.9323861893330546
0.9263193465407822
0.9453562476029393
0.9488454864584694
0.9442800183671685
0.922072815205583
0.9393892313148609
0.9608494360035957
0.939932907192726
0.9390221370598308
0.9230946337026431
0.9562916893206475
0.9519650904767929
0.9349571448724462
0.9333406568602384
0.9518336489451216
0.9445245667969069
0.9501324783091133
0.9424457313758905
0.9215354740572097
0.9414220117828582
0.9241736552329746
0.9481178567395142
0.9535670596130884
0.9538209079444558
0.938332782939471
0.9654189386949523
0.9520344276303301
0.9555507947757793
0.9178905189973101
0.9576205871622084
0.9351819747865305
0.9369545641799968
0.9297689539702539
0.9251210684829938
0.9381996494430912
0.9156040092161954
0.9458998691140876
0.9331321135136315
0.9272375544687059
0.9388316325888184
0.9429602763326151
0.9338903181421201
0.9300014436938574
0.9519960488403889
0.9491479604398994
0.964945572982356
0.9363779353895677
0.9217459231077842
0.9040119219388203
0.9600660244130625
0.9246651947790432
0.9249562555215468
0.9705963098273694
0.928373424505741
0.9613574716634335
0.9469086945255495
0.9514469541006082
0.9513016814884495
0.9565661974529913
0.95963857663488
0.9532254003550064
0.9502964246689968
0.9391513478388241
0.9238349134057136
0.9501382521659563
0.9532754048461517
0.9093031667633019
0.9481520673972703
0.961116527276966
0.9546762361767768
0.9702634643173377
0.9597347030457004
0.9404295023112269
0.9518950929380643
0.9397779625755535
0.9457601376809247
0.9499724484294292
0.9358941422441693
0.9667263144183404
0.9196664230147654
0.932690506735492
0.9383276417740465
0.9675897995655107
0.9546116881627639
0.9306107761539268
0.9380096328873742
0.9287607595734244
0.970547031234365
0.9236745563520866
0.9589220629229366
0.9421498446889225
0.9417346628846174
0.9395213286842657
0.9530279982699954
0.9292172905723249
0.9534973686906376
0.9399021319352356
0.9363931798981872
0.9340820361812947
0.9293572898394113
0.9664992319185499
0.9355739902326349
0.964641011335362
0.9435392744426742
0.9178547023171119
0.9428549416009657
0.9433458402590629
0.9423905353720243
0.9755369103732501
0.9451462380406676
0.9464874847773366
0.9230077718846309
0.94561938931092
0.9511052342266997
0.9469141422565969
0.9483505819382532
0.9645399115707118
0.9212163355532117
0.9492161560286584
0.9316333698510579
0.9274224220109756
0.9408198886440492
0.9261059519545327
0.9231173961834949
0.936718598292845
0.9144506256499033
0.9345387356624872
0.9491647497268082
0.9474430211813577
0.9603827487032998
0.9300765518690853
0.9336801063513948
0.9343745814806045
0.9289831882364569
0.9599747803230064
0.951187530055856
0.938940459958079
0.9660597593089744
0.9316953703042129
0.9341437270715947
0.939860372946301
0.9418534320444718
0.9528818790133335
0.9666532465590294
0.9362622882943423
0.9306717878500642
0.935231337906065
0.9482918949516699
0.9329512014796455
0.9406994340880784
0.9410266277346405
0.9387843300734549
0.9259410036195952
0.9347446800386425
0.9479754216626133
0.9310178122838899
0.9432584426790992
0.9498031062586857
0.9301570947272878
0.9455091582090954
0.9218111900187039
0.9290991719126827
0.9152004817465421
0.9407764260007049
0.9427793827263706
0.95535458130208
0.9267480646897379
0.9668129982738107
0.9450875896939437
0.954656322634313
0.9349771948911549
0.9367692815922152
0.9594358550823974
0.9365302141197811
0.9388417476352653
0.9436223765263575
0.952013559828607
0.9340393756010831
0.9405502265229901
0.9634628206720824
0.911713635501588
0.9527899974139257
0.9367019465667878
0.9524003870888617
0.9288794094895764
0.9256469483906574
0.9354973245766048
0.9345912796697613
0.956177290787625
0.9320760579906874
0.949166539843824
0.9476745921413916
0.9452997434786661
0.9361091432814653
0.9494575127314587
0.9399999524193802
0.9307447348365031
0.9272807079549261
0.9429618232143304
0.9571470523652215
0.9251444433816653
0.9262589705119593
0.9296878909654683
0.9626413414055347
0.935160613444549
0.9792521488499165
0.9725690591699624
0.8999378861912195
0.9682682433847971
0.9404714807098271
0.9435491685981613
0.9568456120527369
0.9466047528235868
0.929901361835195
0.9256071141103861
0.9263067727650636
0.9027066578296706
0.9423465204406367
0.9486760659558229
0.9237325826313868
0.9248389616225116
0.9406231773443613
0.9419092497767103
0.9600298841740362
0.9380396362234672
0.9572777920802059
0.928544890285135
0.9517448058486259
0.9320452520486653
0.9584213626271644
0.9509117857017377
0.9592914324779922
0.942467977654929
0.9478129393885046
0.9599120967054638
0.9528298403857562
0.9650730006097501
0.9590875119122904
0.9685602892011335
0.9313241129389348
0.919950197937398
0.9672417872115637
0.962911078923456
0.951930692389848
0.9187476014341805
0.9566768391192578
0.9445066806976914
0.9176881092927021
0.9495559235823403
0.948883400357553
0.9501554862148134
0.9392523937184927
0.9310253847081497
0.955010636886671
0.9555193997620477
0.9399824441029012
0.9616773083109219
0.9445330200457766
0.9444605939316819
0.9588139813062853
0.9641152483659625
0.9307768787957589
0.9163983529130701
0.9465316492308891
0.9390706811622469
0.9205837004772552
0.9507607645834614
0.9614731369121238
0.9496647548021994
0.9592165820594075
0.9659921477018515
0.966517481951281
0.9413839256822223
0.9382052241665483
0.936496590485758
0.9594167804427263
0.9558830958591782
0.9372091463983685
0.9685549195058787
0.9202102228560102
0.9300892393145692
0.933017163558711
0.9471312376042778
0.9571040934691556
0.9250940985043452
0.9433704190701662
0.962871408897215
0.9357502482096992
0.9471171340293689
0.9378217960687345
0.9501478386882072
0.9361329942181685
0.9443858282861863
0.9279015974143042
0.9704665040095766
0.9358696859178466
0.9374568638951634
0.9266754546670943
0.9391766435032579
0.9444584225634365
0.9717132002690783
0.940916555658927
0.9206407584219573
0.9610833284166552
0.964295765252372
0.9388850003269834
0.9465450444099687
0.9360352980402642
0.9396178308517511
0.9380534911670415
0.9589130729191235
0.9473414522178953
0.9757266686149494
0.9435444170060341
0.9430702945652405
0.98149915947811
0.9593792889429557
0.9125846885449866
0.9730636655227992
0.9614655436657906
0.953397351542426
0.9484986830333638
0.931357966800419
0.9605306680973323
0.9795743357979669
0.9690735231256786
0.9457119684254666
0.9496270554955553
0.9406059178291418
0.9317268685097021
0.9500303212478366
0.9793609723029627
0.9546976996948412
0.939665457107444
0.9587799555078975
0.9426968413928882
0.9498844448340825
0.9506377692946842
0.9679345669848963
0.955075766292875
0.9414121948951005
0.9371100955719596
0.9574303367197128
0.9579061692052748
0.955367124579979
0.9117073737212604
0.9550570991160998
0.948556270233321
0.9650580414148817
0.9530803467221909
0.9444843263294196
0.9584571046105349
0.9326508407311198
0.9464449234710128
0.9625085723462472
0.9446544130483122
0.9433279688604024
0.9392760099661339
0.9330276439207658
0.9870666971628039
0.9198457252581685
0.9585960537461055
0.9481649178337948
0.9321370189366817
0.9033266978798229
0.936408822761887
0.9473595531950835
0.9404188343621468
0.9266963110702157
0.9659505773902456
0.925160729463226
0.9481352405641366
0.9512314243232194
0.9355877664416498
0.9483404608925008
0.9698036502255575
0.9572385370079788
0.9344643896968758
0.9192631611754933
0.9401528999424897
0.9351398484075626
0.9227076566610553
0.9431967594757575
0.9722212903663933
0.9559008095078687
0.9442283852613309
0.989168748409438
0.9228990701349705
0.9258602259390295
0.9525646988032314
0.9393776390191722
0.9433281614290125
0.9550271558399619
0.9519339548143224
0.9373815100750068
0.9393128490707205
0.9420641664942717
0.9612474881003725
0.9637637161591537
0.9480057352810112
0.9438553412880221
0.9444337205741348
0.9447742357217683
0.914910041241205
0.9567702198430956
0.9449101868098395
0.9815074029316174
0.9551522611324191
0.938379749989858
0.9443508384957678
0.933027471475027
0.9505478771234283
0.9568706859978426
0.9370685920671608
0.9509846807007332
0.9681731809446997
0.9453279826296519
0.9553318175268515
0.9517165553854493
0.9419119388851784
0.953991326932147
0.9274040533068634
0.9617528194310602
0.9427697316124475
0.9477636801397055
0.9493471509214619
0.9483452504072069
0.9615790449046201
0.9295602476079368
0.9362972018322446
0.9544732863126124
0.9528976689327808
0.9227111184157539
0.9408415768397832
0.9555699054463936
0.9387249900886436
0.9568491187897581
0.9490261552066546
0.9394155465025229
0.9524755039526667
0.9569165657091369
0.970650057237459
0.9936442614690765
0.9401387831231882
0.9637297351874813
0.9512278220693888
0.944121116287614
0.957265777896564
0.9584777498580341
0.9427036994497372
0.9455397909713785
0.9595185918638403
0.9626170471691093
0.9564543855592524
0.9284791205630744
0.9480469885237912
0.9414586989798508
0.9604810527588876
0.9525835070468678
0.932941484036039
0.9557521313706907
0.9537416163675305
0.9407921059318418
0.9407668069839175
0.9596674386838738
0.9472911014758301
0.9643335771367606
0.9638779573668107
0.9592573934353662
0.942307526737394
0.9292791322978351
0.9489511125459178
0.9485486711020009
0.9536565794917236
0.9765277924855431
0.9586980269971462
0.9620687374455511
0.9389760092734932
0.9542128189156635
0.9353455817906907
0.9713184595563953
0.942307737594061
0.9526241310305321
0.9573319338574242
0.9408131354134956
0.9400484645913783
0.9538296164620986
0.94205560084357
0.9483406927448998
0.9567324220694937
0.9507094706810073
0.9540207360369719
0.9439705624533627
0.962765375219714
0.9574485981280355
0.9365418406322304
0.9566853836747614
0.9482663036327352
0.9830492928463406
0.9683833131051358
0.9356677581562562
0.9578040942562218
0.9474046018866462
0.9762737743315361
0.950164939176264
0.9640169817208266
0.9292349619256169
0.9464114262110078
0.962846104966578
0.9320969399200069
0.9534164577479511
0.9453128620138981
0.9763353174171113
0.9418029197626653
0.9494497459312795
0.9573999662925448
0.9428778475710523
0.9481646134856031
0.9619272204941193
0.9533243380084102
0.9434042360079647
0.9402949271038059
0.9436432178622246
0.9483728363782052
0.9598320067181398
0.9465508118569601
0.9487971849946384
0.9660884821530624
0.9427002126255907
0.9689955750082625
0.9539383730695189
0.9501795468271674
0.9557802358454828
0.9512055856837983
0.9608670575960923
0.9526150527769086
0.9727216635433816
0.95228703520562
0.9535169234420275
0.924704202629213
0.928375625930124
0.9565479087102184
0.9578995036047907
0.9412764614837732
0.9538001210053306
0.9538694074502003
0.9525234041668209
0.9411042220169814
0.9556616136117967
0.9467920129526384
0.9404298019950843
0.9448503306319201
0.9731814123848224
0.9476453436921158
0.9563460501325585
0.9661880263076702
0.9401606394624381
0.9475209267440967
0.9421650466490447
0.9382303199798917
0.9454692450040947
0.9466302510191542
0.9524438944652073
0.9382875626121134
0.93434349481115
0.9539187813217852
0.9463077502314545
0.967509081059974
0.9549380783842696
0.9428015973169377
0.9237295265506605
0.9590234907762496
0.9472984851128696
0.942036222734679
0.9664511788444081
0.9256395914174003
0.96112599761657
0.960412706622388
0.9465943917774686
0.9416878003869893
0.9281565289893046
0.9585265303472381
0.9242899687536256
0.9819995318152189
0.9381161290197461
0.959323180514544
0.9847463312970939
0.9985410256820932
0.927235897750012
0.9681869546136593
0.955022397911916
0.9303479677270404
0.9584483918474832
0.9678826240603422
0.9495915370683877
0.9284331021445582
0.9630110980112976
0.9410747966064814
0.9682104693429165
0.958347420082758
0.9499408465098709
0.9638399593473399
0.9472127018120808
0.9730692092554516
0.952248800286664
0.9196226685602368
0.9432258875790108
0.9395750337476251
0.95034119004766
0.9529753295171779
0.9574953993471839
0.9567399578897879
0.9581275896839774
0.9896873657418813
0.9570244128391269
0.9447059450642307
0.9440855581601101
0.9544729924148768
0.9400058583490438
0.9381102300645346
0.9544301587752104
0.9658575870266185
0.974521579778879
0.9721272016007235
0.9590315800458397
0.9649254423250205
0.9168893007847942
0.9611541262162748
0.9414770369286769
0.9625319900439736
0.9434821973856725
0.9592419506638236
0.9444986065355545
0.9245573366606882
0.9747022133116194
0.9674818479675257
0.9453404122002498
0.9406728322069706
0.9419243458803916
0.9542796534127873
0.9308046067958964
0.9432670458198164
0.9542802813554304
0.9650428851810515
0.9651628676166575
0.9377272707145236
0.967552305338134
0.9313759423608041
0.9546687178514554
0.9398833471850551
0.9485971582327067
0.9439288088087344
0.9627436500954266
0.9452660394732953
0.9532337205954498
0.9516404285679069
0.9673975796055342
0.9620134841407724
0.9578296263317717
0.926008280440988
0.9373575671467562
0.9564998664000433
0.9523962379665524
0.934704369032222
0.9565791166131721
0.9427794137258173
0.9585292410091969
0.9370490810786577
0.9310223379986945
0.9334770120116582
0.9635808255976214
0.9434611786285331
0.970217969427535
0.9573249536593956
0.940938869311864
0.9514720790255327
0.963319672092603
0.9462831890600815
0.9469699446201935
0.9474405124967891
0.9658610061305777
0.9432105529405689
0.9574168653989916
0.9589332544895967
0.9365067242086313
0.9615165904165254
0.9632910680519919
0.937263885225072
0.9288998761070473
0.9630637365890488
0.9687731520980517
0.9769336242784776
0.9457172954969021
0.9845383445355624
0.9274490515346119
0.9771025663624872
0.9517002068094425
0.9519999606255959
0.9849246750241621
0.9907712162003113
0.9448140690162955
0.9306040387032185
0.9412643468332198
0.9715387839209072
0.9530894974645682
0.9482363922311446
0.9604887833635065
0.9688592196288394
0.9400363827172501
0.9351157977119932
0.9693414448480412
0.9882272392471286
0.9516162084356887
0.9225436693785705
0.9467236294241868
0.9461784677819929
0.9686927026934512
0.9397116963579035
0.955880013506074
0.9704571512942862
0.9532431820607332
0.9697531574072793
0.9454734583074947
0.9681872682489843
0.9442916529719664
0.9452030331983221
0.9312702824273165
0.9594063385907483
0.9534499530318363
0.9435477309124494
0.9622586035213175
0.9613898648535866
0.9533727587528238
0.9340136300615062
0.9853948248790837
0.9494666150093629
0.9401036999284677
0.9512971610331785
0.9461855009997211
0.9676858794569324
0.9555433823962224
0.9533207621296172
0.9646973601438665
0.9449435672647988
0.9558232750806342
0.965378353818584
0.9288077426760358
0.8971540613906389
0.9297347791098487
0.9527876753995715
0.9492850619082179
0.9758870268914758
0.9385357122786866
0.9660870767715976
0.9749293077570729
0.9389727266801156
0.9231539805246523
0.9335546588069602
0.9686863449791411
0.9487551592961782
0.9240747459984263
0.9512576297055956
0.9352838084848218
0.9557309972386191
0.9559854334371787
0.9002782144843139
0.9718019335494369
0.9467471499519553
0.9551553065687174
0.9536140386289225
0.9630241472543387
0.9429151673308166
0.9732219355195549
0.9510156959713374
0.9643922659053142
0.9704444606898339
0.9583569360128534
0.9735912086930131
0.9683873915517651
0.9458681876536952
0.9631276713080476
0.9641081594418406
0.9700911745854619
0.9491042477396755
0.9560855953543883
0.9628673015380252
0.9417211530197
0.9691580918346303
0.9493393903531043
0.9256153883394651
0.9448662752928825
0.9677923440101176
0.948945046558761
0.9368046320218184
0.9691741065511085
0.9319790465015975
0.9517208126749729
0.9441829236023104
0.9381311644420888
0.9590674928103718
0.9632503487229175
0.9573715285716481
0.9273734471912871
0.977562982321324
0.9416152954689094
0.9807060127279259
0.9525658347041022
0.9389603525129147
0.9599978397266848
0.9337078106805237
0.9922259953247127
0.9593421571340593
0.9482843423123793
0.9362668699494692
0.9329710089881544
0.9443023944092389
0.9543242241596586
0.9690391306834296
0.9661760104983225
0.9417537372219458
0.9559556759095236
0.9326669951809067
0.9620557668956963
0.9518105025857619
0.9544537661877247
0.9651765106082526
0.9346983689406937
0.9512988751871985
0.9403369863174565
0.9480003449627253
0.9461100945265251
0.9332397013486181
0.9666982526439267
0.9403356010842753
0.9485219466748881
0.9572845498157075
0.9494838920384819
0.9632870781582218
0.9518066564663259
0.9283320316914585
0.946333454482794
0.9821855198462661
0.9710257294258493
0.9267242622081183
0.9447846372173471
0.9372068269014706
0.9453175243842511
0.9655228522992246
0.9586678548931317
0.9636953202188417
0.9140348322731235
0.9449855292523567
0.9599025434135869
0.9403621920417321
0.9497231159263481
0.9504284233566981
0.9779434239735586
0.9564966672688986
0.9497300524256759
0.9366834354414484
0.9283148319648258
0.9519574680426589
0.9455149117245041
0.955966980132762
0.9530283538678086
0.9556105426286885
0.9695412214823341
0.9597097462491148
0.9445351078009694
0.9675943289462074
0.9496160816594653
0.943971482166954
0.9369215791065059
0.9487274890854507
0.9509355843883904
0.964125058203692
0.9508459522047817
0.9520132466523461
0.9318070318578321
0.9321360422773208
0.9687527971998573
0.9482500166849428
0.9706210096115151
0.9425249461215585
0.9687992234634943
0.9749002285233943
0.9561659869040762
0.959607857793479
0.9403754925716918
0.935489116858188
0.9334382830932628
0.9387792348373761
0.9401550569376155
0.944029529509715
0.9440336367145215
0.9419430251094043
0.9568952512838471
0.9674580101594827
0.9384155773552102
0.9580153015772338
0.9714192204804449
0.9585324413269326
0.9496667158703914
0.9531109095050833
0.9616728189124265
0.95942720988868
0.9551734646004191
0.9587842779011089
0.9463477749946343
0.9564332421782954
0.967022097395186
0.9394475084572711
0.9476241357105855
0.9490541834059303
1.0
0.9485018609053405
0.9531721881966273
0.9564866474096224
0.9632679833521335
0.9433791804860808
0.9699205542134219
0.9580849106696188
0.9194880901065714
0.9609719179662278
0.9516701447304563
0.9680563100847804
0.9687341081423531
0.9374606118184095
0.9624855755532018
0.9402683082457366
0.9361977303094756
0.9543008812818179
0.9714215617650165
0.9313407773783767
0.9547713686657724
0.9584199848199532
0.9429719753220153
0.9600443884129071
0.960933789149207
0.924645477020282
0.959675815666048
0.9394816202177856
0.9564431501968433
0.9340746164153622
0.9616120486471789
0.9590693543218723
0.9622711430873578
0.9307334637340515
0.9606139793237027
0.9669738294010133
0.9473994344269152
0.9310561064451472
0.9681493061734727
0.9643406448384028
0.9519513254410036
0.9523826658389292
0.9052187413196912
0.9533068164190907
0.962148905666493
0.941203350023312
0.9374503093328028
0.9533915585493632
0.9498603105295222
0.9535006309832692
0.9540894091405231
0.982289677333475
0.917871133458451
0.9722113585794088
0.9239034927302424
0.9492326691191986
0.9586079712250027
0.9702806293647026
0.9541069821257788
0.9481394935866547
0.9563969268247242
0.9719742897100774
0.9592203873152177
0.9436039256220925
0.9643179573676222
0.9592585081566731
0.9607147059120561
0.9494259208660791
0.9573072742288933
0.9163451754562697
0.94207529057567
0.9636851501064937
0.9704496435092602
0.9668790830013122
0.9515728054217956
0.9505998525698544
0.9512095150101134
0.9624271690811431
0.9662226291858871
0.9550616390683019
0.9511060892530855
0.9755927449365834
0.9790589345586611
0.9561790187675857
0.9511148116527403
0.9474001932257057
0.9335865043739681
0.94238728302131
0.9633620024746196
0.9491650883026849
0.9607417143099892
0.9609459764699805
0.9647714681090136
0.93667727106979
0.9415524820528068
0.9560957481361816
0.941206181258036
0.933058909189013
0.9753548302052523
0.9524735599157663
0.9546740339536869
0.9554967862406197
0.9488150100741258
0.9387674422743167
0.9483182376708285
0.9409903966437051
0.9424751957041817
0.958133816303835
0.9447276711934864
0.9556608855624756
0.9596516745337521
0.93458060689649
0.926297585377676
0.9766759002150666
0.9566573641875177
0.9190353349374966
0.9581021863904895
0.941892669827308
0.9471860282793801
0.9299754904419368
0.9616073181741501
0.9740320218416945
0.9519330069297975
0.9718051880344404
0.9591262728834208
0.9706746897526791
0.9635793318973922
0.9455607892900257
0.9446392268776244
0.9578303176653352
0.9358818075851463
0.9540628431998265
0.9437835292028279
0.9614722346460812
0.9595655379467947
0.9411123000304825
0.943041610878193
0.9415612199509307
0.9763714278152718
0.9672417772157382
0.9413952274149805
0.9690480862421981
0.9428786133843016
0.9613100366304186
0.9447485616472736
0.9344028251520067
0.9640942873951843
0.9626309430810173
0.965145842925875
0.96695377719339
0.9542263191330488
0.9254769536523265
0.971449114904285
0.9621684204075281
0.9410452777585081
0.954754818992557
0.9661712331610754
0.9545641248866779
0.9394746139990524
0.966177920457323
0.9582324073782428
0.9603963827134168
0.9543080891493383
0.9572591021582001
0.9714778841959056
0.9477445462880923
0.9388931842613373
0.943942491313273
0.9714081022791221
0.9498861857204993
0.947189269112776
0.9352860732459636
0.9528122992369429
0.9435677346862841
0.9812594152340071
0.968378209322377
0.9289299647620864
0.941162104223308
0.955674167340958
0.9600618258902215
0.9538344161913602
0.9539616915551272
0.9667385839202751
0.9536255014711039
0.9672294402095258
0.9351337669788486
0.9875416937167661
0.9570647649776087
0.9567500563359658
0.9427966713447851
0.9264705768257907
0.943665960930817
0.9353274232614333
0.931944603049221
0.9414021923054804
0.957099191269958
0.9377751992995993
0.9422268246962434
0.9328905556397068
0.926774734959913
0.9456798472965463
0.9414728731321821
0.9436126037574506
0.9351406483057247
0.9214482187600059
0.9604488510282501
0.9715468940864023
0.9455935660604334
0.9652279582680952
0.9400207042933659
0.9559754696397531
0.9210288191353615
0.9681387691882574
0.9444574815081085
0.9784042426508806
0.9494124173305593
0.9631514148938501
0.9606753525677882
0.9493728950222909
0.9465182697385731
0.9652753648556064
0.9332187920974807
0.9449742916892357
0.9689702124112531
0.966919574911003
0.9460750232567068
0.9354837880020548
0.9667421780386274
0.9439342295776197
0.9607625988572261
0.9581273975187983
0.974061433619961
0.9421462244472875
0.9676993552273804
0.9714564878302187
0.9423061254417745
0.9806820580776616
0.9681759652907228
0.9532018211015235
0.9624082143327745
0.9536280471746541
0.961014977611218
0.9341722786166412
0.9248817933564307
0.9447224719518497
0.9591837337505013
0.96639646819193
0.939022602194178
0.969155650634735
0.9151642862954164
0.9588959832372806
0.9763449457561625
0.9389595700446162
0.9544536536047475
0.9581679908701609
0.9499421081179241
0.9357613432824826
0.9448144396828717
0.9333757172189749
0.9622074003429716
0.9511598107133953
0.9571822447738852
0.9412120205187219
0.9345295495971704
0.9424889006466134
0.9265582382714274
0.9531460685649434
0.9257244459724827
0.9572943986411975
0.9525358980748911
0.9773169731863353
0.9372264701711757
0.9502186746272313
0.9453226245107428
0.9662534972641748
0.9548951397320113
0.9323201660852696
0.9620232368911473
0.964944822664259
0.9357412616015617
0.9393149207628301
0.9671202808641685
0.943612071600607
0.9563483752002754
0.9455215325979508
0.9361722260465613
0.9648975868543721
0.9455242981343827
0.9475009805887221
0.9635988300722319
0.9631961666775808
0.9788327929335661
0.9558334183601703
0.9242680973983393
0.9686761146355795
0.974113109589569
0.9602624096936359
0.9655505025785033
0.963718229182342
0.9451388207925432
0.9650967133865522
0.9231439784099221
0.960599432827708
0.9646887217859587
0.9467896489409746
0.9562044095798483
0.9458751252547727
0.9568356986572117
0.9321188321516773
0.956309087344046
0.9532590261413785
0.9697579896239694
0.942361171137393
0.9464571850446414
0.9624368822160807
0.9359880564936759
0.9718347551063823
0.9680746958950975
0.9645021934006249
0.944624911635017
0.9621015814197722
0.9489425017505324
0.9307608984754284
0.9403673604809079
0.9658988396869678
0.9650112809324151
0.9648658910214588
0.9483680111162873
0.9507580668705105
0.9548692591679817
0.9432980088054115
0.948168686661533
0.9392835159983774
0.9589381083158021
0.9307856791558601
0.9513960623080608
0.9359654382972814
0.9455440496955009
0.9547510446380393
0.9577598379654446
0.9508721863936526
0.9452876772618994
0.9549586358524564
0.921420388832316
0.9448887388417482
0.9611455891317993
0.9591903455868988
0.9395761899933358
0.9575797958405611
0.9625826974159014
0.9638067266796384
0.9543444310717175
0.950692325082964
0.9289695910151403
0.9658824859842065
0.9770594231158147
0.9315076329316238
0.960479397730013
0.982676910389025
0.981198894550165
0.9665772579632873
0.9719360653557898
0.9381565630878071
0.9306203774804404
0.9430463486427251
0.9489391791902867
0.9345194901270474
0.9518016028963164
0.9526446414897226
0.9387783453819387
0.9317857633735432
0.9685515557786957
0.9485460534220119
0.9510728355265873
0.9325864321578761
0.9491153041777179
0.9799484888694072
0.9906839434720838
0.9424107825419398
0.9387976336891278
0.9320738258974038
0.9548075003101482
0.9452985342623599
0.9557618939969706
0.9682868469563687
0.9510000468655804
0.9497914433089834
0.9459568462073348
0.926717016253871
0.9596224668848041
0.9449630371000202
0.9443045157848305
0.9351747466322039
0.9588609800792314
0.9325239587015787
0.9527875439906932