-0.017963015197382054
0.006381048245556841
-0.004201068266460418
-0.00631412140921694
0.020642201536076633
0.04256585731050258
0.03200046963775228
-0.015980525953029026
0.010425030412095644
-0.005963606268636833
-0.005218888168060325
0.02448179854134778
-0.0011164759992690603
0.0011979603687625729
-0.03220532162987451
0.026166537133920736
-0.0012292366992545727
0.006727584834102072
0.002467594716747807
0.007772946228847512
-0.007154839460361726
0.028960709067622183
0.010729021573288302
-0.006972270292581336
-0.00040811930470192404
-0.022169139502871322
-0.025427691394259756
0.017246941588732054
-0.0028721233053220553
0.03656541010626357
-0.008469918139178535
0.028138285399611655
-0.017071703416501847
0.028607984134859432
0.014190043682346705
0.003569960813443453
0.015232001223032048
-0.012262724684770233
-0.001493605768635513
-0.008887935917028748
0.012192664342284483
0.006544819463027409
-0.012058284243468368
-0.0012415713962140031
-0.025632142692897226
0.03259618294713166
-0.006381083293366028
0.02915219186706031
-0.008938450356149921
-0.00047450241736790143
0.025022585220032395
-0.002093818747268535
0.021335560207451157
0.02872012898354358
0.01576282156389829
-0.005506702131914035
0.023362950029480987
0.03488727975150821
-0.06226414600438479
0.025982354477027233
-0.009081447944114867
0.006931386086251329
0.028500521325830846
0.021589438990912254
0.020593118120865322
-0.05104837188353046
0.029276357964168026
0.03224298888877024
0.02114328410090293
0.0099502203714854
-0.008086367579643088
0.027487482052951744
0.020990453243442512
0.011080516531904418
-0.014527613987787354
0.039016496562345036
0.010132938989604327
0.0016269028337092865
0.016128793504737997
-0.008551531410792729
-0.0035117403668830376
0.031532577599943566
0.04086878397495913
0.001473522378051683
0.004090259049362841
0.01971652761514944
0.022385133608005814
0.031167204696493426
0.011848319361159388
0.008324481586756043
-0.006911973366886995
0.01812995574858217
0.007881252955496814
-0.012232710570662822
0.03011801173794986
0.026915527571357043
0.016287637978296028
-0.0028598512182803158
0.0009007006181188873
-0.006545128376165766
0.018303754076697633
-0.0017677771502553792
0.03231129812535316
0.016786584222589458
0.008153721298518013
-0.0005572671873402581
0.06758056511192069
0.006766714475626388
-0.03253158353404845
-0.015617869623060245
0.020545788411350335
0.016092483326194416
0.014980402516331202
0.03621892654970814
0.01677153142131539
-0.02217782369481856
0.0030615810274546877
0.013711205302888885
0.013938487966618942
-0.01096430062509388
0.007403687901201457
0.03935465240147477
0.044946337870727555
0.031134440193952003
0.03515219442165694
0.009582578428013713
-0.0045631713270731025
0.0019683999601709996
0.057943394178064246
-0.014959428610476187
0.027109366455908706
-0.006020890912362226
0.016115769362380288
0.018421072122935044
0.031233566705921426
0.04552095876766453
0.0028160185189886233
-0.01014041023596613
-0.006076742717576877
0.03389914621951522
-0.004264961770315389
0.00716034445876077
0.0038188462928662906
0.0006823960980622021
-0.0035547864434318796
0.05291331420762388
0.01838477872384254
0.0062886449261962355
0.019369097596465323
0.019881204584633966
0.020940760485425466
-0.012522961304532391
-0.029820484010618764
0.05390903227344811
0.025560016014310318
-0.011633337266796112
0.01699649218093802
0.003941048401448793
0.012924218977701598
0.04312806392096782
0.014483772450352657
-0.004859672810264972
0.017123432941687732
-0.029638903385808983
-0.00024049399360096075
0.002341754492386177
0.011661240990371444
0.009529090132433702
0.01756744469354791
-0.014924999342822563
0.005075600195509364
0.014776788869835588
0.019885656240024724
0.038538522379137664
0.029106365568142566
0.019723255688078402
-0.020210950849746067
0.01986239664693495
0.029394454542071412
0.020555430753989683
-0.00242018156672407
0.031093818531625766
0.015405084598384142
0.01776550388167944
-0.00014653943142895279
-0.01644899143087075
-0.003046915099275449
0.029456379989600427
0.038902824295551676
0.021318143050573002
-0.0010274043963088353
0.04630302444172209
0.02506332838280645
-0.0026487578766167526
0.01108719833816596
0.04698786126819921
0.01160153181645089
0.04747455883582747
0.00833215095931125
-0.007806608738983028
0.003086756456084411
-0.0031306702711674686
0.006869104268307689
0.0028335103891948877
0.041397085039792655
0.04660869888416807
0.05452130879790607
0.0051321183374271225
0.05260601950173944
0.02979310016960176
0.005188785669263797
0.021381817118447836
0.004183636306279115
0.008701853731729464
-0.017220324694583688
-0.011050520006234493
0.01722979776778463
0.0026781088598770712
0.0058023767742909306
0.024880366660906
0.000638329422916384
0.040505785297803035
-0.0030743919460599484
0.022081974111009563
0.0226165173848148
0.02795360623724018
-0.0019788082487130344
0.01660323387105245
-0.013658404511019297
0.015804651039693317
0.057620437660305106
-0.00781625406462402
0.002545361275466378
0.012928956121996474
0.03858707917060256
0.014025237553376433
0.03307397307024613
0.004973783516068953
-0.035083143410062946
0.031054329723446288
-0.03391426350645447
0.003525787568614387
0.04167600947231127
-0.014041794266756141
0.010324055728705992
0.0068355619119541185
0.0323379446789556
0.03370665915964099
0.012355328507223094
0.036777286596219524
0.012720212580924197
0.03342094431812831
-0.02318203853954468
-0.009997847976921595
0.008111029156794767
0.00301559650321113
0.03645420778113605
0.0171695484653796
-0.015876724819309476
0.027096033334337615
0.036776454518266374
0.01630508667187559
0.016834347079772174
-0.006702923868727894
0.014402215537507522
-0.0013872178072265639
0.011191529488087309
-0.004554361431190903
-0.00021127187186487402
0.026742358125192628
-0.002922105683725339
0.03601755593194756
0.019567736892206693
-0.0017013311276812965
-0.006985182260238802
0.027778848919995963
0.0034985298398510366
0.00631788138844517
0.016777517544397068
0.002204161176159418
0.0024833984153050633
0.017024659169645413
0.0519510739492911
0.045761849653216405
0.018461795806663312
0.03584984524835134
0.024412746049497207
0.021049304465870847
0.00740513031456215
0.03899879971568576
0.02449704154956057
-0.00045217269146219667
0.02459466656960953
0.0012860477387295732
0.01372848261775107
-0.01801449158618631
0.01315515159327394
0.015447090098233971
-0.003830176374228791
-0.015672331865157582
0.05883214553708674
0.05157484985260236
-0.002584710344604141
0.014180478429597401
0.025386632789785205
0.010327811074006297
0.009422837290203942
-0.001446088704680689
0.01458900580185864
-0.021194023495493295
-0.019223669324768062
0.014093608597463735
-0.007017415539104072
0.027940537811368724
0.04159135594290767
0.03246800131064265
0.016575008601465213
0.009471771023502619
0.02057504150242954
0.021303886756870335
0.031175299388436134
0.006707185155628203
-0.00457174529051827
-0.0037201233022457277
0.011424218852592606
0.004158148836323931
0.031105468573153296
0.0191800248727864
0.044276486768446116
0.021253693681993424
-0.0033787928977710865
0.016476043507478663
0.08085060232266188
0.006112482648762678
0.027227739939883523
0.02949707042235867
0.0006483959641699186
0.03161619310790844
-0.009517005013015752
-0.012221793268064498
0.024077233485465567
0.05819699925262579
0.021023002656466668
0.05755561215635716
0.02728193720235259
0.0162308026970632
0.04345818440197596
0.030133858397799976
0.061366916147746496
0.007941195191654886
0.03108356464866927
0.04734728871749349
0.008517724045411044
0.021997677684704054
0.0662482578797142
0.006902503885147193
0.0013757672565145257
0.023406814399982052
0.005510331199744979
0.02521005047964622
-0.004370750263098405
-0.013145141036024051
0.011864746981433902
0.014643125141931132
0.010542540810444355
0.01300684800487549
0.05542044989892645
0.008424110630109054
0.04134734777998333
0.03654464123174085
0.008242136433791052
-0.007574174607914363
0.013138551935416045
0.057315219960213576
0.0073614928321902254
0.03123586712119357
0.03558376354484067
0.015907130063151458
0.024567309991243534
0.017645259222214205
-0.011492580808690677
0.035607373140544595
0.014718372259403797
0.03154928693455903
0.009880573080929555
-0.010286243218739664
0.022588625345377884
0.02789462764165628
0.02906236839219577
0.0076619723696728335
0.03196725262824643
0.03929749181365192
0.00886463843655304
0.03458656467241775
-0.011527436145573253
0.03680549045029851
0.01083753260137196
0.02360322612116008
0.043801156186507394
0.022845767051313512
0.03250554088342278
0.028970337813055604
0.024800846488289514
0.01982696707797604
-0.03529786878636396
0.009074180261871937
0.0035158672959646163
-0.007797191927187881
0.01700404662073472
0.025004097466400532
0.03955987857176568
0.006227067697277114
0.01162591078646558
0.033967690589901005
0.06398310127515641
0.059571371561461466
0.05122330908340858
0.03393593174689604
0.0032669020349688615
0.03867996017818849
0.014250572779132173
0.04067616670440544
0.01075905314735425
0.032549155442503
0.027910135145071645
0.010349664801679079
0.026004116106977792
0.04712403377220949
0.0005030821858104621
0.03877651012639456
0.019895753730217288
0.07738672465622075
0.0065047212947870825
0.0009872004690356633
0.03608114378243805
0.03806067040096955
-0.0021741295504806727
0.018631063661507127
0.005939493538277401
0.06382899640550188
0.016617610705205177
0.005405374965435369
0.05123925199198848
0.06328333257860305
0.001639969170775623
0.0383780694337834
0.009357574438745691
0.015449751718218949
-0.00741215853007009
0.04363133874588698
0.023331799550074996
0.03241030970275365
0.02270330026250817
0.007435796193430889
0.06594728249325409
-0.001012281240395397
-0.002550041675126017
0.043839717665141
0.03770539791948157
0.027256921653058666
0.04252960984963223
0.042648124737725855
0.023921279526285748
0.05442008841959882
0.030043485775374173
0.0010417462246066374
0.014410985681426604
0.042930011763897304
0.01979186102419388
0.021567751634227538
0.060657459192220424
0.01963345243876174
0.025494598326887517
0.04729110436775826
0.03163412019531853
0.0570337787611722
0.0027002364956082913
0.04855453093311225
0.006729429476366823
0.05883279649261687
0.030931543957162584
0.03746555652245905
0.06640243739957717
0.024166905540420003
0.016325651478014014
0.030507886612890805
0.04853115844331715
0.01859106094130852
0.014143808458523551
0.015861609118668525
0.010542976625792554
0.020890552741443698
0.05426857825787724
0.05922221624033629
0.030066573149555163
0.015243834332390462
0.022754244358010434
0.01719256524083686
0.07328637786795998
0.014188645445241331
0.006055181236957051
0.0008910021793726706
0.05805226802439965
0.007830291180933426
0.035138959836220666
0.023390602669784256
0.020406595687311454
0.04624889207369735
0.018501606239451088
0.04245664148542025
0.03798466214577489
0.029852072941897487
0.03319463254191536
0.049764796476770325
0.05805094007454358
0.05617122785350734
0.03446658564120311
0.05374720876143866
0.03565135842268079
0.014922723568039406
0.029509184563288174
0.003779662829852257
0.04261067474655066
0.008631630369083501
0.05268540713377043
0.04944246349447324
0.02982297115827663
0.010276379123161834
0.027540227503942763
0.02813069468002237
0.02018067261550695
0.03276232911287372
0.025683539793789442
0.0048887945553483915
0.05846687418947214
0.017783172111725587
0.03831967372481847
0.01675737558216235
0.02332585652054431
0.017203822369035563
0.021857457037859178
0.050831660215191476
0.01862047759184894
0.06372487116666675
0.03669444371274813
0.04331057596608308
0.03840298355974981
0.046294013823316764
0.03540122009618201
0.029782133773854004
0.01856070430881585
0.06976423410842174
0.018402946424586872
0.012572629127945694
0.03248817761729442
0.01983175074760688
0.03861461899989431
0.02450320429157704
0.03468162493234753
0.042168048402568555
0.03297948697299525
0.06017311620770619
-0.012988611616262994
0.07512105699414516
0.016336999679933656
0.011228733695032932
0.024106972506248523
0.032158699398008465
0.03316445188380689
0.06083835304349739
0.043184455722511894
0.03501906768590156
0.0468336237877552
0.04189182002576687
0.03361281615751161
0.05644269171300081
0.01717016801661021
0.0619733135608087
0.05910094733795573
0.01963480967334209
0.05266755584269275
0.02260753585399254
0.04333377095451143
0.012793212476668595
0.02203500608356928
0.01708689732850901
0.02255815367130731
0.054993672665481955
0.02316978698565277
0.02245613335876274
0.008099260434411499
0.0242228462370845
0.03299886312590114
0.029477420078786603
0.04711098229724186
0.03580351620611321
0.04111564919764557
0.049715879599565665
0.03625726423247122
0.04996493876799985
0.06430650344350583
0.040117966988523004
0.04366978516871421
0.049919932128556645
0.028360774449464443
0.036823669670716624
0.03680177191832406
0.03570588870386058
0.03578204726523741
0.010247090170390641
0.04546134739474661
0.04774956068899796
0.03882718646357483
0.013888909822594456
0.08546113255423685
0.06900567764909547
0.06663591304371314
0.000353989645594421
0.06438156136881562
0.04097069560463081
0.03625023631773388
0.043553805556094984
0.03273929735250206
0.023331575559845028
0.03346342297760047
0.008855506163350334
0.06410706453067715
0.052086977575702194
0.030153627097174274
0.05050477167446724
0.03434540957832809
0.0038145963176625464
0.014024508271312904
0.0864465130167616
0.0243286693661375
0.043103810763401675
0.06536306797126576
0.02906164497589291
0.01948168600327404
0.04641652442026527
0.07596307301212814
0.020343551458021105
0.05421432558076943
0.01694325296118685
0.04272809266276358
0.030531119952532836
0.06282803192760342
0.018751453175783278
0.04409793568567351
0.019972527471045064
0.0697957456003792
0.03634541130646449
0.024543599151733746
0.045139352862081025
0.025449049254925755
0.035604329136626124
0.05690418808527331
0.036365725988323605
0.040412017102500884
0.03678947985539199
0.032017464106107424
0.0815864351523853
0.04325451929255217
0.03727756604164226
-0.002484022128209365
0.0502085517806789
0.052110918581560375
0.0772217857515576
0.06994563266771915
0.06569702333612186
0.021701196304706252
0.037274130227821105
0.0413139696348148
0.05771193783041451
0.05855946101607825
0.030026269507633537
0.03284591462189332
0.0634827092716637
0.030955784213770907
0.07072898269028491
0.04075140407364397
0.029605777530708945
0.08131432771819039
0.02473918041006391
0.08563034082744092
0.051796007252275844
0.07642089403040142
0.045505139154795454
0.062427403951395455
0.11660487760005038
0.054006548469519196
0.06517861623015186
0.04377881113895282
0.04935231873432606
0.047418867287226385
0.08829577562789176
0.04273974521282306
0.06162320019145008
0.04171881915205832
0.042507841909634754
0.024505906215354027
0.08164885853789847
0.05379888053125686
0.04945700950770101
0.05373614932854783
0.05248565334125649
0.04430305418617674
0.04507479673093737
0.029343126231917687
0.03444796305132058
0.006841824987712612
0.03821808264269221
0.060548615983142554
0.04882397582278278
0.0738392682678185
0.06252002386928054
0.007432538523558881
0.029159466812587864
0.04776575810619705
0.0518498693383166
0.05118673724509444
0.032859832883565115
0.044897979149137686
0.031966496373253564
0.03402891554772876
0.04614640375356116
-0.004748957224798791
0.02829163122317772
0.044503623641835625
0.066317257074618
0.0581311627024205
0.042795787772718384
0.05203663791189827
0.07859512208904078
0.07835059768660423
0.06071721657764937
0.07532224123912465
0.06751426861787373
0.03304328967797894
0.08815038964171343
0.039100653496844044
0.07242613530718535
0.003897639878418277
0.04341459394079655
0.027656175658089557
0.06811904592749103
0.10212307653705914
0.06998217927036711
0.05170462501399626
0.04221887141933474
0.03664384747815746
0.05454036712454251
0.006654702796283971
0.09264424867985856
0.04691564955982409
0.05278244056511517
0.016569769116933687
0.04397573403157797
0.0812042288223882
0.05280459302207096
0.06217960498440731
0.06701342364898652
0.07115592026730438
0.059751958173331766
0.055497622442587116
0.0507385505625067
0.07354363584189322
0.06690579331486521
0.04924764022417372
0.07704594039999621
0.06550963487697332
0.08747469891280509
0.03306758045260634
0.07167458547239214
0.1080021571130686
0.014736216125317687
0.05377205630351778
0.10911913217603082
0.06344339608619455
0.06394236753371112
0.02132341694779641
0.03146308159081533
0.04571875024739822
0.07282271176207378
0.04813334948370836
0.056296140011058766
0.08804426156594466
0.09956781938357585
0.06642794153597174
0.06840886772173975
0.05307407120733943
0.09728744605069062
0.03912318659102797
0.07147000541374868
0.07406232557148035
0.08006636555688043
0.040628874631499196
0.07624379063124127
0.06511483183666271
0.0597073098618992
0.07278796130499439
0.05442953462466616
0.034679349328562675
0.045082082306551065
0.05279795537411699
0.06164441924681415
0.050399508507371814
0.07028433189945968
0.03974441381612818
0.0591710541468671
0.06366363886084837
0.06009815172619454
0.0729055819282969
0.09023456427803463
0.06168036437904306
0.058989985143148696
0.09324919365488424
0.04221274913082037
0.07192552713516451
0.13786478706850863
0.09162053823756862
0.07266062221470043
0.08419570829457307
0.08099820687724375
0.08824615041999902
0.016303722923398743
0.07798672757268747
0.08020868621749369
0.09583217899516326
0.06635321023624406
0.07057724218432034
0.0661963818467484
0.025077729811822803
0.0604096241405137
0.051763327097143215
0.046833558151278876
0.07420723718533974
0.06528735940729849
0.07008054016135654
0.05411374126320576
0.057511204081736225
0.046824217889339
0.07684554305562255
0.0734789578124561
0.07702112399630251
0.08978716213513045
0.08116645433665046
0.04810200754235081
0.06033904258887548
0.05261025281272205
0.05174749676239863
0.055865991483285506
0.08141449322567602
0.0702287784165823
0.08360712603209822
0.03708548879964924
0.08903370242468682
0.11292296864746916
0.06120194049071955
0.0515583671140753
0.052208467659544316
0.035583937231062845
0.06395455928257007
0.06250537515798921
0.06118066432247939
0.11721866796560151
0.06479462732140796
0.07441401788452476
0.07310301675169956
0.0907665747360827
0.049969443439247085
0.10111961527078718
0.08590173976877569
0.0637904863084754
0.057524463951664793
0.0672876265583753
0.05528734094085823
0.09082501924325811
0.07763187430895249
0.10772616202838477
0.06500465938986894
0.0377683546603772
0.10012980121638428
0.06681788980655243
0.11569003916834292
0.07790503698333505
0.05050621578710118
0.08023782716093911
0.05342915220777537
0.050768276622006704
0.08387364804495127
0.10921073286091336
0.08658001087844033
0.08954184358470266
0.04884353723318199
0.02693240060338074
0.06957723070325682
0.07239934967416496
0.04490168400758697
0.08884722943947516
0.09397861751619398
0.09617833347975228
0.06942594603131881
0.09637103169999647
0.09422528936804951
0.08129649644409238
0.07867549305222545
0.06372975523335835
0.11178248796556593
0.09292486003972544
0.08879447864008627
0.06740626183428916
0.043910597632066305
0.08409219718631322
0.08602985856200603
0.07864568206396019
0.07663372326250117
0.0886649467641546
0.08266653076885819
0.07120999755364349
0.0729795309867485
0.08829847545717488
0.08192590784887348
0.07381746406557932
0.07067962620223335
0.10483490089542799
0.059242767340384264
0.09297784784133047
0.03150166399407431
0.07022748551056097
0.10091131930265919
0.06282588803750516
0.05144416598731204
0.07501542637273753
0.13133373038133264
0.04654552334539518
0.11280178886979238
0.08120227613276719
0.0963467732250325
0.048770675350863456
0.12455148524349849
0.09638293619295892
0.06973578269930747
0.06211921484648102
0.0965155691320345
0.0990978028250901
0.06125799768027188
0.11501470759254756
0.11909782414295775
0.10735472211064052
0.06683105243799908
0.07629657329153369
0.11047890155486843
0.07383418837476845
0.06813131213142985
0.0885713274327102
0.08197559114638006
0.09261906441573496
0.0872942344659113
0.04037183284379607
0.08885241535321438
0.10650276169694876
0.07808728766782747
0.11877147986073842
0.07168342685198317
0.05822535267696377
0.07168065464800634
0.09573775396610885
0.06856944789385748
0.13239958243617217
0.10048023348259494
0.08382519581312216
0.07494264442389188
0.10783302268326761
0.13348013500627032
0.12777162540738063
0.06840055042725907
0.07117802127392733
0.06138584264670895
0.09369405918611434
0.11289205562773769
0.1494165141725682
0.08188814858794217
0.09331081987381319
0.06592686053314312
0.12000128660191658
0.0825579973532896
0.0869208760465343
0.1214895648234506
0.10064460155282738
0.10758806283950975
0.0971065163812869
0.11475698179975347
0.10675223321671785
0.09222561365630641
0.11134846412799396
0.08852565124762941
0.082574227274617
0.09774150871697884
0.07665238887304214
0.10621513187122676
0.09992275658322738
0.10639325664884887
0.08219264360841155
0.11187960344126179
0.09109287252053759
0.1218973346902588
0.0941704972874947
0.118361197186609
0.09089406643421663
0.0857375405455209
0.1028862175655881
0.08743490146415303
0.1308908300708852
0.10366960025577727
0.09482364542561371
0.06376783875037154
0.09016557614622912
0.12185690647381554
0.10248325816001683
0.11326492349809442
0.1162041745036751
0.13312472864568034
0.08559677762520351
0.09154712424874614
0.0982600821890996
0.11090040003102607
0.11317513799106484
0.1108041514777544
0.11637038884764153
0.08654535209790147
0.09997877000917443
0.12449270756056996
0.13105765272590877
0.13052966004607108
0.11505272629103794
0.11524112086851285
0.10011971508222821
0.10902312197696734
0.08114085946855856
0.13578472227360702
0.1268577833959869
0.12108809384705702
0.10874837333486705
0.14233441705975372
0.10316991634772069
0.07698822364499691
0.1142380861546659
0.11968389750958001
0.12037931047124531
0.10143455614875427
0.10793589224262744
0.10423098466665132
0.11655309871935682
0.132035606592131
0.09687118157663638
0.10249091277472537
0.15914247154786132
0.10666201743089901
0.11162776980044556
0.13645867216901594
0.1292611089437861
0.12698694238494462
0.09507350289970662
0.09943326726817643
0.12948292672916337
0.09960486307645962
0.13956709921801272
0.14663368135927715
0.10427140162317478
0.11867075880765683
0.1394352334224289
0.11075691037778547
0.07719028555420247
0.11573414202992209
0.1316541481484698
0.12823026252303957
0.1533350794600851
0.1305070144668292
0.12183758259938259
0.12315216300308506
0.13893095725664076
0.09581485445292587
0.1336124374189887
0.15332863778424755
0.1082590736863176
0.10806296473235853
0.10476128186075782
0.16903468832811208
0.13236939610440257
0.12970630609649125
0.11750147448827389
0.12402111190157196
0.13629424027746473
0.10700436205835027
0.11967846279797552
0.13587448987853581
0.1277173898946351
0.12551315378989303
0.15405313236863258
0.12714155651905795
0.1429346401603546
0.1636668237393508
0.11635670981988823
0.14359441321074295
0.11690387237367834
0.14478566570018367
0.12224232506922186
0.11979253356257465
0.14739605966892927
0.12115023257319792
0.14552185340506282
0.12949202844960891
0.1070549452852943
0.10036451817112096
0.14672021710501693
0.13951562525390077
0.09985302229397754
0.14089197914099102
0.10297097705669966
0.11544026829564107
0.10112321499332821
0.12307506071191279
0.13204574694564344
0.12744141234869344
0.1420042109753721
0.11788202094837716
0.14473707526222987
0.12792658676925645
0.1454914791186003
0.14060351410767083
0.12465026296856024
0.11979255709573078
0.1634409050064247
0.12383548636709564
0.11398855156051281
0.1316126564008332
0.11239045267780513
0.13291340129503332
0.10790454919439611
0.16171859837835148
0.15897426185186184
0.1385732759731361
0.16713853133328213
0.1646393551787047
0.15898148527300998
0.177029821817575
0.15561226073324436
0.14696110211940086
0.159832049435799
0.14466063990495212
0.1482323722061119
0.1500372048249755
0.1518760154746583
0.1203432298654911
0.16528762707058992
0.201008210335671
0.15735902133576485
0.1459429627283622
0.13919194830643314
0.1417953127310853
0.1488198751692824
0.11970975223531075
0.1260663697787415
0.14637288601987933
0.12111168404634777
0.1674942787874055
0.15435507687507014
0.1346942702748411
0.15711604021215725
0.14255127687321176
0.15524627508232894
0.1530723869510607
0.16117306693998817
0.11454906285495955
0.1318467091184922
0.13900294562095342
0.1615960589015951
0.113966912925829
0.15122948052411223
0.155187631557421
0.17503475960238943
0.17744659819127936
0.15902886192860782
0.1523519677521021
0.10675521872646974
0.11090705205265482
0.1497974375860965
0.14825186320852943
0.10862296285614557
0.16568149233105633
0.1876117858578383
0.19086859566257294
0.1845554600246978
0.13992918664387724
0.10533484936188457
0.1447013931383065
0.18660807671998078
0.1596138382218672
0.16282388124915786
0.19967344554142388
0.182728729530582
0.14512978414337524
0.11719644050777647
0.1632709056944347
0.12852686797622
0.16198300858037298
0.13873554168040445
0.13724504722512035
0.17969175723012093
0.15933954297308894
0.17735222325475125
0.16697836586524537
0.16330902871280809
0.18191834876123622
0.14541120026720225
0.14095732297469485
0.15927116524269977
0.17047144728794328
0.13254532157828525
0.1697939955235155
0.1580235220224113
0.18790377374885261
0.1655661875457756
0.16204895631962085
0.12672903212074044
0.15669336053983773
0.1866186087248611
0.16159573132360236
0.20001296955701536
0.145045234096335
0.17773471479852437
0.1834413269789878
0.179111038006149
0.19945987233526546
0.1925364390474754
0.16320797318809394
0.16057221538327027
0.1713082332221321
0.18987363591792117
0.19047080190382504
0.16697894464013321
0.18276418377467002
0.23688376699940164
0.16643857998116857
0.1396028623579791
0.17208614685032125
0.16514747252028342
0.18100079618015635
0.15949601443831632
0.176986029704928
0.17204955223211743
0.21907987126804662
0.15410669609134336
0.17893552538689214
0.22136933885234786
0.1848431618057768
0.18056132509164527
0.1725297057707938
0.17293396057062208
0.171251540307415
0.22384854499916226
0.16831255967800302
0.18217144212863584
0.1634973315560795
0.20228647443898656
0.2017153246401259
0.17607770232223366
0.1877431246312538
0.197056978024295
0.18862296800298803
0.19116794010929744
0.1732922035145367
0.19330406744764855
0.14958612949215072
0.1772724650518004
0.23943515568322293
0.18319678048219995
0.236755026906686
0.18839824860933388
0.2048522359369986
0.18425220689501953
0.15524174665561338
0.15930627499229993
0.1941528356006759
0.1737011129087296
0.15792422249485275
0.21528609196867254
0.2280975887631903
0.1825026514336933
0.20050666190754926
0.18962971658482775
0.1910146610986393
0.14265116824265625
0.20608338894944234
0.20335630022486156
0.2045038399328205
0.183550378500413
0.23360859826002067
0.18157405116040168
0.2066726234161157
0.20104542538062217
0.18167934609738107
0.195778300482527
0.22280974737723036
0.1910887330857151
0.22146942773553038
0.2004631520656401
0.233669507555464
0.18011564659008533
0.2013756734494338
0.20078640742639953
0.2147578386275253
0.23253633488288095
0.2005983472675086
0.22031556982260048
0.19820764472372587
0.20672116397656695
0.21323950013436174
0.22014260822043155
0.21033616300734534
0.20723337917814277
0.20080072754667438
0.2854542547558596
0.21801429250332102
0.1984887817240355
0.2020503720862339
0.21089882137871266
0.20722151918080528
0.19122308942869534
0.22452897175859232
0.23336103272723274
0.1912857602272891
0.2173784661446839
0.21815825024738772
0.20067925318352337
0.21106922686044627
0.20210602960729507
0.2292166106541539
0.19345243988972546
0.2063557741123876
0.20285785875523102
0.198491197557375
0.21763881866425294
0.23340594239154014
0.2419982919147671
0.24858038309892624
0.18344798909768575
0.21551833436581344
0.23956266385475708
0.2068828176125111
0.24539471290151885
0.22052797866772308
0.2248422697163075
0.22353220452113587
0.22799678188774175
0.19801648973461677
0.22139699454088482
0.21313136114473927
0.2103401715427253
0.23618456756019646
0.22455678214204183
0.21080179332562934
0.20823934719540793
0.21843871372006377
0.18796429819189586
0.22115577160172967
0.24226761071815134
0.22648418802645084
0.251156158429676
0.2290151957494506
0.22056583618552678
0.2511673936781279
0.24515829416201104
0.24480423192529083
0.22784507498276935
0.2085584128151761
0.23498307308966218
0.21384038840998848
0.2384295889109099
0.23031749480854213
0.21122641382340315
0.1953278072314999
0.22813939113405296
0.2734296010616378
0.2785651224151605
0.23613177859144197
0.2252584837368315
0.23946709443585593
0.2644908769996126
0.2184720239832934
0.2253415728218583
0.24075850046665587
0.26842529447464797
0.22247032834171163
0.24123615016390001
0.2401829541379043
0.22416378273129295
0.2659877328244104
0.24557247769585777
0.23996337366212567
0.21875836405038526
0.2382212458843124
0.2462361225317625
0.29055751509371164
0.2494061591823959
0.24965845807701395
0.22566433919084472
0.26741945010446194
0.2652892518227448
0.22266440310642646
0.2501447563655805
0.27807680531612994
0.21215048233292072
0.2663764959340285
0.24393892605877637
0.26680771659593827
0.25071326073154293
0.23612848859175067
0.2400863909132746
0.21948864283358469
0.2691446394111869
0.268951963531
0.28192773929648085
0.2719949521739779
0.24318460215921212
0.27538606153415324
0.3010481503437442
0.2662157194654989
0.235691666734218
0.2210412447020229
0.2592244298854589
0.2436462440552756
0.2473245542153992
0.27877993741869284
0.2525265260148962
0.29539408657562444
0.2612784626288946
0.2589656963251856
0.230295783168567
0.28295780662764924
0.2578723540529735
0.27956648848464977
0.2861758684041481
0.27259474632913594
0.2410843411757547
0.2894617227478748
0.28319197707226446
0.2575844560523199
0.2754102202919535
0.27375154747726715
0.25634571449974275
0.25607514204768894
0.2744677477706319
0.3001085723919188
0.24389329097189055
0.2639416592199897
0.26899808349425564
0.28467402558497995
0.2658080676829419
0.28619434976166325
0.255983239515912
0.3164708532886454
0.2964954799355725
0.29600399413900524
0.2736782831449918
0.28422512584401316
0.27629973238783384
0.2965828088632205
0.2655956432557566
0.2820264149066868
0.29315772655472894
0.27902849963881876
0.2616061989419651
0.280776144254875
0.29676733549867895
0.33242998312297795
0.260901274904
0.2581701462782931
0.286259851108586
0.26226686817489525
0.28430138403141303
0.26774118506914807
0.2892324919848645
0.2964511098993906
0.28593773661080796
0.29003350751256657
0.27290875697480954
0.26889653696202254
0.25152754053003223
0.3060174157751519
0.28652384216741106
0.315642743624232
0.2926675802227422
0.2939805983612803
0.2904740813213488
0.2700736961269107
0.26079363284931034
0.258193374434048
0.260530784583408
0.3403673588859819
0.2571076947830537
0.3028925340335368
0.336056030158662
0.2768605047413098
0.31090480295721734
0.30957580678200475
0.2597813724877444
0.2963227837222881
0.29161305158282935
0.32637593411269056
0.27321147948797997
0.2936949001969308
0.3078191323510191
0.3277946071377688
0.2938771635891069
0.32894337164622284
0.34179957541168304
0.2741064814975074
0.26659483977407444
0.31052781815364855
0.2978067816751191
0.3348435854929767
0.29465151860696864
0.30043498948172576
0.320847270367618
0.35090812913713026
0.32479937778270757
0.3230710589565776
0.336869753867162
0.32253676554959154
0.3287669650862849
0.28822666794833113
0.34368901899976245
0.3336921900712099
0.3226949844321874
0.3137748422248175
0.3647000829447825
0.30911205680914544
0.3189757576423061
0.3308924613727991
0.32831635270341464
0.31271196689841263
0.33794799206821824
0.36311177535358047
0.33055886493614045
0.35740577733936824
0.32943881149078735
0.34318189890126183
0.3328817812361882
0.3322167626120117
0.32807895757747435
0.3444648084634906
0.37001033711660847
0.32963529910575856
0.32377210010892526
0.3089201228167505
0.34323805814611175
0.31571614531387504
0.3532615793747639
0.3335828311147321
0.32748376265292867
0.3311399376620937
0.3480826298704744
0.34614179905206
0.3451785245092842
0.3381305205626089
0.3350605017271283
0.35560759974744094
0.35347794312391634
0.3206895998418583
0.32868991359375543
0.3311164740698178
0.3182023573674067
0.3656733462245268
0.3355913425368311
0.32923031353289345
0.3143098754842546
0.3437954432866898
0.35780434153235313
0.3596980782812284
0.37029304043937866
0.3707335504011468
0.36011837299310734
0.36893214073395186
0.3418074714576225
0.35356163248700606
0.38310610335127604
0.322796624053009
0.31875557490982787
0.37515284113258773
0.37878015825884087
0.33779197793513405
0.322484412207601
0.38670139616674176
0.34091386566312876
0.3496806516199815
0.3049592448155628
0.40740419837292124
0.3481987988948047
0.3495929066996615
0.34355151359592523
0.3799086089523005
0.36778174437939304
0.3392729898926169
0.3640098547799737
0.381538205504602
0.3729372002195228
0.3785861921211973
0.3670141664051791
0.36215738404737974
0.39059796255841434
0.3189766614503098
0.3748147657586559
0.3777418053459249
0.3471030784857943
0.37021419900576147
0.3668943071815137
0.3715660048575674
0.3638410199463431
0.38663949062646985
0.3406586745502689
0.36446290506182955
0.3895654872193643
0.401347318290463
0.3957126978134765
0.375872167613297
0.3852689186979185
0.3650744407855598
0.3588383583031161
0.37854002823085203
0.3601553463546559
0.37723097920381776
0.3887413784441904
0.3579571359144458
0.38542699204285397
0.4172630639668443
0.380891045210538
0.37032919836768735
0.4003947947303942
0.38990917524740015
0.3869421358793468
0.38720125237905195
0.39677154462364633
0.3892598519846268
0.3674210452395212
0.40003557695780817
0.40510694125052743
0.402898933485091
0.37645511019033906
0.3677124795228429
0.40933207239451386
0.4168035504186542
0.3717238340795791
0.3514513035868271
0.39450713570705664
0.3953456564570457
0.3735566099828996
0.3874059012283437
0.36803953608125733
0.39966086526691463
0.4001105248238593
0.43313132912431357
0.4239011995225843
0.39502401495789613
0.3942818260462636
0.3979811401951657
0.39497403442565154
0.41632499164910086
0.40876437602117055
0.4275006064557492
0.43288641311975207
0.4176409307073953
0.3988965472850454
0.46580488469168113
0.38428642964106335
0.3951347509563399
0.4032248765486303
0.4237355831672181
0.4198868833490864
0.3727569478499005
0.44373938722812584
0.3975552723274192
0.38735098671552687
0.4235043544025506
0.4188591192809731
0.4174182072717286
0.41861150852767265
0.4336742063069551
0.46689006942964695
0.4389279099909899
0.4007908552930273
0.4460677773285581
0.4247560213202112
0.4209760098118394
0.39628266078508184
0.41924292141308184
0.4462005342931135
0.4291964306329357
0.4493829445610041
0.4291809713648297
0.4374398933913984
0.42219669494214246
0.4514261030969275
0.46186871278871156
0.413200218760113
0.4291722354990884
0.4278895109437
0.41129517602612675
0.4626027739965769
0.44345827902625634
0.4246530243119265
0.47134675296841966
0.4466898773958936
0.41821890637297066
0.4314383237235235
0.44368626913947934
0.41848558412463666
0.4283103241229873
0.423241416655794
0.45383345001626546
0.44680312422689505
0.44771472520487066
0.42646443956839963
0.47069037536612385
0.4649566282026004
0.4663187848053619
0.4365566225510225
0.44155905525063044
0.4555532355148027
0.4305571252517624
0.4704159897987172
0.47785579226938024
0.4546141969648931
0.48941974811366956
0.4581068291053162
0.471692040638648
0.45582248574708123
0.46527523252119807
0.4885478026302809
0.4556529157656159
0.44995524300406864
0.4646490851580338
0.44475112668571515
0.47642705347385067
0.4661916877381675
0.46151993059401625
0.46948286245054394
0.4828384691700181
0.49427306895790096
0.4485082676226123
0.469214973176451
0.43757859476670014
0.5063134049495389
0.4847625318551934
0.48032059137571365
0.44592914722674415
0.488777319281673
0.48039044273146697
0.4515509876382057
0.49696143006707605
0.48939519341806265
0.47088269621998924
0.4749777061857382
0.44941871540492107
0.47395286096245254
0.5009660230176011
0.47522867145162334
0.49960179031881785
0.508023024801096
0.49221074112062635
0.48204744172748865
0.45785449091364805
0.5077928327197295
0.45951011059385416
0.4846985412693829
0.4713322637759524
0.4997880498965684
0.47171415386702903
0.48953112371247404
0.4816166574921169
0.501361531362301
0.4897258431274008
0.49815368667823484
0.5192430185045871
0.4588838985535117
0.4754067368738877
0.47299183528931427
0.516390520982435
0.4839177964996038
0.5487116578267415
0.4800749125121277
0.4878106484748302
0.4530884571690216
0.4681282815229321
0.5005321348023106
0.5060025433490718
0.4686649161948401
0.5107069064537477
0.5164976729817371
0.5187647286387358
0.520693866744422
0.5099762441944522
0.4942537209433589
0.5278799457151387
0.5072679790609224
0.5069646325469991
0.5461560529855556
0.5169360072381876
0.49218459675884757
0.5156130636676011
0.48981704051214514
0.5288090337403175
0.49537467581482286
0.5194863919570567
0.5092166504049472
0.5245742132352029
0.5310944948771844
0.5440822673407991
0.48974403745074674
0.567239448913186
0.5249581367321999
0.5133194704414337
0.5442608318159305
0.5049830306472011
0.5313370670270391
0.5526044840672053
0.5179329466040987
0.538125778974539
0.5228480698232555
0.5236568694169144
0.5308878346266357
0.5379808750543058
0.5168901640852227
0.5342546174753832
0.5455265949871693
0.5432454465647882
0.5249581281991409
0.5374573956779443
0.4964027607674567
0.5233684222323624
0.5761509038767497
0.5357374800597389
0.5370184870325526
0.5518834617594415
0.5144827507927707
0.536147046946584
0.580819834113166
0.5439807861201638
0.5150000234589491
0.5581463987469617
0.5437862988979366
0.5446729305615747
0.5599341993747647
0.5251700018027663
0.5646921158558094
0.5380112080375214
0.5319478334381817
0.5671323586132045
0.5607127728300568
0.5580170780534383
0.524406081705094
0.5312403560546892
0.5666405530959755
0.5432223043858657
0.5524865038815425
0.5599790336372471
0.5572609022773519
0.5469611575650195
0.5381220689367041
0.5107796040861361
0.5739527393958737
0.5875964839210049
0.5859015705966322
0.5354883500018409
0.5704145697305718
0.5903623006927223
0.5590881839712177
0.579101912022079
0.5996800426485545
0.5867310595962042
0.5542017098682562
0.6144664655640523
0.5823112821829587
0.5715463712412577
0.5909327258590581
0.5619681088095709
0.5753572562376474
0.5683610516739909
0.5726509470783486
0.5933194784384405
0.5866843793578693
0.5684232997872025
0.5665536870764319
0.5940043382087703
0.573143829176998
0.5697155667658854
0.578976268063228
0.5503417943976668
0.5624796173495668
0.5751340160157872
0.533003903723019
0.6189464802887348
0.5703144595351066
0.588093351881505
0.6091397733496329
0.6231316061320645
0.5830399621792468
0.6469449436832275
0.6038305230217428
0.5807826297514531
0.6030051934981281
0.6082262445337131
0.6192934441836578
0.5881489034370843
0.575201991092665
0.5730880946914817
0.5759988179818595
0.5739788241166933
0.6278133682941485
0.6126941583504558
0.6445728943481426
0.6111081440362278
0.6078808255278356
0.6331289645867593
0.6054900125558226
0.6306556780158213
0.6106652398023955
0.6039694192911587
0.6065063509627188
0.5858992515897546
0.6137523553039959
0.6249485548626684
0.5814967176524569
0.6382876164529743
0.663396460341603
0.6164880092719521
0.6401941877218615
0.6018301521903309
0.6113392665425481
0.6158254718594163
0.608418059599104
0.6681835266034916
0.6086828119640747
0.6137894288817215
0.6380867488957757
0.6283651813557588
0.6001589541554401
0.6020118358445203
0.6185042263672856
0.6477204585757086
0.6515088576313203
0.6494306540396934
0.6443060313399256
0.6238761355230831
0.6246131824055662
0.6070099384542197
0.6184699693037181
0.6152856455082565
0.6306618000519364
0.6350073147599697
0.6461386611043268
0.6490238918847319
0.6071663498026656
0.6329194962992541
0.6664852101539223
0.6651832827279457
0.6542018350383122
0.6654478746290213
0.6463566413550078
0.6617457134522542
0.6319796650775912
0.6559830798126943
0.6488504882165589
0.6458182444860233
0.6403640044709672
0.64129836177048
0.6431727944175314
0.6189590546225534
0.6344771745524157
0.6428594974616985
0.642773115303068
0.6383047512767168
0.633964675856196
0.6590845237448406
0.6720447533617385
0.6635447600606879
0.6876610616030493
0.6823195620266123
0.6419928226451527
0.6715083135689252
0.6530667188977393
0.6823743568227806
0.6844765750219454
0.6705748041723782
0.7090982912731243
0.6725972755283799
0.6618229251788217
0.6950158874573078
0.6617370396464165
0.6914570215856147
0.6730065927766276
0.6902292694399007
0.6858188936241945
0.6886137535605866
0.6525348289598328
0.6752445978593262
0.7119033631942907
0.6878091905384086
0.6585287098955978
0.6797331447135313
0.6671159766522534
0.6888720079954282
0.7003997156171906
0.6670204878709867
0.6474719617871992
0.6791056792546066
0.669265935299684
0.7157401176587148
0.6236407581809594
0.7093895545264475
0.7007260066424368
0.66773809699409
0.6939576773546736
0.6827895860467547
0.7126907896464781
0.6838089842153412
0.701610081324046
0.6913244796866576
0.6717961930538662
0.6826283463056758
0.6950234992731694
0.6781198775433845
0.6691754895738189
0.6824957493481069
0.7235306681192957
0.6882961052121389
0.7174184889512432
0.7166570358246784
0.7204506881592825
0.6772042946204813
0.7039188851282138
0.7306732786114826
0.717646227206576
0.7375830672851742
0.723196824016062
0.7163064827676083
0.696446707598766
0.7229972265257694
0.7185344922165952
0.7202580052605208
0.7259046667729048
0.7112073565639575
0.7213453782540158
0.7167512972972019
0.717304209519252
0.718717152929625
0.7426824127479721
0.7345615221745633
0.7147763387886144
0.7577409548167607
0.7071178324446242
0.7224261009527289
0.711778142517575
0.7206038781735136
0.7534190107973631
0.7474034230807454
0.6997899210943141
0.712653826044302
0.7341941682556582
0.7347680772855053
0.7527662476839133
0.7388408254101781
0.7391999115783061
0.7216039163620336
0.7476815115563286
0.7396140053504486
0.7553975257798806
0.7344098033609711
0.7577669966656848
0.7325160901561498
0.7424537657816489
0.739241758945262
0.7740967568868223
0.7646214074860804
0.7104056201699213
0.7661374354222256
0.7616969966538762
0.778944501984744
0.7491780584072918
0.784493277595116
0.7461719071803354
0.7243479820007573
0.7277357179553791
0.7317814090436917
0.7412796884641393
0.7295964158947448
0.7185971315645235
0.7828183632614705
0.7637413753795557
0.7504364215933563
0.7123882930006646
0.7598732630003399
0.7336378776020798
0.7616156309592551
0.7508008058175267
0.7343360706085513
0.7372308764105601
0.7260108633262743
0.7468186316007149
0.7165712857908895
0.772810218631515
0.7493034853236682
0.7525864367141901
0.7662380305113439
0.7665727387903264
0.7558564797188877
0.765104357868985
0.7550515498697649
0.7681465423308713
0.7635782423740797
0.768133165177233
0.7669027742596785
0.7378980214430193
0.7639289759397362
0.7631486151209933
0.7740331225281382
0.7642290892766127
0.77162738952985
0.7854617266855711
0.7502277137383887
0.7612983990851554
0.7900987764213434
0.7800071113556512
0.7861531216795068
0.7890482637350422
0.7704140128177184
0.7613382671513553
0.7689902537848523
0.772144665001828
0.7957625384202496
0.8263240265859431
0.7634500558281775
0.7864664647420193
0.7467264210287244
0.7814803271139064
0.7910632201004526
0.7533491925357549
0.8170703214981834
0.7840693705779288
0.7885211837995519
0.8214329909679065
0.7951852712707006
0.8118198335223229
0.7961476837946303
0.7918935171266132
0.774372890240727
0.8216441454557971
0.7818915048877763
0.7856320995046351
0.7883631517247877
0.7648455626161166
0.803379950689589
0.7934352093315596
0.799630786223551
0.7950124371357259
0.8259516961608724
0.8006948910171734
0.7957402158143084
0.8127077993537578
0.8134727874301881
0.8350073243044136
0.8372669388160024
0.8114910335850534
0.7975558606998268
0.8146507465730002
0.8070235680588767
0.8304065137447448
0.8334379132043267
0.8583077450638995
0.8407677926457192
0.79181052352283
0.8262934249638592
0.8347407073390056
0.8461481323766441
0.8325971214575485
0.8209726386538985
0.8564609888268458
0.8169843134129209
0.7912291648370048
0.8201563598332664
0.8167064368833568
0.8073477507513475
0.8328934049969182
0.8356098169339276
0.8302641136313615
0.8329091200268162
0.8575657811759402
0.8159338903336788
0.8556207993486223
0.8056904383424833
0.8296991727514653
0.8370929822390213
0.8189017109956774
0.8016407252322721
0.8074253818248824
0.8264139122411859
0.821707809133809
0.8479354907316108
0.8496908245565699
0.8757576171970856
0.8601361448791696
0.8241272391495643
0.829714104738519
0.8318340282284274
0.8302687873732022
0.8356924754683379
0.843953130190434
0.8429422877149277
0.8077719910291993
0.8314308251910117
0.855049822368313
0.8464442275719481
0.8558939848420892
0.8354734236609065
0.8384871092295708
0.8442802773097018
0.8345328340223417
0.8718945069682665
0.8668108129863544
0.86093687061387
0.849202659619873
0.855037884365984
0.8306019933977076
0.8689563744694734
0.8529991105073512
0.8308216446013668
0.8661827229055187
0.8605332006858389
0.8825727550914633
0.8766541870874834
0.8477936127055937
0.8558976711040095
0.8411708129194329
0.8543554264416363
0.8319391701435664
0.8396746652610249
0.874291897850948
0.8464336706652206
0.8519065887979655
0.893149693902778
0.8831844129228442
0.9193348884958589
0.891437152008381
0.8877656248121607
0.8554207610836023
0.887201996114073
0.8657055578430894
0.8758442874240823
0.8934398216474921
0.879847171195472
0.8670125097053959
0.9012059864566786
0.8846368326330545
0.8802118812401184
0.8589250100881692
0.8424109219559408
0.9047796351879227
0.8765697050664468
0.923769352532502
0.8710275286362426
0.9366235179552268
0.8938460751648878
0.8877044262553299
0.8827520031424022
0.8986726515824867
0.909965724434991
0.9089147159732974
0.879122398563732
0.9270440356822233
0.9118644372971335
0.8804814999573976
0.8923175417362186
0.896357818626708
0.8802878532609519
0.9074199714750408
0.9026256786752103
0.8846303990300055
0.8742853780613439
0.8941375365611881
0.9179446608576027
0.894638678642722
0.8990155206077884
0.929991011544477
0.9109061163752219
0.9293289360792413
0.9273052684403306
0.8841169117256696
0.9001977616767478
0.898649692032869
0.9491733160384753
0.9196281364784863
0.9115160954478885
0.9143113349704995
0.9003525050030865
0.9521253434113478
0.8896909442479496
0.9031897260635693
0.8961148619423156
0.9177011787206522
0.9114242520469966
0.9621984814319746
0.9273665919337747
0.9237516384945956
0.9298801391919524
0.9167189228330054
0.9074765064367706
0.9321460602777206
0.9199789406162658
0.93181542333143
0.958391669436593
0.8887156584114202
0.8940087338992844
0.885145396596538
0.8837709652175645
0.9159882391115121
0.9166781769707464
0.9175881593339263
0.9521385815433586
0.9371235342388937
0.9328368712130368
0.9228941039076664
0.9379910494278906
0.9342538982781862
0.9399177608017895
0.9180903850129749
0.9509730977223807
0.9102482948033079
0.9186892975957723
0.9575416371316221
0.9467738565365635
0.9430154427027153
0.9572395652014333
0.9311706611297426
0.9723254098323387
0.9617168031748647
0.896502959585444
0.9123778031426757
0.9239893547267423
0.9347627990930311
0.9176184478892637
0.9630440473715106
0.9359214878116018
0.949289969220172
0.9453630321837262
0.9135225855442748
0.918345766178119
0.9339730983824475
0.9769944880831793
0.937147511708652
0.9513642536155826
0.9511016669512614
0.9676562765299194
0.9613456405760517
0.9435818735980952
0.9471347938694646
0.9253973002453532
0.972508983533336
0.9506330778358582
0.9691275110107608
0.9449574033967739
0.9838425391901963
0.9676376138826713
0.9510096367861934
0.9371957491581292
0.9849762689201617
0.9632709450565148
0.9735326158434219
0.9568448134808029
0.9603134534270924
0.9457335241543806
0.9846492683232028
0.9541950160896737
0.9620389187639866
1.0084416279476713
0.9804238501548409
0.9775107055789546
0.973896905067748
0.9733876529460527
0.9588999468680391
0.9577052614166488
0.9650049103572867
0.9515084990893798
0.9632344986795744
0.9523834224774513
0.9616051563433688
0.9947374912207617
0.981990962536617
0.9972960092175852
0.9549666612306551
0.9999739261766863
0.9528356100867629
0.9749185975996999
0.974159787242718
0.9821736682248605
0.9542821047529508
0.9658198714656188
0.9668630803448535
1.0002793154763359
0.9996299714730925
1.0042291539143338
0.9935497462619594
0.973272406763973
0.9397049032237093
0.9920746565612077
1.0108918938453715
0.9963288532498694
0.9712595855718431
0.9685135566705921
0.9629341387761609
0.9804583867077474
0.9781980216860463
1.0014227915405725
0.995946845491655
1.013233992944828
0.9743896330762198
1.0136897202989053
0.9723594324309205
1.0072199351457314
0.993941693665524
0.9985954988298906
1.0121559110850067
1.0107937464421652
0.9785369732005335
0.9879603625133858
0.9592951832973584
1.0092976559882827
0.9628209893546852
1.016539316766548
0.9710646098250867
1.0127237398030045
1.0107023757635547
1.004127391245145
1.0241448499539358
1.010472529675209
0.9606534238485113
1.0203543043736791
1.018835862835479
1.0172692386635573
1.004189355230295
1.01672728448786
0.9703382537084475
0.9726727258658392
1.0089047421270372
1.0179394097501837
1.0064376619739606
1.0150765672761946
1.02682366035792
1.014767039838925
1.0011392296939818
1.0227299914993282
0.9796712776229165
0.9877757369718415
1.0176463495207668
1.0260916514061567
1.0115866045359796
0.995035857626138
1.019175811771338
1.0092241614073905
1.041091145344222
1.051143718510432
1.0200695653334795
1.012541107022577
1.0526056215073802
1.0270418028300154
1.0334684332393038
1.0439661563613323
1.004233410052857
1.010383660563618
1.0497767871519852
1.0208147370701346
1.0452462048765734
1.0226553903552293
1.0187221049442683
1.0378685515244246
1.066844968804593
1.0667397909338994
1.021430667773552
1.0101876502884903
1.0745319393669766
1.0360086613446127
1.0762378138664546
1.064026715287496
1.048228279186513
1.052907875962681
1.0233909403681913
1.0350325602852524
1.0242559608148072
1.0536120011869863
1.037394193336817
1.0553498394793548
1.0086357092618439
1.021170401049742
1.005835548059688
1.046950410081075
0.9985568969486499
1.0732574227507312
1.0535372413974609
1.0916421357506247
1.0750098933098189
1.0601395728667689
1.0179145252131059
1.0597815830093318
1.040273358802047
1.0408041630375675
1.04816820049827
1.0631288884626084
1.033079802040287
1.0499552406435995
1.0646830301387928
1.0251424730300918
1.0421904259987482
1.0725005790134996
1.064851820492623
1.0734382933520044
1.0524525011537638
1.0558011533121505
1.0731205506431394
1.0411470596987078
1.0391028328160044
1.0423959782194352
1.0836171430879105
1.064884332983795
1.0330951382836873
1.0602094025478852
1.0330042176045662
1.0824467208132131
1.0751283196020849
1.05290458364097
1.0549731394356043
1.0587661396367745
1.058699236295805
1.0310505729599333
1.0731959392769834
1.059569225946486
1.094391884825937
1.0617023040902716
1.0451773932021795
1.0493603505271087
1.0717737230414686
1.0639915822005466
1.0729815284360016
1.0525224374656272
1.0340042128814935
1.085025193365244
1.089183166783508
1.0640119184859522
1.0773647005456313
1.1114499104807327
1.0699286368997722
1.1097710423418967
1.0823366839757715
1.1056560636737898
1.0555323100135139
1.0936128590319556
1.0800768240123733
1.0949351551175868
1.0936420486919005
1.0694793951000656
1.0864077437830892
1.0566965662993861
1.0377308026831757
1.0588095303371463
1.0800801882297117
1.0763064832273386
1.0881550032284002
1.1154629607282114
1.0650731622163396
1.0418400764709164
1.0915811553215695
1.0814513227832627
1.0871293467502328
1.0722990395149898
1.1053330785776305
1.0665298408152386
1.0834834846337353
1.107068477407206
1.0882094423641886
1.0671896731302308
1.1066423851562392
1.097428009502768
1.0997927369072256
1.112557125144139
1.1004218982569893
1.0723623719054987
1.0444341524416352
1.0745264256226994
1.093822236352102
1.051597496030195
1.1118913464718085
1.117501928702303
1.1086070292762416
1.098867213605975
1.0962089537016497
1.1211918665347718
1.0872537793456913
1.106913910413994
1.100435304511027
1.1414212107639254
1.1066309356346071
1.0926359634403287
1.1000255276438582
1.1342657034807913
1.068182623297547
1.1172760741684937
1.0926848892002645
1.0925794691331854
1.134377070058236
1.0986067859247548
1.1098569383577848
1.1133345531015504
1.076884036666978
1.1350648848629277
1.098182275546598
1.1219662319029164
1.0789175903662123
1.1044219843424223
1.1166614344594905
1.075577507856534
1.1516737470130207
1.1084266361184334
1.1196716355261775
1.102816565948488
1.1111310447556433
1.1218474681151975
1.1204877306912377
1.1168802676742207
1.1018813950472588
1.1269196009853986
1.078069320922683
1.1671235831001183
1.0989734974952443
1.1139686628527434
1.0948897480911954
1.1122220263359253
1.1155988166474418
1.1214162412222095
1.0957825357400897
1.1010706417579954
1.1217220191269082
1.094765629204842
1.0994631469236051
1.1202199951812533
1.092786347702223
1.1406907437594438
1.1144932161147496
1.1294773595579621
1.1237829705114712
1.120781073960404
1.1158206165844435
1.1119473604109695
1.1454319137617124
1.105719570587757
1.1233397651890393
1.1225266797396884
1.1220400830703674
1.0998506414491975
1.1201830991024755
1.1137982669490127
1.1232057729266647
1.1391157160636611
1.1385351661677323
1.0912659994363794
1.1546275829751016
1.1561565373775784
1.1157218776201598
1.1490808029918786
1.1381824060284578
1.1151553487467387
1.1098977974312783
1.1110443024362182
1.1086330542658884
1.1670088600015665
1.1140770030182927
1.1262239944491503
1.15276503123432
1.1611350456061276
1.110593630950692
1.1233819345034946
1.1568777488113182
1.1152412242901752
1.1149450379425696
1.1485118370451524
1.1546453509499235
1.133968764532439
1.1274383615196155
1.1558080929952619
1.1308397295351396
1.106730995465537
1.1478127128541085
1.1458697934267
1.1722482491995674
1.1712985700868905
1.141298580834952
1.160566385536788
1.1406866868778704
1.1586740679495462
1.1327261647500713
1.1879950814307298
1.1085860312980849
1.1463428101949822
1.1444926060302234
1.1568142167421123
1.1705147948999708
1.143535884860197
1.1141390466518488
1.132979281676192
1.1430737446377965
1.1418623685850824
1.1425440481281635
1.1265175019409943
1.1545976586182665
1.1744141903074785
1.1550433956448245
1.156324987865025
1.13199710874725
1.1662457834597637
1.1973745907013178
1.1613890425279683
1.1492298591155816
1.1406859371458598
1.1841738413659069
1.139443954861877
1.1426842917347693
1.1622826693440522
1.1282957392199622
1.1648425763444363
1.1658537746760647
1.184590963541694
1.1429626468167278
1.139194873942426
1.1746365969078023
1.1398018445011115
1.1611899944605668
1.1692243114580558
1.1230940797891236
1.1544816328434406
1.18646131094124
1.1504446743021932
1.1487504381706284
1.1714433187240494
1.1507091119780823
1.1188826008987252
1.1377210117489625
1.1387778522572436
1.161560745174485
1.176167284534193
1.1500149664712624
1.136160201360011
1.149565813569661
1.1450795173219261
1.167712985354599
1.142576310488752
1.1679366095599115
1.1860425227820446
1.204183254999442
1.18085343261165
1.1318997990073465
1.171258748896786
1.178110238328348
1.152840899811773
1.1580711851837016
1.158947379038034
1.1591656916640436
1.1513807029527585
1.1690831141443168
1.1731186826428044
1.1707783179657305
1.1493994675218682
1.1719872221357008
1.1580582290490624
1.2027973830474399
1.15354845025402
1.171348668211115
1.1782184425374205
1.1532604702150433
1.1334382964947702
1.1598270933803132
1.1989626833079332
1.1753923833781077
1.1469157030110573
1.1784715974300164
1.1620977298282436
1.164704221598317
1.188718277358122
1.1713339043542288
1.1893693841238993
1.152311642740965
1.1832474858628925
1.1655043745176574
1.1709963485191506
1.2003022233988423
1.1769444226412182
1.1771665453405113
1.1681628165313895
1.1736825220692975
1.167174976674436
1.2131082797580435
1.1830163808700145
1.2005632164787154
1.1954505973437113
1.2063501335068856
1.195315673973588
1.2002138702282419
1.2055079010016576
1.2059048350081978
1.1530551412249768
1.17474701377826
1.1578773053059488
1.1734692546760714
1.156453541101918
1.1774830270764836
1.1786144949929926
1.1863126106623083
1.2139555877480541
1.1934005584151581
1.2031736547660707
1.2028058798837191
1.1511704618994416
1.2105474942341525
1.2176375005676265
1.1523243234313185
1.2084162819664233
1.1877107385462502
1.2227333478457092
1.1894909016081723
1.2246298862803733
1.1802449706966018
1.1594685920128234
1.1591640993762806
1.2087868269169892
1.1872667112744597
1.196645295473758
1.1924880725842433
1.1535336299750312
1.1691374336992673
1.204605629893042
1.207407648046257
1.1767966269534946
1.1469633673493813
1.1921257473667208
1.1790122045060123
1.2063019804785038
1.168015619826534
1.1877238622233142
1.1950359375364827
1.1477696673528692
1.2093830636768053
1.2022070024255884
1.2116311348194047
1.2005696449177672
1.1827323676608537
1.1957622273981003
1.2039273075029528
1.2296863811780026
1.2403770549901056
1.2198877198805234
1.2117328949312933
1.1967107860798234
1.2079798613742116
1.2115250073612611
1.2252192254566652
1.1810634607806965
1.199624345154435
1.1752562878904125
1.1987188896342122
1.1886442373316104
1.202066703132997
1.2110588726103386
1.2378274391920736
1.2113970683309259
1.2305413510443708
1.2145388767517242
1.2091855214557974
1.195216961293003
1.211086185019773
1.180571771964537
1.196484149626707
1.2042650327740723
1.196229105282319
1.2074471283305535
1.1884296624392903
1.1845701553232035
1.2139027597262924
1.2288216894506525
1.1974772258700206
1.2151864705331767
1.2112103327541806
1.2417795094419093
1.2085302775124451
1.2125400785205434
1.2235425016738692
1.214946663480386
1.231136505422114
1.1792478875796517
1.2259701171852089
1.210500670986773
1.1822600381998765
1.228361128798861
1.1880008321877575
1.1871698802687682
1.2144369856790513
1.2141839066801632
1.2226164197464198
1.2081194634217336
1.2139108302246804
1.2366436363825049
1.197483166291051
1.2291636162762105
1.2079420185102077
1.227303031790733
1.2227348616700588
1.221395196780568
1.2170727404481128
1.2195233972470403
1.193610846900707
1.2062806154870946
1.1900517699755058
1.2346630492847146
1.201369525658267
1.2378057552361186
1.210480252323886
1.226077042396801
1.2358594937630967
1.2439618678671442
1.219087112478998
1.225921068237819
1.2019605146350358
1.225337966658802
1.1978880342583744
1.194403838298929
1.2312321726355964
1.2653230105423223
1.2429950679927664
1.2173552288234066
1.2293864453892396
1.1929327264780965
1.2154593496925303
1.2167390497449817
1.240235292501317
1.2157465006808155
1.2001098830152481
1.2189538246838827
1.2099516661392642
1.2180250159446884
1.2049739975311244
1.1954973945004679
1.2048556380477866
1.2449688326729424
1.2418299307933947
1.2269281094760744
1.2245616043362273
1.2294417403800617
1.256460441745584
1.2481277593755413
1.1894698678391926
1.2547546412041475
1.1620898282911067
1.23978504988791
1.2306597025442927
1.2323899128642377
1.2160560073134667
1.222962685630395
1.230569629492143
1.1940689095707702
1.212810757915795
1.2586302612495717
1.257441158986381
1.2455098168306344
1.2209136950350383
1.255588553344325
1.215955777488092
1.21884516265932
1.216678269170607
1.2651285086666177
1.2290794635209077
1.2612224001637355
1.2273109530888127
1.2473150579910874
1.2371253123318582
1.2260350619240978
1.217143308126189
1.2493931510351672
1.238632340425926
1.1988599922745968
1.2227321315937636
1.2202962911559638
1.2294220900711896
1.1849276397043405
1.2297944987607785
1.2725665458845576
1.243850768641512
1.2193820410697314
1.251890169953724
1.2467526968380043
1.2218721892172233
1.2538544242220617
1.2439243716624242
1.2170950581122464
1.2423137806439912
1.2490786425486495
1.2422762318567244
1.240823460753172
1.228985559554554
1.2446632694765625
1.2401527453953909
1.2578673308493096
1.2165224182430123
1.2184954581480971
1.236813721351397
1.261610985683481
1.2173793210717412
1.219569477216719
1.2416133758375216
1.2217775219984734
1.2681936235771247
1.252147082019088
1.229828307250813
1.2301344188935686
1.253197373900988
1.2300974147151262
1.2531812817853683
1.2281400012174242
1.239819987461453
1.2251439704672251
1.2725367188128318
1.269681832879902
1.2163402965330856
1.226116226266375
1.2486402637245162
1.2295776337179953
1.2644354801203848
1.2444486463835454
1.2218879402872527
1.2500697720843885
1.248246247461393
1.247918535488277
1.2406940126744468
1.2247750607432546
1.2398564396169203
1.231683863324399
1.230156534408906
1.2783073478905
1.2683763542589086
1.236630601584854
1.2586373954406134
1.227869740207119
1.2566339363550432
1.270870588108819
1.2384492316152165
1.2236484917496573
1.2280037232478005
1.2483079099341492
1.2235566682742285
1.2624253353594728
1.2451426522987947
1.253183703108586
1.2540591186046948
1.2336916438351124
1.228690557908748
1.263650748773394
1.2497462129613792
1.2439396796211153
1.297853770387639
1.2703938737394949
1.2630708364852676
1.2371528498746227
1.28113754175396
1.2640632992030236
1.281077521032037
1.2152847404328269
1.2763305122874808
1.2838186874380235
1.2361507115083366
1.2803599029827561
1.2510323758364705
1.2545743161693381
1.2820220441903623
1.214701825442214
1.245536889413999
1.2482428728784478
1.2620516999802884
1.2317464631434785
1.24510226786634
1.2340599762876308
1.2865501353007753
1.2443511871323014
1.2575203650042532
1.2560980779403215
1.270009527188018
1.24225313209745
1.2352585583278688
1.2884363988418939
1.2576071360319143
1.2840441662436832
1.2419870244996623
1.253947965537979
1.2447213448152674
1.2717491740539588
1.2933995871401633
1.2618882701532255
1.2592692297285966
1.3057891895024516
1.2531613553142764
1.2647947629540701
1.2484361701793127
1.2429636175353003
1.2455179740333475
1.2523883816955321
1.2340441427272448
1.2891498568104096
1.2873500700838565
1.25102850160517
1.250004304753754
1.2563067841627091
1.3100576909960697
1.295878118183807
1.2430801257807307
1.3065724026485404
1.2927195579308215
1.2949308818725422
1.2477637045872132
1.246130036524741
1.254155772342988
1.2527222531323918
1.2757202294333867
1.2904572384812945
1.2934470889808731
1.2718871545348862
1.2528258852363987
1.2727000229339516
1.2696718821883335
1.2517015239652907
1.264203905676155
1.2354034507495928
1.2460916953044987
1.273512790375964
1.2676433238157545
1.2871882414364042
1.256177197093468
1.2515451655036736
1.2517930587339539
1.3043852036525878
1.2412340515425166
1.2664616416238137
1.2688901840093196
1.297203939142528
1.2796149552806189
1.278899630333677
1.2758933384638087
1.2578534160460144
1.2547681246026965
1.2493561274940697
1.2772935320995888
1.2326170256332996
1.2642397836421717
1.272750385844623
1.266445502587812
1.2769161288783002
1.2893578805721946
1.2768596244158976
1.2658241596541386
1.269361028410999
1.2704436364147007
1.25879948733722
1.2718545501731888
1.2950180431114644
1.280706087369291
1.2676482760697363
1.2405117398888057
1.273601402016748
1.2648268433487189
1.243122287812299
1.2816503341230496
1.2833018323758545
1.2575400106885055
1.2700164374410725
1.290802084705211
1.2853042233664016
1.269453715773158
1.2783902953598696
1.270582350719137
1.2736280791356336
1.2645062176195758
1.2620721187469963
1.2248936129982184
1.2318367698985224
1.2466568818948067
1.2683257936706471
1.2918639904506526
1.3058645580800887
1.2792415218922473
1.2892425960245422
1.264355528826091
1.2483468271805105
1.2955818487551367
1.265206660553811
1.298082506778637
1.2641413610759415
1.247499427801757
1.2776661480742355
1.3094579702503635
1.2632048971266427
1.3137551265354819
1.273901899261679
1.2522479905372308
1.253389301861479
1.2533012770431469
1.270438521609847
1.2847384672611037
1.2653063237918665
1.269159809403207
1.2738299654548135
1.2245194599683622
1.2672975946796194
1.2788310911201652
1.2719976690442343
1.2419311619254272
1.258682734273201
1.2698260041463711
1.2866846856226315
1.3024046203940225
1.275382292228027
1.283974771594905
1.28942317787301
1.2571948571468268
1.2723822019946596
1.2756219234236823
1.301842678635749
1.287265725540486
1.2786080702876113
1.2494258266260159
1.2890016381807006
1.2864318570180349
1.3083709525957543
1.2379655117626833
1.2787312438333012
1.2718621468405833
1.265406212837266
1.2856626145505006
1.285460409336876
1.2830126605159546
1.2645425932387904
1.2688346941833466
1.2842106106128743
1.3108863436844314
1.2767631386631317
1.2937030274614318
1.2889649029660148
1.2988237130603946
1.2746367994793466
1.2618554991230215
1.282988438749238
1.2956967663737238
1.2582215069796305
1.2657150463401197
1.2851909340563386
1.315939895153
1.2642336988340317
1.3108127309487059
1.2990627551337626
1.2859635152111666
1.2392010127943072
1.2990223303637214
1.3089773458587477
1.2691329474353534
1.285771589289441
1.2899332095829004
1.2610701819849586
1.2892663123442043
1.267071195399439
1.268136213278213
1.2706305005228005
1.2983845721633922
1.2863292179747656
1.3003370514604977
1.2963367966891266
1.258147817716109
1.2705365737663077
1.262818442179896
1.285523465263616
1.2715332654934735
1.2687167552605028
1.2846295417884521
1.302385816269805
1.2928572132019964
1.3199500858994946
1.3000680446138455
1.2705127539028331
1.2663727663906175
1.2767528507794166
1.279107342817615
1.3324873756248274
1.2580994501257832
1.2662613481681766
1.3559308686042095
1.2794487437123025
1.2934555380563653
1.304699030200173
1.2394071263845847
1.3322085395732453
1.2570038128731045
1.2468147623369925
1.30034740894878
1.2885484439900579
1.2866965673693445
1.3312387010072912
1.3094545759226814
1.2688312676684372
1.2598394767170231
1.2888128582722684
1.2752021736954045
1.276671370761443
1.2756870324095169
1.2735972830774716
1.2844557068464033
1.2957366381242612
1.2874183291098493
1.2987917482544482
1.2895397755633962
1.3166452268507605
1.3164798759870424
1.2825834181915128
1.3118473818456076
1.2658356821165733
1.3083566991756512
1.3428040093854487
1.3172055166274739
1.305259772753944
1.3000640047941934
1.2939997062533206
1.2887441573226912
1.270380019084405
1.2890607436589407
1.2984925306575472
1.244010397195721
1.2943492426205263
1.2711854007455632
1.2464649210626644
1.3222403827213216
1.2943838297945454
1.2702145916115335
1.2642823891721926
1.3085905388700951
1.3156807073475496
1.2731890792565428
1.311030110602445
1.2887794551391505
1.2793651363822451
1.3237075471016377
1.2612798815003732
1.2851000927367873
1.3150381765166748
1.2943802229788315
1.3185874193155442
1.261479240204818
1.3336090799875238
1.3056531146792318
1.3016679011004102
1.315896117609348
1.2974919531112175
1.3115261352584182
1.2849386594466277
1.3168791057643203
1.2759610014271108
1.2934113699591254
1.309733421467791
1.3030374086804042
1.292798168449422
1.3230932325588316
1.2970500596965284
1.3021100592530783
1.2806657319599268
1.3058555579650672
1.294172281281237
1.281156086577252
1.2984926685480438
1.2748299049162357
1.2735254740969577
1.301983652385968
1.334886064090115
1.3077791925205657
1.329879779354466
1.2950205340479797
1.284880042331539
1.3289663195281267
1.3006483873778931
1.2844490146352672
1.3037601337598081
1.3061202622965735
1.2859906192932682
1.245487100781381
1.283417340655277
1.310712340695104
1.3058041774137903
1.3078861557806505
1.3030425062945576
1.2670765420494696
1.2849585390061207
1.311479298872511
1.296234106135072
1.3191311956708598
1.3137789071911437
1.2837688893207082
1.2979241322250599
1.2914084817864946
1.2599691019635435
1.2935197401535377
1.2977462341612218
1.290203228375311
1.3076962930713187
1.3517455428907383
1.3029163183179429
1.296643533513641
1.3005818779886305
1.3129787037574323
1.3233566079031327
1.3170126715538806
1.332665864203253
1.3132174644230148
1.3000927889436027
1.2681104857261647
1.3452989972722507
1.31601258431179
1.2805063753565449
1.2687926618818612
1.2739443432364765
1.3026004830766602
1.3049739555621471
1.2691577880330105
1.335510236619428
1.2868754782364569
1.272234045669022
1.3576552629544347
1.296904032880917
1.3164587895399777
1.275770017873799
1.329130571632608
1.3093952194005307
1.286009395514864
1.2890630102444405
1.3114203937068816
1.3119775450506979
1.296014959676994
1.2883345795100531
1.277165959752228
1.3112901723558812
1.3172750391808725
1.3132088192187128
1.3144218666673162
1.3049886069835717
1.3226132070994012
1.3135235040671283
1.3021320292437817
1.2768052397489988
1.2972930323125595
1.285476681053977
1.3020383693109263
1.3107028539572518
1.249520666229079
1.31860969019876
1.330996079762756
1.2950847509639443
1.2958700820157223
1.2639522136352963
1.305210916850831
1.2907555497527496
1.2727528790954281
1.266085202050278
1.299952227232148
1.2815837347359578
1.3038352810747937
1.280213749472779
1.322369933016052
1.305660892610956
1.3000135843141034
1.303140360883564
1.294279986763327
1.2837161254499312
1.2995157524557943
1.2810685710114842
1.3137695227888218
1.3260954177842572
1.2785192499653666
1.278494900318535
1.3098205434232089
1.2968204883927557
1.317063207167445
1.3090510832442572
1.322958760215904
1.3429843408864732
1.320048968118153
1.2943446285657525
1.2630744388336324
1.3411564565239633
1.3073073688252235
1.3351068752741364
1.3158868503726102
1.2971306920556913
1.2946893915457913
1.3135583413596759
1.3432591896373982
1.3119318365018318
1.315605057335631
1.312807089060771
1.2914800862882172
1.2978176421139593
1.3199041711351385
1.3098247127944886
1.3315094163367678
1.3227885301020383
1.2994540790411768
1.2982553347188739
1.285649450815524
1.2970876032853786
1.3496078084972187
1.3011108377554652
1.2994110957765965
1.3029426487105256
1.2810058327571556
1.3313743054064935
1.3334946848069378
1.2931719243290185
1.2961385631685622
1.3205730385021068
1.2897727341973486
1.3240996318397484
1.3097415542260398
1.3064629766208757
1.312544151619477
1.3279359468150445
1.317394587024505
1.314035141650112
1.3107603944054464
1.3413900985944036
1.3112552054764284
1.3307621439022115
1.2572990888882045
1.3158851756840269
1.3367865516196735
1.298306442632503
1.3246842149228346
1.3132676864373196
1.2672599766504486
1.299186587524356
1.330708055407264
1.3348794480785149
1.357959709109209
1.3034712699414868
1.3263355496811469
1.3266070049975496
1.3034498721419523
1.2623286160945641
1.291428353480135
1.3028376659119545
1.3267201235788075
1.340798698418132
1.3158526225979916
1.3130898225428966
1.2899577391212789
1.2772080285137244
1.3144313876709213
1.2924230095124938
1.3268798452733983
1.2762467695763855
1.2896093098488925
1.3020945948674425
1.266582526699147
1.3081005127465435
1.3006285959545383
1.292506794173116
1.328875200774767
1.338529107218839
1.3271199342775664
1.332267195691145
1.321577269629821
1.3544017612797523
1.3100101603610756
1.3132081206091617
1.334709107804913
1.2822604003963538
1.3327993660204618
1.3190614695237441
1.3286695847015317
1.3139058783361675
1.315029062175767
1.3265029056072168
1.3326368143891452
1.3276493388352155
1.2899905453283556
1.292323005199474
1.3055831522185988
1.3186359720097618
1.325378974505532
1.3007649895921267
1.2880179966631964
1.3201379507290905
1.2851901060334718
1.2702910413320214
1.3004017752807964
1.3265130932753397
1.3141972635204033
1.3297005536395576
1.3075973109416272
1.333966894128996
1.3435878057343134
1.3095500509062494
1.321867513799439
1.3056436810600562
1.3050634521194813
1.3194001434955045
1.3154725959713718
1.3235368419340383
1.310959155928439
1.3299095394293858
1.3594973701066198
1.2890264123417383
1.3573900291701955
1.2898768736769104
1.3521658399997765
1.3204746237057148
1.298913720227905
1.3218592828229225
1.3140417964377293
1.3225660221532927
1.3123617709712634
1.2967071723335775
1.3038124377768276
1.3181971559606172
1.3284246608551151
1.3054822883299706
1.2871913183361192
1.2831841404865505
1.3276256870338359
1.3076478260716877
1.301849339896978
1.3295309478199264
1.3094158327698582
1.31438589560177
1.2965932470303558
1.3204255385626946
1.3560318412354693
1.3290474820472982
1.3136465683556733
1.3143242914338988
1.3155179482598447
1.3174442283062973
1.3057845880376515
1.2872838845399779
1.336150213516373
1.309858693047411
1.3104458591928099
1.3244029848934926
1.3148788148260857
1.3291683882929033
1.3146837807263638
1.3146463503900856
1.320805245165981
1.3258248990927397
1.3037641931163677
1.3028536022789
1.3178689654553883
1.3230841363498027
1.3075769723342558
1.3396008160191413
1.3056131162834508
1.3007242503007126
1.2821388465244952
1.3385353020204844
1.3252214588759352
1.3364028533055297
1.3127599610345544
1.3315596057059422
1.303877349612361
1.328602626883593
1.3128168958463762
1.3644936938050896
1.3205268373327703
1.300696456275031
1.2951391001186283
1.338791455591508
1.2810583147166077
1.293388877804334
1.3049099283753964
1.3355465054798863
1.3004288787241067
1.3433528588680117
1.2942379177016101
1.2834306814015939
1.3285479291010434
1.3086742436215852
1.3303064673194793
1.3209317317435971
1.3289021901568248
1.317341749137534
1.3500485348572573
1.3554721903988964
1.2770663456285642
1.3524244867220878
1.2880205971696481
1.2487686381435639
1.3142258707361367
1.343480345648223
1.3299500749788633
1.323383676865422
1.3185538380685777
1.3093460143488511
1.325923326430865
1.2844180030525663
1.3178320232126672
1.3000437110298406
1.3390094656020592
1.3229721195740323
1.3243687891832157
1.33291548258474
1.3207792943996017
1.313616241825233
1.3313770372455143
1.295166927679391
1.3114858003025671
1.3027559658982393
1.3285762209792535
1.3159389919942948
1.2938769409872706
1.337345881858001
1.3419029508546725
1.2824467326074767
1.3105628378811975
1.309238526383639
1.2999260474539742
1.3148866282716012
1.323612121771916
1.335722363897804
1.3153006051746214
1.3333847636616307
1.3430375262016194
1.3024349700001383
1.2917266989073946
1.3219698042966772
1.3005774816122826
1.3289578715409054
1.302932242113973
1.3281664752291864
1.3298385387169442
1.3404590218861265
1.3295902692469441
1.3127180541931056
1.3203737766255497
1.339692973950354
1.3346903630150384
1.2999148585172275
1.311519647244895
1.3133253816203951
1.3518924318588814
1.3274807883543702
1.298104374705687
1.3231149907231279
1.3329544624305278
1.2802121146345085
1.3273864444921228
1.321942168009508
1.3543052862812504
1.3177620107070587
1.3400610011055587
1.3283595523370055
1.3551451445651177
1.315218382705482
1.3166430494084695
1.3088769116338055
1.3526299236989614
1.3305258899939965
1.3217136452938827
1.296802512129889
1.302533797988739
1.3403420719806345
1.339996686552322
1.3028585342134529
1.309516982323876
1.3179737302694228
1.3374467692585223
1.3129150539743117
1.3232563331169376
1.319036875068168
1.2831415352796682
1.3227503866772357
1.2991209706850064
1.294172618200283
1.3071849483951254
1.3240041193315295
1.310491685015568
1.3268705802506053
1.3309761661384554
1.2976590556530667
1.3115659343275665
1.2827673536667241
1.3837263240653546
1.3186508106579193
1.3318144665479636
1.329009997609072
1.301685405442033
1.2996020693811023
1.3235189972621109
1.3284929264071699
1.3099464014046895
1.33030653121108
1.3338604108003136
1.3242789873555998
1.338773796593819
1.3287684349322681
1.2791450030817344
1.300995305192346
1.3140779155488025
1.3185295900353653
1.3142399396433964
1.3131649503358878
1.308269601825777
1.2806865433775663
1.3114320087249867
1.3379932989380632
1.3417711626572635
1.318758299077127
1.3345664378359934
1.326681814376561
1.34310597818812
1.3491412314394269
1.3382997570216317
1.297219690604479
1.3104136067217809
1.348977300412442
1.3184376166888525
1.3128521965907027
1.3134869949468848
1.3078987660992973
1.3399268288969315
1.3237715001825932
1.3309571767529154
1.3031563437802207
1.2904664740612026
1.3286129072107387
1.346028276016847
1.3103921844496156
1.36364978195847
1.34090552685798
1.3232363320839795
1.3090446233072695
1.3449016332922226
1.3324990349327097
1.3047491039145152
1.3345425308827663
1.2918570871671415
1.3079085011884646
1.361931928895729
1.308108441085992
1.3137095330811672
1.3257238744019852
1.336314366462034
1.3102641830046673
1.3428645621772168
1.32928015736396
1.3090783821213776
1.3264274341452598
1.3313476900899883
1.3392756199436449
1.3408503743523816
1.3733152331550913
1.3170936477954507
1.2725278791240422
1.3485232851685212
1.3274109961872125
1.3030597912131705
1.2973557807534721
1.3290049318563861
1.3297400369201502
1.2874229761077325
1.3343222957929919
1.3162895398746133
1.3455666582377406
1.3144093159130827
1.3334138372418511
1.338249271688159
1.3267531910744463
1.3146882030283453
1.3633557588192948
1.3204309607806657
1.2849705997621113
1.312122078670352
1.3309514966314944
1.2701540550548334
1.349012109017576
1.3353747657469675
1.3515351292862996
1.2981617665397625
1.3365873319021235
1.342263842032139
1.3431739086939807
1.3375324201992116
1.3184566109118208
1.3434837113078133
1.3130117986724024
1.3372979564466458
1.3094785360154626
1.3197468582237533
1.316911657877331
1.305557890767503
1.3556795802132966
1.2913709472929107
1.3076839290830669
1.3474016969717946
1.2913276829575766
1.3376493800827742
1.3169622596211183
1.349733554315417
1.2908025580800497
1.3533102654362414
1.3355279491427352
1.3151785675087708
1.3187679636595828
1.282925164556988
1.3174068763563516
1.3415395006578714
1.3051939998199735
1.3253555634287144
1.31120348141962
1.3457385343970971
1.340435138876398
1.321129200171745
1.3270067943555661
1.338325110557902
1.3344367467223566
1.31900209119791
1.2635794729134675
1.326486713033251
1.3431601381875096
1.3124916782925224
1.332122005237445
1.320581179027315
1.3257996653092294
1.3003010493586131
1.3241310988951953
1.3301341136653582
1.3047021622060795
1.3040528769343793
1.330072119661846
1.3310380031178557
1.3245105345684656
1.2853695721750291
1.345171580018303
1.3186861621444552
1.3231564512116147
1.2605019876173618
1.31530641093719
1.3297863172068778
1.2859239050535478
1.346531394508273
1.3212134528804322
1.3157461863482276
1.3162032291642536
1.344711699382621
1.3321037572918364
1.3673191188759837
1.3549269697998079
1.3262635344417422
1.3419500044868529
1.3203847690325325
1.3239716439607792
1.341332217069708
1.3367136937641408
1.2983388439609016
1.321641475475091
1.3288024466875046
1.3296175324508621
1.3417201896049828
1.3433499201835999
1.2976620772823797
1.305725370543389
1.318281868495386
1.3293115406170908
1.3008471400845114
1.349320454789852
1.3525459679170224
1.350871777612424
1.3113819538479332
1.3051820721158256
1.306534677136867
1.2894530122371664
1.327509895520965
1.3025716499776485
1.3407044754472257
1.3639449802930428
1.3334985791792473
1.2813152255616385
1.313103831296117
1.3253315907434562
1.2947495540335145
1.3223853620946049
1.3328519002785486
1.3170207177589115
1.308242765986965
1.319305504534384
1.331763111186719
1.3457297130832842
1.3340213503328606
1.3072070886684615
1.3291403836291251
1.3422781603615415
1.3118262489244241
1.3143975917625756
1.3326878700098315
1.3502473213002941
1.3280213893245674
1.325513197833118
1.3417079111991386
1.333562449358271
1.3054396809434103
1.3283965845384487
1.2849200021433398
1.2929174995377997
1.3205956191213621
1.3268004320040143
1.3038022687316633
1.3585856163768462
1.3374644666325965
1.309381815871535
1.3368607257756233
1.3082124817623206
1.3463097767499865
1.295670994944838
1.2984028729883588
1.3280325023637507
1.3365961275853593
1.340213354357241
1.3269220838822202
1.3592370351510021
1.3557286035998712
1.337515540003716
1.3286187819776891
1.327851512293114
1.3253928533648986
1.3276198610940295
1.33909565230353
1.3418375753486425
1.327854608739447
1.3615296658459066
1.3247282997419232
1.3179658103820049
1.3324125181616011
1.3542656169304728
1.3167721352574375
1.300876773561883
1.3436163533121062
1.3350027775288962
1.3147702456231531
1.3475311001507913
1.3510715519945722
1.3180869990591095
1.3340699885080651
1.3043249044481515
1.31829625855765
1.356800810674536
1.3575135544536887
1.3260707620816237
1.3500852051085301
1.3411162412103093
1.319369401335901
1.3256290693547863
1.303726852754491
1.349483127482355
1.3008574562309594
1.353245072874103
1.3045760029180395
1.3641292598540957
1.344001108967658
1.3222428410652571
1.347065516136814
1.3163128806562396
1.3347801906558332
1.3159173865608786
1.338269092247568
1.3485823938495012
1.3113625891997915
1.3135162408920127
1.3386454987940117
1.3692422844729308
1.321654582530884
1.2974472517353997
1.339481690758649
1.3384696248376473
1.3479746444738374
1.3150651182830086
1.3256937260362747
1.333987568020233
1.3014081980449397
1.3080363478715562
1.324760547638114
1.3097541826530674
1.3093773071982617
1.3115258128822072
1.3353556738993138
1.3456522801142268
1.326748152722585
1.3222146046337968
1.3012723557908903
1.2806859387661595
1.340567992466711
1.3565348896688074
1.3310303993480663
1.3282818582145135
1.3058154526588126
1.3202562235872037
1.3193678142718201
1.3363675834327136
1.3236928428104497
1.3186785984669316
1.3118012188031756
1.3576207333272863
1.3488381422676226
1.359048619962178
1.3154986962312523
1.3297604765261803
1.3377339673187916
1.300746523771761
1.3269358185333295
1.2957162506777091
1.3089133157037969
1.3429784986102538
1.3248496290810785
1.3098703972103687
1.3037287466196237
1.325607320196951
1.2973032494557601
1.3306160140621204
1.3275346013194962
1.3279696472987819
1.3143142356781432
1.314223536601382
1.2951072365905119
1.307817112635686
1.3271316305999572
1.3021085506864254
1.335544512758038
1.3239832707214099
1.3353771662612741
1.3500872685446133
1.3171566922679787
1.3333237297743157
1.3486178079088842
1.3225788507351717
1.319052914017975
1.3293470159864555
1.3172197127554086
1.3052047212724667
1.3391453805748732
1.361974554630416
1.380860466033209
1.3165934144150944
1.3246052280769665
1.3806024962933343
1.328134641738873
1.3159137097251432
1.3282151837543832
1.333645285887844
1.3436117106589704
1.3225051317918373
1.2879186171699986
1.299435426785936
1.3587550169423226
1.3022661045926816
1.304692397443028
1.3309350453704158
1.3226837219851553
1.323794466596645
1.4
1.3266233915862995
1.3066009796966362
1.344266444271824
1.3526838702990853
1.3462836733454784
1.3269011327391358
1.30838550106962
1.339450617143548
1.3219977765500006
1.3204681374704297
1.3260682988192183
1.3416418117413973
1.3547490568206122
1.3078516187382903
1.3290506166001084
1.317888105369173
1.319838270382567
1.3380065024650118
1.3466319238999926
1.3632561692418899
1.3385544029217733
1.3733006206137488
1.3120814809681065
1.3025361815405636
1.3140109886919742
1.3319308170815891
1.3723870467639296
1.3299358342697847
1.3267496005778288
1.3002770437422282
1.340907460607491
1.3242841097291884
1.3312886064381786
1.2928618387256594
1.3497078993479836
1.322573641662653
1.3278316519903823
1.327519421042658
1.3419201210432663
1.333148790274705
1.3268411052329587
1.3403433038529797
1.3305875634278557
1.3330600962755388
1.320709374372216
1.3380807743101837
1.3347095542950682
1.2911709233136046
1.296562897744326
1.325542544089063
1.3170892444509228
1.3270309483511171
1.319450183974676
1.2906581445762795
1.3655239925902705
1.3680997586279346
1.3388234100131553
1.3218547864283208
1.3237286247238984
1.3386512507370378
1.3481246190020488
1.2994019990670844
1.3470367357058755
1.3242281883271352
1.3011019172996645
1.3460432330288354
1.3346918241462111
1.3466153564032142
1.3123996753873526
1.3307969796241326
1.3088631455029653
1.3598346189646577
1.315219730288562
1.35108842852762
1.3338393294472488
1.3493077797467918
1.3614320588479154
1.3101584856622979
1.3361023622096748
1.3632998032388328
1.3229874082488595
1.3334062805978777
1.2930994749308484
1.3415628396306698
1.3054370253745924
1.3240753125696008
1.3344904095600634
1.322528380061799
1.3409775741643446
1.3198742909562522
1.3077532675417882
1.3164991338874579
1.3268389340975018
1.3560070874782515
1.3359890637058753
1.353849939306662
1.3245298980496794
1.2950371851725369
1.33529464380767
1.33891832525105
1.3128119440556345
1.3308414517863174
1.3146275747311944
1.3497388348222314
1.3634820620637447
1.3336029376748693
1.340503167701323
1.3745519128176151
1.3531037468201843
1.329370118558511
1.3255532562277152
1.3080064240245604
1.309060352648005
1.35871468940659
1.3141069412590571
1.3178398858404121
1.3495670081535613
1.3523551345544005
1.330677923641646
1.3303577382699538
1.3877065647386062
1.3223212913554085
1.3472231614370092
1.3301081535856956
1.3133883097247347
1.3237465484545912
1.2849300951380236
1.2899061121370197
1.3788676699153048
1.3376601289658905
1.32312728720962
1.3189512250131006
1.3296657074482374
1.3120929066585671
1.3021514293917062
1.354046718469317
1.349999921375308
1.350427853019623
1.3404961747781365
1.301596111360423
1.3508379873527632
1.301838323051341
1.3620771752511924
1.3040586380157322
1.3223732705103677
1.342404848794407
1.3296812570260035
1.3206247512659428
1.3627267707054482
1.3307030974235754
1.3058914365011385
1.3235425780054173
1.3426465484427264
1.343827834620682
1.3630020982639008
1.3272813633689482
1.331216244708999
1.3293585638267198
1.3761648123282229
1.358336743071572
1.3246522355232462
1.3303558196884264
1.32371805736654
1.3116278608088596
1.3386876316439869
1.3197878645205152
1.3634528903800196
1.3353725752811307
1.3129554720362355
1.3209357113890579
1.3528144667583308
1.3632032423519331
1.3174570896747453
1.3353816484369172
1.3191139449356317
1.3478931707450186
1.3460492478841402
1.339945716360035
1.3281199204920089
1.3381286929539082
1.3401706439514358
1.3376743650533458
1.3403239366586253
1.3382591294366244
1.3248258450691637
1.3390057948447365
1.3279323444326356
1.3280056545657093
1.3202605630733617
1.3456298652869816
1.3371875267294167
1.3542650135550822
1.3318984812392873
1.3086505006765192
1.3335238245024894
1.3240427356595474
1.340907295586215
1.3404214394045109
1.3633862524815683
1.339127799117085
1.2996742748669492
1.3321993003277448
1.3303830033451831
1.3376847428135188
1.3641236300532442
1.3399778466383747
1.3413786291334748
1.31093733782335
1.3625073341576195
1.3093905512250759
1.3595298125617048
1.3408956076660123
1.348685858214781
1.314506540703963
1.3180443831468034
1.334577232987336
1.3494415040917764
1.3539080188891015
1.3392737661891347
1.323814202729462
1.3290934150913798
1.3083680650176754
1.3197874250641448
1.3252007074174976
1.3309561829374845
1.30362025312733
1.3445979448517094
1.3374317424801516
1.3431693346354485
1.3476933962849735
1.336272736680357
1.3529706332295333
1.3250193100016192
1.3503436540897655
1.3167493035906201
1.336282409390347
1.3235372143341344
1.3697882662835508
1.3405083707928465
1.3220595383215872
1.3192845952414902
1.335650396064711
1.3505137848640083
1.3515848487482591
1.3341941571699187
1.3412167594258082
1.3755177365115343
1.3262677442106106
1.3153370904847574
1.3292682494592223
1.2987769488270346
1.3200430105383882
1.3339741236807743
1.3573932594317952
1.3437985039534726
1.3354567197373943
1.3396501149102917
1.340756215552138
1.3253974352564624
1.3227270302177168
1.3269054253766477
1.3054031572296156
1.3058364293170361
1.338459604620321
1.346016379052438
1.3066120062302395
1.3554755941945578
1.3071996973729398
1.3262673612624776
1.3175367161912568
1.3095627056893377
1.317331836501311
1.3474136322842445
1.3373028636282547
1.3275417691151996
1.3328352964536767
1.3317499855425299
1.3356683427172127
1.3291590664946669
1.3276415927669938
1.312093222152386
1.3687556783985302
1.323610676161708
1.3402940470700933
1.3071522945993415
1.3473927008550697
1.3122432849062609
1.3610799872861745
1.35046284102149
1.3546320914634153
1.329418803925853
1.3082360700349855
1.3363201057422704
1.313402884708474
1.3360862496979675
1.3448627820241286
1.312736624600848
1.3388791515908314
1.3406829351373266
1.3239432938540887
1.3298436423399627
1.3574690915874148
1.3318194601794984
1.3481169956766763
1.3499054278416638
1.317954758542246
1.3315468869024072
1.3116974092670282
1.3274314137982643
1.313343257532605
1.3474430347428203
1.332165931359304
1.3392153363829065
1.3311575838702083
1.3297961326235093
1.3673040438357689
1.35179951828396
1.3521941654729919
1.3409125080492248
1.2857800317105927
1.2985800641181384
1.3174444340762224
1.309254132556519
1.353464545469348
1.34125123966972
1.3387081920471555
1.370699750815702
1.334106271291834
1.3208692556435084
1.337168845829897
1.3300163765056658
1.334220834581897
1.328723712084855
1.316834261918137
1.3257980643954876
1.3430980416656997
1.3287900645593171
1.3317100153672714
1.339506399566855
1.3144299371010086
1.366594254309013
1.3535142234489412
1.3141790545990077
1.3120440444435493
1.3393511172554222
1.3282998624686928
1.3079955907420002
1.3186386656456885
1.3301090635530537
1.3453093891742878
1.2971747286152187
1.3421244569203987
1.3621084936443582
1.3434092287142514
1.3568815126489397
1.350191718371755
1.313219411478412
1.3283207059407298
1.324472587941765
1.3289496817954844
1.3349493593583446
1.3469548126675461
1.3353899139186343
1.3339417887677667
1.3387665524303596
1.2963356614023462
1.3314234640436202
1.3194217211662778
1.365440591432532
1.3338298121682346
1.3452529344322035
1.3129253331203308
1.3231056922668112
1.3408863320763795
1.3640556412137084
1.3629385348360905
1.3206307959055255
1.3172559284431147
1.3413212481700474
1.3358655367474173
1.3704840141820873
1.3650394093804152
1.3104264668302419
1.3566697854614886
1.3087486476750592
1.342677475191182
1.329929181015602
1.3012137333796427
1.3298726278145128
1.3281274404578944
1.3570142059923445
1.3551251183414608
1.3300466131588875
1.305042970657895
1.3079625769490224
1.332042134024586
1.342451113444916
1.3459992017599671
1.3496527192375374
1.352243243082088
1.3365324376267558
1.3495622615182392
1.3443947785764987
1.3589902928512034
1.3421210350488937
1.3495253501822486
1.3358236784236102
1.3290492158333922
1.3194751521851673
1.327574521509688
1.32440629476807
1.3011542669428995
1.3387812489931252
1.3013110007628481
1.3478809794727564
1.3404915677509301
1.3381011377699596
1.3506715019556155
1.3499235930796256
1.3363333985731105
1.3679925484011102
1.3624178715781359
1.332040087447931
1.342892999535583
1.3242980358243284
1.3142667078440282
1.3314714471708677
1.3503106468704793
1.3138323188823595
1.332096483194156
1.3113398239802496
1.3163140566039306
1.3253944816452035
1.3075063216791298
1.388694607601279
1.3330169871574151
1.3416098286417382
1.3209331086187863
1.3246001009107542
1.31918141778661
1.3448237750527516
1.3380544877514424
1.3429772461503842
1.323450866989114
1.3229989343997282
1.3674916912730968
1.3778812397027889
1.3545595741037046
1.3427698271141424
1.3393754970031453
1.2937412458938449
1.329008697364679
1.3440455337620727
1.3466360553041277
1.3364874956915926
1.342371974827729
1.337444365355642
1.3212040224215331
1.3616121803611407
1.3102796302228703
1.352250040607716
1.34364852529567
1.3333745330441427
1.3205751031001725
1.3035779817361934
1.3374542886336747
1.29390178495239
1.3267099504963558
1.343562561414677
1.3631881733210935
1.3130429678380682
1.3431526301280434
1.3115214095051853
1.3330972405427168
1.3068330308574698
1.3302632098768785
1.3158431027008608
1.3174243132359158
1.3364101900525664
1.3211867124273926
1.3269563135165157
1.3624579985552405
1.353298269112103
1.3256155971255967
1.3450351699711418
1.3146072638572561
1.3183448809170852
1.3188747775347451
1.3568249746043395
1.3122543635231945
1.3537167309767009
1.319583891213476
1.3211197499362282
1.30386596656342
1.3115508163541185
1.3328190138526768
1.3457297729332576
1.295027677266519
1.3297743336628463
1.3197273969941894
1.3242547824176287
1.318968774328201
1.3593806788775367
1.3348518282871487
1.3483801221030038
1.3349424944663038
1.3541114899010178
1.3245416078168324
1.3664340718606878
1.33525702190648
1.3107472608354505
1.3305615471365109
1.3314139059725871
1.3179380254225133
1.35828563748454
1.3562916492637629
1.3544929699541437
1.3229867499811014
1.3572048287814276
1.3461533318053982
1.3697550005276595
1.3227404164013645
1.3578039968313518
1.3393331246145164
1.3210602895495858
1.3327364632058114
1.374857002822189
1.3266959483386946
1.3320476748888095
1.3344064565145146
1.3302083033658099
1.3537184478048732
1.327971424774213
1.3347226485676706
1.3288256510859882
1.335178027255486
1.3208195094665907
1.3441440306243784
1.3451064558435282
1.3101811653202464
1.3417406838674322
1.3310077416005266
1.3540936260870988
1.3099677296764243
1.303929015366539
1.3655237779950917
1.3392866865579331
1.3273953812892527
1.376758671180475
1.3158806737690676
1.356890230822089
1.3383522971859987
1.3558720207936084
1.3523213132568352
1.3638871540689737
1.3629970855504898
1.3392489814884132
1.340373343322502
1.3097126919966509
1.3312296199612372
1.3206663341873426
1.3199274794379847
1.3588411842988688
1.3188749084093054
1.342441935341972
1.336958361737799
1.3466422074935673
1.315614573818152
1.3468321661879028
1.3153076887809239
1.331372870400668
1.3139770445024797
1.3383859338243222
1.3586729379674196
1.3420057256775153
1.3666319329840584
1.330040958855766
1.3105197461531972
1.2875385584775978
1.33874077899971
1.3113041062006932
1.3682076456879195
1.3256879138048654
1.369401429740039
1.3042085521281854
1.2973667146048118
1.3256983499108057
1.3279842332465346
1.35004921134421
1.3178102749307614
1.337902529115818
1.323868237381977
1.3395381610874706
1.3273732495446153
1.367866471166257
1.3523579885888914
1.3299638891094807
1.3542200601888026
1.3529179519986956
1.3531941350582788
1.3312141528003085
1.344063816917226
1.3320017821930605
1.3691411035281313
1.3538063873788049
1.319579670508231
1.3301283272311082
1.353203572507748
1.3524828577842145
1.340776328140156
1.307942479544523
1.3302940275132202
1.341786381712669
1.3438356939243778
1.3321115145011857
1.3496706593659826
1.3439813985133677
1.3120842711967966
1.2731097883908427
1.369091276687559
1.2822572547370912
1.3178150177546066
1.3526756219489018
1.3463005318883225
1.3404705965991317
1.3238870901498008
1.3306754729935537
1.3185776598472831
1.3106233563031886
1.3084640055978674
1.3445657066796097
1.313033182919082
1.334972913114549
1.311575238605577
1.3457793556204225
1.31015580036742
1.3590780951573624
1.333358549431407
1.3667132016631376
1.3618237534201523
1.3421521675826178
1.3499363622430867
1.3111541163588434
1.3172287359792056
1.3628860120314172
1.343879560606607
1.3443108322196815
1.3298678818099965
1.357058835000635
1.3414034316454497
1.3541387621399397
1.350644753586404
1.3246219906778627
1.3012790053251808
1.3612878473656418
1.3531872445964197
1.3252835256111701
1.3286860094435635
1.3137580500869288
1.296243381588464
1.3348717896946183
1.3857987242120986
1.3542423969759345
1.3612521504865518
1.3453141015898245
1.3487616417351576
1.3162741885450948
1.333276842587965
1.3397085256473507
1.3481613780475625
1.3277056163540373
1.3548300141916028
1.367825241376445
1.3505254456939704
1.33504823880606
1.3382189193052896
1.2972329809289225
1.360211384645541
1.3146202757407215
1.2999917849006972
1.3241251251180477
1.348670767287147
1.355037330160688
1.3371559991625834
1.3531183827922852
1.3130717406512946
1.3167678685022148
1.334702483153536
1.3510063851198069
1.330420082281499
1.3048626254998863
1.3249408683571204
1.306686604092005
1.3267853795093498
1.3435995585408824
1.344332319317206
1.3345567861362155
1.322933871806701
1.32521603644397
1.3591164107167806
1.333653131911885
1.366442762907691
1.3130968978611581
1.3215251733193336
1.3238437874428646
1.3168256243771375
1.3275407558572252
1.3342692438878596
1.3408409674472102
1.3522523930201211
1.341116509892714
1.331805391899365
1.332610820284664
1.3178563285204812
1.3126124174403844
1.3220264454298898
1.3220335178634703
1.3617482910617968
1.3083300766109
1.3089165869865746
1.3229179831698181
1.331277534029332
1.329707964851583
1.3115315675389507
1.3394795927266014
1.3378768866620652
1.3661413279958767
1.3224688634622963
1.3171240061130176
1.336533989963501
1.353588613457533
1.3388531373264878
1.3442854851028065
1.331533825215209
1.3417935940148322
1.3001282338958158
1.337732641455137
1.3454356176752202
1.34203703225981
1.3419329581381507
1.3577288294269643
1.3144706268090303
1.3165761760362704
1.323358347528554
1.3804806162279641
1.3410303920208049
1.3681032839862042
1.3507305440658848
1.3676831915859944
1.3262644298761663
1.29868429945405
1.3348762694788052
1.3223254183921167
1.3440220435864163
1.342371469191751
1.2930383732521917
1.3279819664044914
1.3138128411101935
1.3464892110117102
1.307279589947561
1.3247840855686428
1.3227427076083165
1.3603536889013874
1.3185115699765209
1.3635778485365717
1.3306542100424745
1.3149553974482249
1.3258307363339987
1.3428123943057906
1.3460565323100802
1.3366050992636387
1.3054902433285251
1.3380971237536443
1.2949012237443225
1.3442202963131409
1.3367171267215512
1.3469101377705548
1.3515843217420969
1.3367794230597208
1.3508654992225222
1.328928268970299
1.3745142666296
1.3386639230936295
1.3145369304900443
1.3319710552620145
1.3447366177041662
1.3411763784374844
1.3495038009614166
1.3377574641307435
1.3096648129414852
1.3341290812015472
1.3332147394588105
1.3379800037765737
1.32825570283367
1.3497506715187073
1.310412001032386
1.333905727862306
1.3062122939874605
1.3473861182844171
1.3140374881920538
1.3202026448995017
1.3224467534224198
1.3135649437812362
1.3262671767127463
1.3044429661790737
1.3781846242853386
1.3419298210692312
1.332887439035912
1.3030273206088467
1.3936020916157805
1.3936789915484378
1.3041212630452406
1.346046775223906
1.3331182272138768
1.3407322970546467
1.3750176152263274
1.3780105766805442
1.3370677554587893