0.0
0.0
0.0
0.0
0.0
0.0
0.0
0.0
0.0
0.0
0.0
0.0
0.0
0.0
0.0
0.0
0.0
0.0
0.0
0.0
0.0
0.0
0.0
0.0
0.0
0.0
0.0
0.0
0.0
0.0
0.0
0.0
0.0
0.0
0.0
0.0
0.0
0.0
0.0
0.0
0.0
0.0
0.0
0.0
0.0
0.0
0.0
0.0
0.0
0.0
0.0
0.0
0.0
0.0
0.0
0.0
0.0
0.0
0.0
0.0
0.0
0.0
0.0
0.0
0.0
0.0
0.0
0.0
0.0
0.0
0.0
0.0
0.0
0.0
0.0
0.0
0.0
0.0
0.0
0.0
0.0
0.0
0.0
0.0
0.0
0.0
0.0
0.0
0.0
0.0
0.0
0.0
0.0
0.0
0.0
0.0
0.0
0.0
0.0
0.0
0.0
0.0
0.0
0.0
0.0
0.0
0.0
0.0
0.0
0.0
0.0
0.0
0.0
0.0
0.0
0.0
0.0
0.0
0.0
0.0
0.0
0.0
0.0
0.0
0.0
0.0
0.0
0.0
0.0
0.0
0.0
0.0
0.0
0.0
0.0
0.0
0.0
0.0
0.0
0.0
0.0
0.0
0.0
0.0
0.0
0.0
0.0
0.0
0.0
0.0
0.0
0.0
0.0
0.0
0.0
0.0
0.0
0.0
0.0
0.0
0.0
0.0
0.0
0.0
0.0
0.0
0.0
0.0
0.0
0.0
0.0
0.0
0.0
0.0
0.0
0.0
0.0
0.0
0.0
0.0
0.0
0.0
0.0
0.0
0.0
0.0
0.0
0.0
0.0
0.0
0.0
0.0
0.0
0.0
0.0
0.0
0.0
0.0
0.0
0.0
0.0
0.0
0.0
0.0
0.0
0.0
0.0
0.0
0.0
0.0
0.0
0.0
0.0
0.0
0.0
0.0
0.0
0.0
0.0
0.0
0.0
0.0
0.0
0.0
0.0
0.0
0.0
0.0
0.0
0.0
0.0
0.0
0.0
0.0
0.0
0.0
0.0
0.0
0.0
0.0
0.0
0.0
0.0
0.0
0.0
0.0
0.0
0.0
0.0
0.0
0.0
0.0
0.0
0.0
0.0
0.0
0.0
0.0
0.0
0.0
0.0
0.0
0.0
0.0
0.0
0.0
0.0
0.0
0.0
0.0
0.0
0.0
0.0
0.0
0.0
0.0
0.0
0.0
0.0
0.0
0.0
0.0
0.0
0.0
0.0
0.0
0.0
0.0
0.0
0.0
0.0
0.0
0.0
0.0
0.0
0.0
0.0
0.0
0.0
0.0
0.0
0.0
0.0
0.0
0.0
0.0
0.0
0.0
0.0
0.0
0.0
0.0
0.0
0.0
0.0
0.0
0.0
0.0
0.0
0.0
0.0
0.0
0.0
0.0
0.0
0.0
0.0
0.0
0.0
0.0
0.0
0.0
0.0
0.0
0.0
0.0
0.0
0.0
0.0
0.0
0.0
0.0
0.0
0.0
0.0
0.0
0.0
0.0
0.0
0.0
0.0
0.0
0.0
0.0
0.0
0.0
0.0
0.0
0.0
0.0
0.0
0.0
0.0
0.0
0.0
0.0
0.0
0.0
0.0
0.0
0.0
0.0
0.0
0.0
0.0
0.0
0.0
0.0
0.0
0.0
0.0
0.0
0.0
0.0
0.0
0.0
0.0
0.0
0.0
0.0
0.0
0.0
0.0
0.0
0.0
0.0
0.0
0.0
0.0
0.0
0.0
0.0
0.0
0.0
0.0
0.0
0.0
0.0
0.0
0.0
0.0
0.0
0.0
0.0
0.0
0.0
0.0
0.0
0.0
0.0
0.0
0.0
0.0
0.0
0.0
0.0
0.0
0.0
0.0
0.0
0.0
0.0
0.0
0.0
0.0
0.0
0.0
0.0
0.0
0.0
0.0
0.0
0.0
0.0
0.0
0.0
0.0
0.0
0.0
0.0
0.0
0.0
0.0
0.0
0.0
0.0
0.0
0.0
0.0
0.0
0.0
0.0
0.0
0.0
0.0
0.0
0.0
0.0
0.0
0.0
0.0
0.0
0.0
0.0
0.0
0.0
0.0
0.0
0.0
0.0
0.0
0.0
0.0
0.0
0.0
0.0
0.0
0.0
0.0
0.0
0.0
0.0
0.0
0.0
0.0
0.0
0.0
0.0
0.0
0.0
0.0
0.0
0.0
0.0
0.0
0.0
0.0
0.0
0.0
0.0
0.0
0.0
0.0
0.0
0.0
0.0
0.0
0.0
0.0
0.0
0.0
0.0
0.0
0.0
0.0
0.0
0.0
0.0
0.0
0.0
0.0
0.0
0.0
0.0
0.0
0.0
0.0
0.0
0.0
0.0
0.0
0.0
0.0
0.0
0.0
0.0
0.0
0.0
0.0
0.0
0.0
0.0
0.0
0.0
0.0
0.0
0.0
0.0
0.0
0.0
0.0
0.0
0.0
0.0
0.0
0.0
0.0
0.0
0.0
0.0
0.0
0.0
0.0
0.0
0.0
0.0
0.0
0.0
0.0
0.0
0.0
0.0
0.0
0.0
0.0
0.0
0.0
0.0
0.0
0.0
0.0
0.0
0.0
0.0
0.0
0.0
0.0
0.0
0.0
0.0
0.0
0.0
0.0
0.0
0.0
0.0
0.0
0.0
0.0
0.0
0.0
0.0
0.0
0.0
0.0
0.0
0.0
0.0
0.0
0.0
0.0
0.0
0.0
0.0
0.0
0.0
0.0
0.0
0.0
0.0
0.0
0.0
0.0
0.0
0.0
0.0
0.0
0.0
0.0
0.0
0.0
0.0
0.0
0.0
0.0
0.0
0.0
0.0
0.0
0.0
0.0
0.0
0.0
0.0
0.0
0.0
0.0
0.0
0.0
0.0
0.0
0.0
0.0
0.0
0.0
0.0
0.0
0.0
0.0
0.0
0.0
0.0
0.0
0.0
0.0
0.0
0.0
0.0
0.0
0.0
0.0
0.0
0.0
0.0
0.0
0.0
0.0
0.0
0.0
0.0
0.0
0.0
0.0
0.0
0.0
0.0
0.0
0.0
0.0
0.0
0.0
0.0
0.0
0.0
0.0
0.0
0.0
0.0
0.0
0.0
0.0
0.0
0.0
0.0
0.0
0.0
0.0
0.0
0.0
0.0
0.0
0.0
0.0
0.0
0.0
0.0
0.0
0.0
0.0
0.0
0.0
0.0
0.0
0.0
0.0
0.0
0.0
0.0
0.0
0.0
0.0
0.0
0.0
0.0
0.0
0.0
0.0
0.0
0.0
0.0
0.0
0.0
0.0
0.0
0.0
0.0
0.0
0.0
0.0
0.0
0.0
0.0
0.0
0.0
0.0
0.0
0.0
0.0
0.0
0.0
0.0
0.0
0.0
0.0
0.0
0.0
0.0
0.0
0.0
0.0
0.0
0.0
0.0
0.0
0.0
0.0
0.0
0.0
0.0
0.0
0.0
0.0
0.0
0.0
0.0
0.0
0.0
0.0
0.0
0.0
0.0
0.0
0.0
0.0
0.0
0.0
0.0
0.0
0.0
0.0
0.0
0.0
0.0
0.0
0.0
0.0
0.0
0.0
0.0
0.0
0.0
0.0
0.0
0.0
0.0
0.0
0.0
0.0
0.0
0.0
0.0
0.0
0.0
0.0
0.0
0.0
0.0
0.0
0.0
0.0
0.0
0.0
0.0
0.0
0.0
0.0
0.0
0.0
0.0
0.0
0.0
0.0
0.0
0.0
0.0
0.0
0.0
0.0
0.0
0.0
0.0
0.0
0.0
0.0
0.0
0.0
0.0
0.0
0.0
0.0
0.0
0.0
0.0
0.0
0.0
0.0
0.0
0.0
0.0
0.0
0.0
0.0
0.0
0.0
0.0
0.0
0.0
0.0
0.0
0.0
0.0
0.0
0.0
0.0
0.0
0.0
0.0
0.0
0.0
0.0
0.0
0.0
0.0
0.0
0.0
0.0
0.0
0.0
0.0
0.0
0.0
0.0
0.0
0.0
0.0
0.0
0.0
0.0
0.0
0.0
0.0
0.0
0.0
0.0
0.0
0.0
0.0
0.0
0.0
0.0
0.0
0.0
0.0
0.0
0.0
0.0
0.0
0.0
0.0
0.0
0.0
0.0
0.0
0.0
0.0
0.0
0.0
0.0
0.0
0.0
0.0
0.0
0.0
0.0
0.0
0.0
0.0
0.0
0.0
0.0
0.0
0.0
0.0
0.0
0.0
0.0
0.0
0.0
0.0
0.0
0.0
0.0
0.0
0.0
0.0
0.0
0.0
0.0
0.0
0.0
0.0
0.0
0.0
0.0
0.0
0.0
0.0
0.0
0.0
0.0
0.0
0.0
0.0
0.0
0.0
0.0
0.0
0.0
0.0
0.0
6.768610771784821e-07
7.816076824153242e-07
8.909538507257438e-07
1.004690317447191e-06
1.1225776709231149e-06
1.2443460045579505e-06
1.3696947011310054e-06
1.4982923571945199e-06
1.6297768550838409e-06
1.763755589716427e-06
1.8998058569529477e-06
2.0374754098350106e-06
2.1762831885016153e-06
2.3157202290185463e-06
2.4552507557333927e-06
2.5943134610917022e-06
2.7323229761211316e-06
2.868671534007009e-06
3.002730828350414e-06
3.1338540668160423e-06
3.261378219947398e-06
3.384626463950458e-06
3.502910815229528e-06
3.6155349534002692e-06
3.7217972284118323e-06
3.820993846282594e-06
3.912422226799808e-06
3.995384525353852e-06
4.069191309879734e-06
4.1331653826656464e-06
4.1866457355668025e-06
4.228991625938088e-06
4.259586759376712e-06
4.277843564153356e-06
4.283207541012264e-06
4.275161670845863e-06
4.2532308616030945e-06
4.216986414681131e-06
4.16605048998402e-06
4.100100547817254e-06
4.018873744830761e-06
3.922171260333458e-06
3.8098625284866655e-06
3.6818893511496575e-06
3.5382698655059395e-06
3.3791023400509626e-06
3.2045687720785187e-06
3.014938259470757e-06
2.8105701193834297e-06
2.5919167263296877e-06
2.359526042209153e-06
2.7212671907884025e-06
3.098094831950113e-06
3.4892239660191204e-06
3.893768804027557e-06
4.3107422038331865e-06
4.7390555704604755e-06
5.177519243672402e-06
5.624843394502689e-06
6.079639451031378e-06
6.540422072070554e-06
7.005611685641593e-06
7.4735376071718344e-06
7.942441750217345e-06
8.41048294023505e-06
8.875741839480824e-06
9.336226488510882e-06
9.789878467010042e-06
1.0234579673778243e-05
1.0668159722671262e-05
1.1088403948136245e-05
1.149306201070227e-05
1.187985708940432e-05
1.224649564463656e-05
1.2590677731371439e-05
1.2910107839045292e-05
1.3202506230730048e-05
1.3465620750482462e-05
1.369723906401855e-05
1.3895201294110183e-05
1.4057413008364182e-05
1.4181858513341682e-05
1.4266614405326094e-05
1.4309863324471223e-05
1.4309907855580127e-05
1.4265184515400793e-05
1.417427776309677e-05
1.4035933967487047e-05
1.3849075261764718e-05
1.3612813213729427e-05
1.3326462237119775e-05
1.2989552667435239e-05
1.2601843423715589e-05
1.2163334176117796e-05
1.1674276937821478e-05
1.113518699882328e-05
1.0546853118567428e-05
9.910346894126673e-06
9.227031220809114e-06
8.498567762643873e-06
7.726923351203816e-06
8.900412738599279e-06
1.0120239729116922e-05
1.1383664078990683e-05
1.268763037773357e-05
1.4028768223462461e-05
1.5403393913258384e-05
1.6807513710019947e-05
1.8236828742442608e-05
1.968674158943609e-05
2.1152364594481616e-05
2.2628529949134835e-05
2.4109801578109463e-05
2.5590488851141737e-05
2.706466213915274e-05
2.8526170224111104e-05
2.996865956347262e-05
3.138559540116196e-05
3.2770284707787605e-05
3.411590092317701e-05
3.541551046441564e-05
3.6662100952405956e-05
3.784861109956927e-05
3.896796219073697e-05
4.001309107855804e-05
4.097698460393637e-05
4.185271534115282e-05
4.2633478556471214e-05
4.3312630258234214e-05
4.388372620577096e-05
4.4340561733926897e-05
4.467721223975193e-05
4.488807416788355e-05
4.496790632153436e-05
4.491187131676296e-05
4.471557698896701e-05
4.437511755233295e-05
4.388711430538031e-05
4.324875566880892e-05
4.245783633566316e-05
4.1512795308424584e-05
4.041275259309725e-05
3.915754431671894e-05
3.774775603207071e-05
3.618475397172395e-05
3.4470714013011504e-05
3.260864811608434e-05
3.0602427998965495e-05
2.8456805816480454e-05
2.6177431614167282e-05
2.37708673337785e-05
2.7346748877713638e-05
3.105585483838439e-05
3.48892707013701e-05
3.883716048823653e-05
4.2888773184565316e-05
4.70324537676994e-05
5.125565898125356e-05
5.554497798707264e-05
5.988615800762276e-05
6.426413505280265e-05
6.86630698048964e-05
7.306638871391453e-05
7.745683033291085e-05
8.181649689912312e-05
8.612691114197763e-05
9.036907827326049e-05
9.452355308811849e-05
9.857051207814895e-05
0.00010248983042973123
0.00010626116375209159
0.00010986403435044576
0.00011327792183009626
0.00011648235778767815
0.00011945702431597426
0.00012218185601903489
0.00012463714520484859
0.00012680364989368573
0.00012866270425162876
0.00013019633103090428
0.0001313873555715084
0.00013221952089259735
0.0001326776033771641
0.0001327475285300318
0.0001324164862671028
0.00013167304517350747
0.0001305072651497495
0.00012891080784851786
0.0001268770442904873
0.000124401159035515
0.00012148025027614522
0.00011811342521353304
0.00011430189007183706
0.00011004903410603202
0.00010536050695997139
0.00010024428873664366
9.471075215085434e-05
8.87727161462769e-05
8.244549037390828e-05
7.574690994758811e-05
6.869735991439161e-05
7.893286261142887e-05
8.952674005544283e-05
0.00010045193477815281
0.00011167887134670179
0.0001231754909673821
0.00013490729908373562
0.00014683742627572623
0.00015892670271617812
0.00017113374638699004
0.00018341506520075856
0.00019572517311364107
0.00020801672025265564
0.0002202406370153436
0.00023234629203208767
0.00024428166381150983
0.00025599352581761085
0.00026742764465386733
0.0002785289909546811
0.0002892419625086913
0.00029951061906180514
0.00030927892817075566
0.00031849102140086964
0.00032709146008492724
0.00033502550978386554
0.0003422394225150396
0.00034868072574019974
0.000354298517033667
0.0003590437632818433
0.0003628696031985613
0.00036573165187731276
0.00036758830604152894
0.0003684010485981969
0.00036813475104868467
0.0003667579722640596
0.0003642432520908706
0.00036056739821772724
0.00035571176470340654
0.0003496625205440777
0.00034241090664084754
0.00033395347951961196
0.0003242923401534006
0.00031343534624335884
0.0003013963063284973
0.000288195154116538
0.0002738581014588984
0.00025841776843216446
0.0002419132890365298
0.00022439039107866642
0.0002059014488724523
0.00018650550746591115
0.0002140260316367521
0.0002424480237193815
0.00027169479312308533
0.0003016832219223861
0.0003323238995415174
0.00036352129159746585
0.0003951739434242767
0.00042717471865891157
0.00045941107311941196
0.0004917653640498545
0.000524115194644076
0.0005563337935919296
0.0005882904292185493
0.0006198508576092927
0.0006508778039314815
0.0006812314759793651
0.0007107701087818144
0.0007393505389237675
0.0007668288070433033
0.0007930607867773106
0.0008179028382408932
0.0008412124839398879
0.0008628491048330953
0.0008826746540820552
0.0009005543858523684
0.0009163575963627551
0.0009299583742172167
0.0009412363569028425
0.0009500774901920669
0.0009563747870544279
0.0009600290825602391
0.0009609497811479315
0.000959055592529195
0.000954275252422353
0.0009465482242354868
0.000935825377767725
0.0009220696409603801
0.0009052566207102881
0.000885375188756334
0.0008624280286674402
0.0008364321399967863
0.0008074192957234578
0.0007754364491790635
0.0007405460867541446
0.0007028265227969552
0.0006623721332563493
0.0006192935247804354
0.0005737176361641011
0.0005257877692405765
0.00047566354653542605
0.0005451699880916084
0.0006167953925073585
0.0006903366327579876
0.0007655752659214672
0.0008422779733297251
0.0009201970842543429
0.0009990711837041832
0.001078625804543606
0.0011585742037569188
0.0012386182222891293
0.0013184492274861675
0.001397749136741301
0.0014761915205295999
0.0015534427825815312
0.0016291634145108925
0.0017030093217742961
0.0017746332174001758
0.0018436860794879511
0.0019098186680434237
0.0019726830962884054
0.0020319344511612446
0.002087232457314826
0.002138243178519717
0.002184640749996977
0.0022261091348378796
0.0022623438973208175
0.002293053985609203
0.0023179635160125935
0.00233681355071659
0.002349363860639816
0.0023553946648581657
0.002354708337852
0.0023471310756806793
0.0023325145120748295
0.002310737275359807
0.002281706477087423
0.002245359123256828
0.0022016634390528067
0.0021506200981197396
0.00209226334752539
0.0020266620197490655
0.001953920423256546
0.0018741791034976724
0.0017876154664842215
0.0016944442574734027
0.001594917887698104
0.0014893266025463464
0.0013779984851007528
0.001261299289501293
0.0011396320991919498
0.0013045294118619016
0.0014740770619640217
0.0016477720013154428
0.0018250771385586826
0.002005422607534947
0.0021882072256096566
0.002372800141621786
0.0025585426722481296
0.0027447503246700736
0.0029307150025071615
0.0031157073910420808
0.003298979516810262
0.0034797674756672538
0.0036572943224832655
0.003830773114650841
0.003999410100633078
0.004162408043830891
0.004318969671113058
0.004468301234437288
0.004609616173098777
0.004742138863280186
0.0048651084407479875
0.004977782681750043
0.005079441926423022
0.005169393028320336
0.005246973313027016
0.005311554528241427
0.005362546767180153
0.0053994023467056505
0.005421619621190912
0.005428746712825384
0.005420385138835418
0.005396193315944502
0.005355889922336194
0.005299257097409648
0.005226143459735751
0.0051364669238347415
0.005030217296703902
0.004907458635430058
0.004768331347725483
0.0046130540178297924
0.0044419249409230295
0.0042553233499981
0.004053710320041613
0.003837629335370906
0.00360770650707007
0.003364650428655941
0.003109251659384831
0.0028423818259784702
0.0025649923349996316
0.0029324620837787294
0.003309450201228393
0.0036947913078585236
0.00408724951595195
0.004485521724927885
0.004888241318035942
0.0052939822560353665
0.00570126356157782
0.006108554186046242
0.0065142782486147695
0.0069168206352941235
0.00731453294372264
0.007705739757463012
0.008088745231580175
0.008461839969314662
0.00882330816773827
0.009171435008395946
0.009504514267107734
0.009820856115339269
0.010118795083856845
0.010396698157776213
0.010652972970598404
0.010886076063417275
0.011094521174184
0.011276887520740573
0.011431828040289155
0.011558077547062093
0.011654460769200861
0.011719900225255092
0.01175342390027532
0.011754172681210161
0.011721407511227768
0.011654516222676662
0.011553020008678774
0.011416579493820841
0.011245000365072427
0.011038238524923461
0.010796404729791077
0.010519768678007881
0.010208762513158807
0.00986398371019276
0.009486197313584889
0.009076337498872891
0.008635508431122929
0.008164984396301481
0.007666209184123799
0.007140794703720529
0.006590518816393013
0.006017322372815993
0.005423305445275672
0.006192521608288383
0.00697988243315242
0.007782861504479831
0.008598796519247299
0.00942489709878458
0.010258253387702664
0.011095845423527524
0.011934553256876576
0.01277116779807394
0.013602402362155567
0.014424904880293042
0.015235270741774904
0.016030056226855285
0.016805792487020858
0.017559000025566644
0.0182862036278206
0.018983947686943847
0.01964881186796733
0.020277427049637056
0.020866491480735237
0.021412787084855712
0.021913195845142196
0.02236471619827995
0.022764479365066963
0.0231097655432104
0.023398019886598415
0.023626868194215975
0.02379413223110263
0.023897844603319944
0.02393626310879957
0.02390788448620589
0.02381145748456326
0.023645995177386036
0.02341078644640552
0.023105406561721744
0.02272972678731797
0.022283922943363565
0.021768482859595
0.021184212657301478
0.020532241801045698
0.019814026865217032
0.019031353964830366
0.018186339804644146
0.0172814313056591
0.016319403773362228
0.0153033575776824
0.014236713320507542
0.01312320547275514
0.011966874469374977
0.010772057257260475
0.012284549957477752
0.013829196881583222
0.015400871106852503
0.01699420245520142
0.018603594511854206
0.02022324307372789
0.02184715598252411
0.02346917429018158
0.025082994697061413
0.026682193196036968
0.02826024984858125
0.029810574612023886
0.03132653413041304
0.03280147939491894
0.034228774173463566
0.03560182410332193
0.036914106334816475
0.038159199608981724
0.03933081464721645
0.04042282472652252
0.04142929630996163
0.042344519598489186
0.04316303886737003
0.04387968244796461
0.04448959221383354
0.044988252428850815
0.04537151781437443
0.045635640692504656
0.04577729706308873
0.045793611473412474
0.045682180541469046
0.045441094996314706
0.045068960102324244
0.044564914338130465
0.0439286462056932
0.0431604090502625
0.04226103377799378
0.04123193936461506
0.040075141055819136
0.0387932561679605
0.03738950740612272
0.03586772362570292
0.03423233797326399
0.03248838335254885
0.03064148517215125
0.02869785134240248
0.026664259500494798
0.024548041454676452
0.022357064850508673
0.020099712074567185
0.022893256055712408
0.02573963632407958
0.028629111169389536
0.031551535413610096
0.03449639463950212
0.03745284182022351
0.040409736244656054
0.04335568462049717
0.046279084224812264
0.0491681679596627
0.052011051158743056
0.054795779979671166
0.05751038120580086
0.06014291327117623
0.06268151831260754
0.06511447504387995
0.06743025223883238
0.06961756260256717
0.07166541680336745
0.07356317743211079
0.0753006126510701
0.07686794929007429
0.07825592514505991
0.07945584023214695
0.08045960674953255
0.0812597974997428
0.08184969252614893
0.08222332372014177
0.08237551715899606
0.08230193293924286
0.08199910227631134
0.08146446164829357
0.080696383769934
0.0796942051923126
0.07845825033419178
0.07698985176256767
0.07529136655262801
0.07336618857097985
0.07121875654068238
0.0688545577622324
0.06628012738113599
0.0635030431100622
0.06053191533166679
0.057376372527028166
0.05404704199408362
0.05055552584051833
0.04691437225606487
0.043137042090120696
0.03923787078184889
0.03523202571139852
0.0400785938189726
0.04500538157810667
0.049995053633266756
0.05502965676646421
0.060090683649489135
0.06515914031072347
0.07021561709895817
0.07524036290676799
0.08021336239679491
0.08511441595579865
0.08992322208374676
0.09461946190851708
0.09918288550118809
0.10359339965236793
0.10783115675676211
0.11187664444119229
0.11571077556069201
0.11931497817818787
0.12267128513565498
0.12576242281864802
0.12857189871173472
0.1310840873397212
0.13328431418864448
0.13515893720139335
0.13669542544552388
0.13788243455537003
0.13870987855695632
0.13916899769247662
0.13925242187122852
0.13895422938587498
0.13827000054671085
0.13719686590223704
0.1357335487317413
0.13388040151469469
0.13163943610258763
0.12901434734121886
0.1260105299154293
0.12263508821366693
0.1188968390365962
0.11480630700202367
0.11037571252769726
0.1056189523038771
0.10055157219885723
0.09519073257278614
0.08955516600793578
0.0836651274970283
0.07754233716503373
0.07120991563403738
0.06469231217501696
0.058015225824669565
0.06591344037689092
0.07392359599321306
0.08201679744693703
0.09016328045131235
0.09833252186070345
0.10649335513818668
0.1146140906848061
0.12266264059717073
0.13060664739285818
0.13841361621745765
0.14605105002317137
0.15348658718674396
0.16068814101439172
0.1676240405633008
0.1742631721934528
0.1805751212499717
0.1865303132650703
0.19210015406007555
0.19725716812196012
0.2019751346254728
0.2062292204712901
0.20999610971276841
0.2132541287487895
0.21598336666799012
0.21816579014027468
0.2197853522649934
0.22082809480148116
0.22128224322677847
0.22113829408725996
0.220389094135529
0.21902991077121725
0.21705849333421515
0.2144751248312106
0.21128266371117863
0.2074865753425022
0.2030949528835623
0.19811852727985416
0.19257066616369317
0.1864673614773575
0.17982720568672997
0.17267135650016144
0.165023490055988
0.15690974259187673
0.14835864065964005
0.13940102000011187
0.13006993324405355
0.12040054665638716
0.11043002619239681
0.10019741318536352
0.08974349003548182
0.10183383047068871
0.11406655265190621
0.12639653561144693
0.138777544777749
0.15116240903984143
0.1635032045982091
0.175751444916334
0.18785827604996078
0.19977467659646816
0.21145166147487868
0.22284048871821968
0.23389286843418375
0.24456117306772934
0.2547986480802884
0.2645596221450148
0.2737997159458795
0.2824760486607438
0.29054744120470954
0.297974615310259
0.30472038752499025
0.3107498572160994
0.3160305876833017
0.32053277949849696
0.324229435211273
0.32709651458417355
0.3291130795505635
0.330261428120775
0.3305272164989665
0.32989956871363296
0.32837117310887887
0.32593836509121815
0.3226011955776912
0.31836348464523884
0.3132328599384432
0.30722077945261006
0.3003425383716158
0.2926172597046594
0.2840678685327742
0.27472104974452116
0.2646071892102158
0.2537602984153088
0.24221792264555023
0.23002103288932751
0.2172139016954463
0.20384396329757648
0.18996165838913073
0.17562026400412634
0.16087570903049375
0.14578637595165733
0.13041288948011462
0.1477973933172594
0.16534464833820275
0.18298863977821622
0.20066207089154026
0.21829662768785824
0.2358232515052163
0.25317241835444376
0.2702744239269222
0.2870596731183996
0.3034589728871376
0.31940382723482674
0.3348267330738533
0.34966147572478956
0.3638434227733772
0.377309815007239
0.39000005314880704
0.4018559791029809
0.4128221504455033
0.42284610689134855
0.4318786275012919
0.4398739774094308
0.44679014288466923
0.4525890535749344
0.45723679082419627
0.4607037809989659
0.4629649728128172
0.4639999976943742
0.46379331230598503
0.4623343223867145
0.459617487164141
0.4556424036543983
0.45041387024879354
0.44394192906771246
0.4362418866482322
0.4273343126203802
0.41724501611814596
0.40600499976458776
0.39365039116548006
0.380222351942419
0.3657669644336799
0.3503350962892068
0.33398224328412723
0.3167683507731285
0.29875761430498965
0.2800182600126071
0.26062230548803295
0.2406453019443789
0.22016605855622193
0.1992663499569512
0.1780306079551973
0.20151067785202403
0.22515342827188944
0.24886835781784492
0.2725636742676336
0.29614666319329047
0.3195240644693964
0.3426024551478978
0.365288637133829
0.38749002805875915
0.40911505371817075
0.43007354041488155
0.4502771055337649
0.4696395446631074
0.4880772135753375
0.5055094033846654
0.5218587072111833
0.537051376700614
0.5510176667757114
0.5636921670296932
0.5750141182135445
0.5849277123178245
0.5933823748052955
0.6003330276132941
0.605740331613994
0.6095709072963096
0.6117975325149483
0.6123993162396794
0.6113618473309572
0.6086773174662455
0.6043446174443405
0.5983694062023017
0.5907641519908372
0.5815481452686447
0.570747482993926
0.5583950241114349
0.5445303161556245
0.529199493014054
0.512455144019886
0.4943561546672124
0.4749675193678487
0.45436012679242366
0.43261051846140125
0.4098006213729378
0.38601745557308265
0.3613528176898767
0.3359029415652108
0.30976813722690233
0.28305240954750216
0.25586305803532117
0.22831025929699147
0.25809877791993924
0.2880206195533687
0.31795951813037693
0.3477981399442832
0.37741856190900136
0.40670275630516217
0.43553308000479035
0.4637927661316579
0.49136641608704495
0.5181404898524113
0.5440037924707791
0.5688479546083687
0.5925679051065055
0.6150623334517901
0.636234140119383
0.6559908727803284
0.6742451464089818
0.6909150453804448
0.7059245057107025
0.7192036756632145
0.7306892530252455
0.7403247974445316
0.7480610163119968
0.7538560227785175
0.7576755646029745
0.7594932226445186
0.759290577933648
0.7570573463838898
0.7527914803380725
0.7464992362797811
0.7381952081811244
0.7279023261017065
0.715651819800184
0.7014831472683408
0.6854438882475034
0.6675896029379198
0.6479836562624615
0.6266970081964018
0.6038079708239874
0.5794019329297941
0.5535710530775418
0.5264139222704244
0.49803519742484814
0.4685452070224873
0.43805953043391904
0.4066985525293817
0.3745869953086662
0.3418534283914354
0.3086297603115585
0.2750507126534282
0.3105492089676957
0.3461188015636463
0.3816195130904609
0.4169107849080182
0.4518520554819222
0.48630334221743093
0.5201258242863991
0.5531824239827452
0.5853383841340679
0.61646183909994
0.6464243769007125
0.6751015900450981
0.7023736126594856
0.7281256415676213
0.7522484390250074
0.7746388148787062
0.7952000859993082
0.8138425109177514
0.8304836976950798
0.8450489831574748
0.8574717817420116
0.8676939023196659
0.8756658314910537
0.8813469819863431
0.8847059049434837
0.8857204649875011
0.8843779771876797
0.8806753051282267
0.8746189194908873
0.8662249167141893
0.8555189974629333
0.8425364048123359
0.8273218222233312
0.8099292315579603
0.7904217315560064
0.768871317365183
0.745358621886416
0.7199726198626589
0.6928102958029768
0.6639762769932469
0.6335824329993387
0.6017474432179974
0.5685963341737816
0.5342599883966558
0.4988746268440011
0.46258126695156637
0.4255251585105701
0.3878551996712738
0.3497233354674258
0.311283941339545
0.35101970862004817
0.3907359738674477
0.4302747995107511
0.4694783824623419
0.5081897062528363
0.5462531921438245
0.5835153464621224
0.6198254014057206
0.6550359465905932
0.6890035486379963
0.7215893561443036
0.7526596874295056
0.7820865985258632
0.8097484289449393
0.8355303228485884
0.8593247233477064
0.881031837760517
0.9005600717801892
0.9178264306285291
0.9327568854082342
0.9452867030100839
0.9553607380826631
0.9629336857304985
0.9679702937707491
0.9704455335485082
0.9703447284853012
0.9676636397139925
0.9624085083350974
0.9545960540137823
0.944253429822702
0.9314181334226002
0.9161378748592978
0.8984704014417217
0.8784832803499064
0.8562536398038707
0.831867869803011
0.8054212836202606
0.77701774140535
0.7467692374157238
0.7147954525520194
0.6812232740259887
0.6461862841325239
0.6098242202325393
0.5722824081799939
0.5337111715433264
0.49426521907842863
0.45410301300707123
0.41338612074009534
0.3722785527593535
0.330946089434869
0.3727255551704726
0.4143794389349094
0.4557407299757078
0.49664339518656514
0.5369230646161327
0.5764177107436242
0.6149683186485783
0.6524195442373323
0.6886203577380016
0.7234246697353837
0.7566919370902837
0.7882877461708871
0.8180843709193014
0.8459613033817625
0.8718057544473043
0.8955131226653091
0.9169874291476674
0.9361417167048662
0.9528984115173292
0.9671896458024056
0.9789575401034609
0.9881544439993372
0.9947431342096519
0.9986969692529407
1.0
0.9986470356528285
0.994643664869781
0.9880062319489192
0.978761768173286
0.9669478786131133
0.9526125848700152
0.9358141244360111
0.9166207075252251
0.8951102324172173
0.8713699605276402
0.8454961525930956
0.817593667522494
0.787775525625585
0.756162438080596
0.7228823046454149
0.68806968175158
0.6518652232445281
0.6144150961492627
0.575870373944567
0.5363864099235806
0.4961221933004957
0.45523969079480636
0.41390317648353764
0.3722785527593512
0.3305326652670106
0.37179490507986146
0.41282842600574554
0.4534677136022048
0.4935490538560283
0.5329112049109697
0.571396057546514
0.608849281639024
0.6451209559011916
0.6800661782701956
0.7135456544023925
0.7454262618290027
0.7755815874357708
0.8038924360465048
0.8302473080181499
0.8545428438904384
0.8766842342774511
0.8965855933398675
0.9141702943353415
0.9293712659089017
0.9421312479554982
0.952403006061463
0.9601495037105562
0.9653440316218
0.9679702937707496
0.9680224498313063
0.9655051139617098
0.9604333100445372
0.9528323836759471
0.9427378713830697
0.9301953277294863
0.915260111146706
0.897997129503152
0.8784805465912394
0.8567934508764282
0.8330274880094304
0.807282458752841
0.7796658841163631
0.7502925396292205
0.7192839608044603
0.6867679219660822
0.6528778907174749
0.617752460425777
0.581534763183687
0.5443718657849383
0.5064141513146352
0.46781468900770345
0.4287285950704064
0.3893123871889979
0.34972333546742823
0.3101188125414051
0.34839690859983036
0.38636482795900373
0.4238688423083525
0.46075767491243713
0.49688311401762253
0.532100611134211
0.5662698617311749
0.5992553659655934
0.6309269671625282
0.6611603658657093
0.6898376073915238
0.7168475409407677
0.7420862484511033
0.7654574415102914
0.7868728247929986
0.80625242463338
0.8235248815000389
0.8386277052993129
0.8515074925958025
0.8621201050055028
0.8704308081856341
0.8764143710158928
0.8800551247372668
0.8813469819863432
0.8802934158342213
0.8769073991091111
0.8712113044495888
0.8632367657007087
0.8530245014269728
0.8406241014737134
0.8260937776614502
0.8095000798450571
0.7909175787110783
0.770428516821184
0.7481224295374356
0.7240957375847257
0.6984513131175839
0.6712980212614374
0.6427502391925699
0.6129273549054068
0.5819532478908596
0.549955754014152
0.5170661169354912
0.48341842846075184
0.44914906024373064
0.4143960892839252
0.3792987196769103
0.34399670307546665
0.30862976031155687
0.273337006609202
0.3066915047374294
0.3396895367482378
0.3721972937405541
0.4040837885444678
0.4352213774758643
0.4654862648883264
0.4947589885039123
0.5229248835987306
0.5498745242216736
0.575504139733976
0.5997160050736308
0.6224188032707831
0.643527958868223
0.6629659410338029
0.6806625352889674
0.6965550829183383
0.710588687269446
0.7227163862980409
0.7328992908629087
0.7411066884231929
0.7473161119414291
0.7515133739449292
0.7536925658472302
0.7538560227785179
0.7520142543193826
0.748185841674723
0.7423973019638679
0.7346829204383322
0.7250845515694245
0.7136513900738044
0.7004397130653481
0.6855125946360637
0.668939594276538
0.6507964206474586
0.6311645723073407
0.6101309570878021
0.5877874918855688
0.5642306847106718
0.5395612008912888
0.5138834153888615
0.4873049532205765
0.45993622002177836
0.4318899248063117
0.4032805969999883
0.3742240998299154
0.3448371421513317
0.3152367907831051
0.285539985404186
0.2558630580353167
0.22632125909424816
0.25362134114545276
0.28055844778156963
0.3070234328573421
0.3329100235247544
0.35811523331402345
0.38253975791800787
0.4060883521610733
0.42867018672632795
0.450199183314409
0.47059432701007864
0.4897799547413753
0.5076860188275917
0.524248324727714
0.5394087422188595
0.553115389354664
0.5653227886754457
0.5759919952652496
0.585090696374603
0.592593282451882
0.5984808895493908
0.6027414131929609
0.6053694939246207
0.6063664748469517
0.6057403316139935
0.6035055754270404
0.5996831297034989
0.5943001811929569
0.5873900064162386
0.5789917744000549
0.5691503267716216
0.557915936363819
0.5453440455619811
0.5314949856976555
0.5164336788627472
0.5002293235787484
0.48295506581047715
0.4646876568611166
0.44550709972617153
0.4254962855168853
0.40474062159000135
0.38332765303903765
0.36134667921399277
0.33888836694001195
0.3160443621025968
0.2929069012563515
0.2695684248969716
0.24612119401163568
0.22265691149208616
0.1992663499569527
0.17603898748616692
0.19702731457748507
0.21768130146244083
0.23791752338180172
0.2576551991899347
0.2768164954547075
0.295326814866207
0.31311506791015364
0.3301139268444935
0.3462600611043119
0.3614943533488764
0.3757620954564892
0.3890131638660452
0.4012021737593353
0.412288611674193
0.4222369462354955
0.4310167167880181
0.4386025998120964
0.4449744530993188
0.4501173377608298
0.4540215182346548
0.45668244055057133
0.45810068920092145
0.45828192305314824
0.45723679082419616
0.4549808267181733
0.45153432690626805
0.4469222076016953
0.4411738455521017
0.43432290183709565
0.4264071299192292
0.41746816895252853
0.40755132340350136
0.396705330085146
0.38498211374472524
0.3724365323810858
0.3591261134964902
0.3451107825118604
0.33045258459240867
0.3152154011433018
0.2994646622418344
0.2832670562741096
0.26669023804001757
0.24980253658089266
0.23267266396927097
0.21536942628031355
0.19796143793933002
0.1805168406101249
0.16310302775412752
0.14578637595166055
0.12863198403315843
0.14378834210575558
0.158662939262535
0.17319602979429238
0.18733009111201906
0.20101003162054723
0.21418338560461841
0.22680049447748468
0.2388146738093578
0.2501823656216388
0.260863275502958
0.2708204941739933
0.2800206031997709
0.28843376462006426
0.2960337943405541
0.30279821919905414
0.3087083176923063
0.31374914441884194
0.31790953836254526
0.3211821152088733
0.32356324395149916
0.32505300811069643
0.32565515194625294
0.32537701210651393
0.324229435211273
0.3222266819194169
0.31938631808223905
0.3157290936300647
0.31127880988304873
0.3060621760166721
0.300108655448301
0.2934503029432998
0.28612159326724185
0.2781592422349947
0.26960202102745107
0.2604905646628514
0.2508671755214569
0.24077562283037296
0.23026093901899722
0.2193692138556011
0.20814738727126386
0.19664304176955028
0.1849041953084834
0.1729790955260422
0.16091601616135312
0.1487630565014829
0.1365679446580318
0.12437784544911107
0.11223917363046604
0.1001974131853657
0.08829694334568132
0.09857743404794107
0.10863917536405478
0.11844208100510813
0.12794778536317095
0.1371197751952565
0.14592351143315005
0.15432654075872002
0.16229859663414967
0.16981168952657263
0.17684018611718505
0.1833608773354927
0.1893530351099243
0.19479845777617455
0.19968150413430896
0.20398911619450621
0.2077108306993091
0.21083877955690325
0.21336767936549167
0.2152948102526361
0.21661998429574106
0.21734550383015241
0.2174761099897909
0.2170189218614619
0.2159833666679899
0.21438110142697803
0.21222592656115455
0.20953369196290575
0.206322196039573
0.20261107828742933
0.19842170596078929
0.19377705541854065
0.18870158874335627
0.18322112623908754
0.17736271541916823
0.17115449710355463
0.1646255692434724
0.15780584909246648
0.1507259343385824
0.14341696380647947
0.13591047832944436
0.12823828238021243
0.12043230703591042
0.11252447483670339
0.10454656707970607
0.0965300940697967
0.08850616882700453
0.08050538472650169
0.07255769752180702
0.06469231217501759
0.056937574889594035
0.06348745782379574
0.06988018084818387
0.07609054960092353
0.0820946010669346
0.08786968066921488
0.09339451243482474
0.09864926206311767
0.10361559275762344
0.10827671371659923
0.11261742121080577
0.11662413221033954
0.12028491055507086
0.12358948569554289
0.12652926406259096
0.1290973331547056
0.13128845846182435
0.13309907337291313
0.13452726224216882
0.13557273681489157
0.1362368062389114
0.13652234091084794
0.13643373042835802
0.13597683593980223
0.1351589372013935
0.13398867466880499
0.13247598696541102
0.13063204408271978
0.12846917668016938
0.12600080186121648
0.12324134581061671
0.12020616368388048
0.11691145714422163
0.11337418994476357
0.10961200195450908
0.10564312202550721
0.10148628009592059
0.0971606189192392
0.09268560580387877
0.08808094473977233
0.08336648927950623
0.07856215653099223
0.0736878426068411
0.06876333986242811
0.06380825624035644
0.0588419370235238
0.053883389282651496
0.0489512092866693
0.04406351312625946
0.03923787078184879
0.034491243847897014
0.03841094218759068
0.04222582806362065
0.04592107092146533
0.04948265746008918
0.05289743316962244
0.0561531393752912
0.059238445721994104
0.06214297805495986
0.06485734167275982
0.06737313994942483
0.06968298834251395
0.07178052382356942
0.07366040978645845
0.07531833650745053
0.07675101724862642
0.07795618011309458
0.07893255577662901
0.07967986123551847
0.08019877972473953
0.08049093697385894
0.08055887398037519
0.08040601649146817
0.08003664139530593
0.07945584023214693
0.07866948004344462
0.07768416178402175
0.07650717652808987
0.07514645970448924
0.07361054359997073
0.07190850837169818
0.07004993181136301
0.0680448381034759
0.06590364581945439
0.06363711538719952
0.06125629627285899
0.0587724741075781
0.05619711798713504
0.053541828166626844
0.050818284365745606
0.04803819489279979
0.04521324678745661
0.042355057173357635
0.039475126002242976
0.0365847903611711
0.03369518050377119
0.030817177755447168
0.027961374430905635
0.025138035890601183
0.02235706485050861
0.01962796804733773
0.021831248738834567
0.023969497229686408
0.026034538835324722
0.02801870306647511
0.02991484409933028
0.03171635854265692
0.033417200487760236
0.03501189383934045
0.03649554193713831
0.03786383448979159
0.039113051853509585
0.040240066698941965
0.041242343119976314
0.04211793324803495
0.04286547144483
0.04348416615533059
0.04397378951097645
0.04433466478081872
0.044567651775351394
0.04467413031422188
0.044655981874810693
0.04451556954381978
0.04425571639849807
0.04387968244796461
0.04339114026825033
0.04279414946718862
0.04209313011712571
0.04129283529462271
0.04039832286687057
0.0394149266644762
0.038348227179582535
0.03720402192702095
0.03598829560432497
0.03470719018404612
0.033366975068856844
0.03197401743651051
0.030534752897792273
0.029055656586248466
0.02754321479370076
0.026003897260379542
0.024444130223011902
0.0228702703183376
0.021288579433433007
0.01970520058781843
0.018126134925752515
0.01655721989032671
0.015004108644060609
0.013472250793645004
0.011966874469375199
0.010492969802640304
0.011656248309378595
0.0127819251234734
0.013865781926689425
0.014903890017013123
0.015892619441250914
0.01682864661832713
0.017708960458687157
0.01853086699166032
0.019291992518826902
0.01999028531742864
0.020624015923558427
0.02119177603032565
0.021692476041330275
0.022125341324622714
0.022489907216842013
0.022786012831409817
0.02301379372849323
0.023173673507935335
0.023266354389477783
0.023292806847361607
0.02325425836878622
0.02315218140773103
0.022988280607303326
0.02276447936506696
0.022482905816735562
0.022145878314185657
0.021755890473969225
0.021315595872381077
0.02082779246268754
0.020295406789342968
0.019721478072939364
0.01910914223824637
0.018461615956038242
0.017782180767462515
0.017074167357523876
0.016340940041826305
0.015585881528079165
0.01481237801102007
0.014023804656385539
0.013223511526359054
0.012414809995592841
0.011600959703418848
0.010785156084301889
0.009970518514903336
0.009160079112400049
0.008356772214895395
0.007563424570950101
0.006782746261402213
0.006017322372816061
0.005269605438070281
0.005846495207076002
0.006403098880421956
0.006937379247809008
0.007447454184903127
0.007931600274680168
0.008388255645765232
0.008816022037175372
0.009213666102021052
0.009580119965703278
0.009914481056994323
0.010216011233060462
0.010484135222008306
0.01071843840886723
0.010918663993086868
0.011084709547595929
0.011216623011261187
0.011314598148177257
0.011378969508620352
0.011410206927708633
0.011408909598825467
0.011375799759684056
0.011311716029541282
0.011217606436511188
0.011094521174184
0.010943605126831596
0.010766090202378252
0.010563287512043232
0.010336579435122605
0.010087411606782904
0.009817284865989241
0.009527747199802119
0.009220385719246537
0.008896818700807546
0.008558687726329669
0.00820764995272006
0.00784537054137115
0.00747351527564991
0.007093743393145449
0.00670770065764682
0.006317012694035734
0.005923278607446958
0.005528064906166404
0.0051328997458351825
0.004739267510588292
0.0043486037448194305
0.003962290447306902
0.0035816517374998294
0.0032079499018259003
0.002842381825978486
0.0024860758172587163
0.002754793187706966
0.003013288698689707
0.0032606418848816028
0.0034960097750090075
0.0037186281201959954
0.003927812244681457
0.004122957526566438
0.004303539517655867
0.004469113712778864
0.0046193149802101945
0.004753856665957779
0.00487252938574102
0.004975199519442806
0.005061807423688251
0.005132365378971161
0.005186955288426023
0.005225726145919915
0.005248891291619628
0.005256725473575963
0.00524956173415711
0.005227788140362181
0.005191844377151925
0.005142218222952896
0.005079441926423029
0.005004088503415523
0.004916767972847169
0.0048181235498691195
0.004708827814358735
0.004589578872300579
0.0044610965271124365
0.004324118477396224
0.004179396556965151
0.0040276930323153715
0.0038697769719838308
0.0037064207014616715
0.003538396356527741
0.0033664725470242255
0.003191411142231839
0.0030139641881088424
0.0028348709657532146
0.002654855199522519
0.002474622422317933
0.0022948575046024904
0.002116222352790283
0.0019393537817111596
0.001764861564935
0.001593326665828235
0.001425299651322756
0.0012612992895012923
0.00110181133125326
0.0012193798036262507
0.0013321338742274071
0.0014396846163833388
0.0015416792645217654
0.0016378015354704607
0.0017277717804041511
0.0018113469722736528
0.0018883205341242498
0.0019585220142446505
0.002021816614574833
0.0020781045792454197
0.002127320450519395
0.002169432199760285
0.0022044402413578554
0.0022323763378040377
0.0022533024043281257
0.0022673092216718266
0.0022745150657119398
0.0022750642627223853
0.0022691256791091
0.0022568911544520918
0.00223857388664949
0.0022144067778813704
0.0021846407499969767
0.0021495430377799036
0.0021093954683638664
0.002064492734858138
0.0020151406719995223
0.0019616545413776634
0.0019043573334863347
0.0018435780935351686
0.0017796502776187837
0.0017129101454829265
0.0016436951957551898
0.001572342649120235
0.0014991879845217152
0.0014245635330643039
0.0013487971338745845
0.0012722108557578174
0.0011951197880651744
0.0011178309037596687
0.0010406419972463683
0.0009638406991098041
0.0008877035694862884
0.0008124952713871545
0.0007384678248875682
0.0006658599427021396
0.0005948964472873248
0.0005257877692405733
0.0004587295264110679
0.000507043932031206
0.0005532374819173599
0.0005971565770866643
0.000638663385821449
0.0006776358805596993
0.000713967804164571
0.0007475685681834323
0.0007783630859199218
0.0008062915433373546
0.0008313091109844399
0.0008533856002881254
0.0008725050676901975
0.0008886653702172325
0.0009018776761652476
0.0009121659346527601
0.0009195663078487468
0.0009241265697156731
0.0009259054751229288
0.0009249721031830369
0.0009214051786429134
0.000915292375125604
0.0009067296039650968
0.0008958202923090306
0.000882674654082055
0.0008674089573070014
0.0008501447911732349
0.0008310083361218498
0.0008101296400875391
0.0007876419038969749
0.000763680778675506
0.0007383836779576488
0.000711889107034498
0.0006843360119025213
0.0006558631500054313
0.0006266084847836793
0.0005967086058667843
0.0005662981765618892
0.000535509410109746
0.0005044715759962568
0.00047331053742632616
0.00044214832088583663
0.00041110271854002386
0.0003802869240409366
0.00034980920214590106
0.00031977259238162055
0.00029027464682658826
0.0002614072019284916
0.00023325618412241785
0.00020590144887245551
0.00017941665262189677
0.00019806547360101516
0.0002158399913161576
0.00023268354447387817
0.0002485458990299277
0.00026338322328357274
0.00027715803559589397
0.0002898391259836828
0.00030140145291221226
0.00031182601667299607
0.00032109971078698454
0.0003292151529192442
0.0003361704968284384
0.00034196922690325895
0.0003466199368588392
0.00035013609417877597
0.00035253579189368665
0.0003538414892847146
0.0003540797430910163
0.00035328093078377707
0.00035147896744651543
0.00034871101777237106
0.0003450172046541504
0.0003404403158027126
0.00033502550978386554
0.00032882002281404103
0.0003218728776007339
0.0003142345954557418
0.0003059569128476774
0.0002970925034958681
0.0002876947070405874
0.0002778172652554403
0.00026751406669651853
0.00025683890061072197
0.00024584522085198163
0.00023458592048029007
0.00022311311764388104
0.00021147795327091458
0.00019973040102299914
0.0001879190898900035
0.00017609113973350723
0.00016429201001571484
0.00015256536188154934
0.00014095293369463375
0.00012949443006278786
0.00011822742432611569
0.00010718727442054953
9.640705197244013e-05
8.591748442519363e-05
7.574690994758865e-05
6.592124482492456e-05
7.268228271538179e-05
7.910589138592251e-05
8.517256306184494e-05
9.086524027404676e-05
9.616929177127766e-05
0.00010107247857301794
0.00010556491070567951
0.00010963899518591245
0.00011328937583240238
0.00011651286550183002
0.00011930837135560907
0.00012167681377177463
0.00012362103952099753
0.00012514572982731694
0.00012625730393283117
0.00012696381878147023
0.00012727486543019244
0.00012720146278663827
0.00012675594926054345
0.0001259518729023019
0.00012480388058603342
0.00012332760677655254
0.00012153956239992721
0.00011945702431597387
0.00011709792586829591
0.00011448074896338174
0.00011162441810515931
0.00010854819678524509
0.0001052715866022406
0.00010181422945584048
9.819581313351937e-05
9.443598057913354e-05
9.055424310426898e-05
8.656989777449299e-05
8.250194917419161e-05
7.83690357253045e-05
7.418936070735522e-05
6.998062809858701e-05
6.57599833311245e-05
6.154395902671971e-05
5.7348425754192244e-05
5.318854782492152e-05
4.90787441190639e-05
4.50326539123795e-05
4.106310765192653e-05
3.718210260828403e-05
3.340078331264359e-05
2.9729426668919044e-05
2.6177431614167316e-05
2.2753313184940625e-05
2.5055607400058333e-05
2.723593802743836e-05
2.9288043239782484e-05
3.120653515028285e-05
3.298688619167255e-05
3.462541219953751e-05
3.611925241477332e-05
3.746634662529899e-05
3.866540967104964e-05
3.971590353905528e-05
4.061800727697943e-05
4.1372584953951e-05
4.1981151896906955e-05
4.2445839429007645e-05
4.276935833405454e-05
4.2954961267270436e-05
4.3006404328371316e-05
4.292790800760908e-05
4.272411770944553e-05
4.240006405182067e-05
4.1961123131630035e-05
4.141297693910836e-05
4.0761574095380337e-05
4.0013091078558105e-05
3.917389409447695e-05
3.82505017385592e-05
3.724954858539943e-05
3.617774983257373e-05
3.504186711490399e-05
3.384867559505732e-05
3.2604932425928225e-05
3.131734666985312e-05
2.9992550749319706e-05
2.8637073493582602e-05
2.725731483544259e-05
2.5859522202512597e-05
2.4449768637548367e-05
2.3033932672958326e-05
2.161767997540739e-05
2.020644676758039e-05
1.8805425025638206e-05
1.741954944277482e-05
1.6053486141514228e-05
1.471162311008133e-05
1.3398062331254281e-05
1.211661356567702e-05
1.0870789745588938e-05
9.663803929423861e-06
8.498567762643836e-06
7.377691385612599e-06
8.114054250402004e-06
8.809118271300114e-06
9.461011981982724e-06
1.0068155607716653e-05
1.0629254884396107e-05
1.1143293856501525e-05
1.1609526732168797e-05
1.2027468874483583e-05
1.239688700863485e-05
1.2717788724683332e-05
1.2990411355451098e-05
1.3215210308412796e-05
1.3392846929521008e-05
1.3524175975609903e-05
1.3610232770445172e-05
1.3652220117617055e-05
1.3651495041354775e-05
1.3609555423974135e-05
1.352802660608921e-05
1.3408648012944822e-05
1.3253259867275427e-05
1.3063790045996042e-05
1.2842241134796506e-05
1.2590677731371435e-05
1.2311214044585195e-05
1.200600183337415e-05
1.1677218725637916e-05
1.1327056953796004e-05
1.0957712540091536e-05
1.0571374961144623e-05
1.0170217317690094e-05
9.756387031915659e-06
9.331997091340489e-06
8.899117854776698e-06
8.459769432586618e-06
8.015914650224436e-06
7.5694526009185455e-06
7.12221279034241e-06
6.675949873227428e-06
6.232338979116336e-06
5.7929716218310026e-06
5.359352184756952e-06
4.932894971715209e-06
4.5149218110244185e-06
4.106660198337049e-06
3.7092419619822428e-06
3.3237024328475725e-06
2.950980099307722e-06
2.591916726329649e-06
2.247257916681987e-06
2.468467840763073e-06
2.676573287254573e-06
2.8710544089602217e-06
3.0514824839041564e-06
3.2175174835165276e-06
3.3689053482370434e-06
3.5054749967749408e-06
3.627135095298802e-06
3.7338706127303737e-06
3.8257391881072944e-06
3.9028673356507976e-06
3.9654465127425645e-06
4.0137290754829815e-06
4.04802414588021e-06
4.068693414011297e-06
4.076146897710195e-06
4.070838681482594e-06
4.0532626554287795e-06
4.023948273982034e-06
3.983456353247255e-06
3.932374924661996e-06
3.871315161604315e-06
3.800907394446933e-06
3.7217972284118323e-06
3.6346417774201785e-06
3.5401060259640196e-06
3.438859329857294e-06
3.331572065556217e-06
3.2189124365836455e-06
3.1015434444472837e-06
2.980120030318731e-06
2.855286392638193e-06
2.727673484738223e-06
2.597896695536278e-06
2.4665537153404307e-06
2.334222587842009e-06
2.2014599484428796e-06
2.0687994481790442e-06
1.9367503616639706e-06
1.805796376682691e-06
1.6763945623267018e-06
1.5489745118652493e-06
1.423937655909855e-06
1.301656740836088e-06
1.1824754668936814e-06
1.066708279946795e-06
9.54640310356118e-07
0.0
0.0
0.0
0.0
0.0
0.0
0.0
0.0
0.0
0.0
0.0
0.0
0.0
0.0
0.0
0.0
0.0
0.0
0.0
0.0
0.0
0.0
0.0
0.0
0.0
0.0
0.0
0.0
0.0
0.0
0.0
0.0
0.0
0.0
0.0
0.0
0.0
0.0
0.0
0.0
0.0
0.0
0.0
0.0
0.0
0.0
0.0
0.0
0.0
0.0
0.0
0.0
0.0
0.0
0.0
0.0
0.0
0.0
0.0
0.0
0.0
0.0
0.0
0.0
0.0
0.0
0.0
0.0
0.0
0.0
0.0
0.0
0.0
0.0
0.0
0.0
0.0
0.0
0.0
0.0
0.0
0.0
0.0
0.0
0.0
0.0
0.0
0.0
0.0
0.0
0.0
0.0
0.0
0.0
0.0
0.0
0.0
0.0
0.0
0.0
0.0
0.0
0.0
0.0
0.0
0.0
0.0
0.0
0.0
0.0
0.0
0.0
0.0
0.0
0.0
0.0
0.0
0.0
0.0
0.0
0.0
0.0
0.0
0.0
0.0
0.0
0.0
0.0
0.0
0.0
0.0
0.0
0.0
0.0
0.0
0.0
0.0
0.0
0.0
0.0
0.0
0.0
0.0
0.0
0.0
0.0
0.0
0.0
0.0
0.0
0.0
0.0
0.0
0.0
0.0
0.0
0.0
0.0
0.0
0.0
0.0
0.0
0.0
0.0
0.0
0.0
0.0
0.0
0.0
0.0
0.0
0.0
0.0
0.0
0.0
0.0
0.0
0.0
0.0
0.0
0.0
0.0
0.0
0.0
0.0
0.0
0.0
0.0
0.0
0.0
0.0
0.0
0.0
0.0
0.0
0.0
0.0
0.0
0.0
0.0
0.0
0.0
0.0
0.0
0.0
0.0
0.0
0.0
0.0
0.0
0.0
0.0
0.0
0.0
0.0
0.0
0.0
0.0
0.0
0.0
0.0
0.0
0.0
0.0
0.0
0.0
0.0
0.0
0.0
0.0
0.0
0.0
0.0
0.0
0.0
0.0
0.0
0.0
0.0
0.0
0.0
0.0
0.0
0.0
0.0
0.0
0.0
0.0
0.0
0.0
0.0
0.0
0.0
0.0
0.0
0.0
0.0
0.0
0.0
0.0
0.0
0.0
0.0
0.0
0.0
0.0
0.0
0.0
0.0
0.0
0.0
0.0
0.0
0.0
0.0
0.0
0.0
0.0
0.0
0.0
0.0
0.0
0.0
0.0
0.0
0.0
0.0
0.0
0.0
0.0
0.0
0.0
0.0
0.0
0.0
0.0
0.0
0.0
0.0
0.0
0.0
0.0
0.0
0.0
0.0
0.0
0.0
0.0
0.0
0.0
0.0
0.0
0.0
0.0
0.0
0.0
0.0
0.0
0.0
0.0
0.0
0.0
0.0
0.0
0.0
0.0
0.0
0.0
0.0
0.0
0.0
0.0
0.0
0.0
0.0
0.0
0.0
0.0
0.0
0.0
0.0
0.0
0.0
0.0
0.0
0.0
0.0
0.0
0.0
0.0
0.0
0.0
0.0
0.0
0.0
0.0
0.0
0.0
0.0
0.0
0.0
0.0
0.0
0.0
0.0
0.0
0.0
0.0
0.0
0.0
0.0
0.0
0.0
0.0
0.0
0.0
0.0
0.0
0.0
0.0
0.0
0.0
0.0
0.0
0.0
0.0
0.0
0.0
0.0
0.0
0.0
0.0
0.0
0.0
0.0
0.0
0.0
0.0
0.0
0.0
0.0
0.0
0.0
0.0
0.0
0.0
0.0
0.0
0.0
0.0
0.0
0.0
0.0
0.0
0.0
0.0
0.0
0.0
0.0
0.0
0.0
0.0
0.0
0.0
0.0
0.0
0.0
0.0
0.0
0.0
0.0
0.0
0.0
0.0
0.0
0.0
0.0
0.0
0.0
0.0
0.0
0.0
0.0
0.0
0.0
0.0
0.0
0.0
0.0
0.0
0.0
0.0
0.0
0.0
0.0
0.0
0.0
0.0
0.0
0.0
0.0
0.0
0.0
0.0
0.0
0.0
0.0
0.0
0.0
0.0
0.0
0.0
0.0
0.0
0.0
0.0
0.0
0.0
0.0
0.0
0.0
0.0
0.0
0.0
0.0
0.0
0.0
0.0
0.0
0.0
0.0
0.0
0.0
0.0
0.0
0.0
0.0
0.0
0.0
0.0
0.0
0.0
0.0
0.0
0.0
0.0
0.0
0.0
0.0
0.0
0.0
0.0
0.0
0.0
0.0
0.0
0.0
0.0
0.0
0.0
0.0
0.0
0.0
0.0
0.0
0.0
0.0
0.0
0.0
0.0
0.0
0.0
0.0
0.0
0.0
0.0
0.0
0.0
0.0
0.0
0.0
0.0
0.0
0.0
0.0
0.0
0.0
0.0
0.0
0.0
0.0
0.0
0.0
0.0
0.0
0.0
0.0
0.0
0.0
0.0
0.0
0.0
0.0
0.0
0.0
0.0
0.0
0.0
0.0
0.0
0.0
0.0
0.0
0.0
0.0
0.0
0.0
0.0
0.0
0.0
0.0
0.0
0.0
0.0
0.0
0.0
0.0
0.0
0.0
0.0
0.0
0.0
0.0
0.0
0.0
0.0
0.0
0.0
0.0
0.0
0.0
0.0
0.0
0.0
0.0
0.0
0.0
0.0
0.0
0.0
0.0
0.0
0.0
0.0
0.0
0.0
0.0
0.0
0.0
0.0
0.0
0.0
0.0
0.0
0.0
0.0
0.0
0.0
0.0
0.0
0.0
0.0
0.0
0.0
0.0
0.0
0.0
0.0
0.0
0.0
0.0
0.0
0.0
0.0
0.0
0.0
0.0
0.0
0.0
0.0
0.0
0.0
0.0
0.0
0.0
0.0
0.0
0.0
0.0
0.0
0.0
0.0
0.0
0.0
0.0
0.0
0.0
0.0
0.0
0.0
0.0
0.0
0.0
0.0
0.0
0.0
0.0
0.0
0.0
0.0
0.0
0.0
0.0
0.0
0.0
0.0
0.0
0.0
0.0
0.0
0.0
0.0
0.0
0.0
0.0
0.0
0.0
0.0
0.0
0.0
0.0
0.0
0.0
0.0
0.0
0.0
0.0
0.0
0.0
0.0
0.0
0.0
0.0
0.0
0.0
0.0
0.0
0.0
0.0
0.0
0.0
0.0
0.0
0.0
0.0
0.0
0.0
0.0
0.0
0.0
0.0
0.0
0.0
0.0
0.0
0.0
0.0
0.0
0.0
0.0
0.0
0.0
0.0
0.0
0.0
0.0
0.0
0.0
0.0
0.0
0.0
0.0
0.0
0.0
0.0
0.0
0.0
0.0
0.0
0.0
0.0
0.0
0.0
0.0
0.0
0.0
0.0
0.0
0.0
0.0
0.0
0.0
0.0
0.0
0.0
0.0
0.0
0.0
0.0
0.0
0.0
0.0
0.0
0.0
0.0
0.0
0.0
0.0
0.0
0.0
0.0
0.0
0.0
0.0
0.0
0.0
0.0
0.0
0.0
0.0
0.0
0.0
0.0
0.0
0.0
0.0
0.0
0.0
0.0
0.0
0.0
0.0
0.0
0.0
0.0
0.0
0.0
0.0
0.0
0.0
0.0
0.0
0.0
0.0
0.0
0.0
0.0
0.0
0.0
0.0
0.0
0.0
0.0
0.0
0.0
0.0
0.0
0.0
0.0
0.0
0.0
0.0
0.0
0.0
0.0
0.0
0.0
0.0
0.0
0.0
0.0
0.0
0.0
0.0
0.0
0.0
0.0
0.0
0.0
0.0
0.0
0.0
0.0
0.0
0.0
0.0
0.0
0.0
0.0
0.0
0.0
0.0
0.0
0.0
0.0
0.0
0.0
0.0
0.0
0.0
0.0
0.0
0.0
0.0
0.0
0.0
0.0
0.0
0.0
0.0
0.0
0.0
0.0
0.0
0.0
0.0
0.0
0.0
0.0
0.0
0.0
0.0
0.0
0.0
0.0
0.0
0.0
0.0
0.0
0.0
0.0
0.0
0.0
0.0
0.0
0.0
0.0
0.0
0.0
0.0
0.0
0.0
0.0
0.0
0.0
0.0
0.0
0.0
0.0
0.0
0.0
0.0
0.0
0.0
0.0
0.0
0.0
0.0
0.0
0.0
0.0
0.0
0.0
0.0
0.0
0.0
0.0
0.0
0.0
0.0
0.0
0.0
0.0
0.0
0.0
0.0
0.0
0.0
0.0
0.0
0.0
0.0
0.0
0.0
0.0
0.0
0.0
0.0
0.0
0.0
0.0
0.0
0.0
0.0
0.0
0.0
0.0
0.0
0.0
0.0
0.0
0.0
0.0
0.0
0.0
0.0
0.0
0.0
0.0
0.0
0.0
0.0
0.0
0.0
0.0
0.0
0.0
0.0
0.0
0.0
0.0
0.0
0.0
0.0
0.0
0.0
0.0
0.0
0.0
0.0
0.0
0.0
0.0
0.0
0.0
0.0
0.0
0.0
0.0
0.0
0.0
0.0
0.0
0.0
0.0
0.0
0.0
0.0
0.0
0.0
0.0
0.0
0.0
0.0
0.0
0.0
0.0
0.0
0.0
0.0
0.0
0.0
0.0
0.0
0.0
0.0
0.0
0.0
0.0
0.0
0.0
0.0
0.0
0.0
0.0
0.0
0.0
0.0
0.0
0.0
0.0
0.0
0.0
0.0
0.0
0.0
0.0
0.0
0.0
0.0
0.0
0.0
0.0
0.0
0.0
0.0
0.0
0.0
0.0
0.0
0.0
0.0
0.0
0.0
0.0
0.0
0.0
0.0
0.0
0.0
0.0
0.0
0.0
0.0
0.0
0.0
0.0
0.0
0.0
0.0
0.0
0.0
0.0
0.0
0.0
0.0
0.0
0.0
0.0
0.0
0.0
0.0
0.0
0.0
0.0
0.0
0.0
0.0
0.0
0.0
0.0
0.0
0.0
0.0
0.0
0.0
0.0
0.0
0.0
0.0
0.0
0.0
0.0
0.0
0.0
0.0
0.0
0.0
0.0
0.0
0.0
0.0
0.0
0.0
0.0
0.0
0.0
0.0
0.0
0.0
0.0
0.0
0.0
0.0
0.0
0.0
0.0
0.0
0.0
0.0
0.0
0.0
0.0
0.0
0.0
0.0
0.0
0.0
0.0
0.0
0.0
0.0
0.0
0.0
0.0
0.0
0.0
0.0
0.0
0.0
0.0
0.0
0.0
0.0
0.0
0.0
0.0
0.0
0.0
0.0
0.0
0.0
0.0
0.0
0.0
0.0
0.0
0.0
0.0
0.0
0.0
0.0
0.0
0.0
0.0
0.0
0.0
0.0
0.0
0.0
0.0
0.0
0.0
0.0
0.0
0.0
0.0
0.0
0.0
0.0
0.0
0.0
0.0
0.0
0.0
0.0
0.0
0.0
0.0
0.0
0.0
0.0
0.0
0.0
0.0
0.0
0.0
0.0
0.0
0.0
0.0
0.0
0.0
0.0
0.0
0.0
0.0
0.0
0.0
0.0
0.0
0.0
0.0
0.0
0.0
0.0
0.0
0.0
0.0
0.0
0.0
0.0
0.0
0.0
0.0
0.0
0.0
0.0
0.0
0.0
0.0
0.0
0.0
0.0
0.0
0.0
0.0
0.0
0.0
0.0
0.0
0.0
0.0
0.0
0.0
0.0
0.0
0.0
0.0
0.0
0.0
0.0
0.0
0.0
0.0
0.0
0.0
0.0
0.0
0.0
0.0
0.0
0.0
0.0
0.0
0.0
0.0
0.0
0.0
0.0
0.0
0.0
0.0
0.0
0.0
0.0
0.0
0.0
0.0
0.0
0.0
0.0
0.0
0.0
0.0
0.0
0.0
0.0
0.0
0.0
0.0
0.0
0.0
0.0
0.0
0.0
0.0
0.0
0.0
0.0
0.0
0.0
0.0
0.0
0.0
0.0
0.0
0.0
0.0
0.0
0.0
0.0
0.0
0.0
0.0
0.0
0.0
0.0
0.0
0.0
0.0
0.0
0.0
0.0
0.0
0.0
0.0
0.0
0.0
0.0
0.0
0.0
0.0
0.0
0.0
0.0
0.0
0.0
0.0
0.0
0.0
0.0
0.0
0.0
0.0
0.0
0.0
0.0
0.0
0.0
0.0
0.0
0.0
0.0
0.0
0.0
0.0
0.0
0.0
0.0
0.0
0.0
0.0
0.0
0.0
0.0
0.0
0.0
0.0
0.0
0.0
0.0
0.0
0.0
0.0
0.0
0.0
0.0
0.0
0.0
0.0
0.0
0.0
0.0
0.0
0.0
0.0
0.0
0.0
0.0
0.0
0.0
0.0
0.0
0.0
0.0
0.0
0.0
0.0
0.0
0.0
0.0
0.0
0.0
0.0
0.0
0.0
0.0
0.0
0.0
0.0
0.0
0.0
0.0
0.0
0.0
0.0
0.0
0.0
0.0
0.0
0.0
0.0
0.0
0.0
0.0
0.0
0.0
0.0
0.0
0.0
0.0
0.0
0.0
0.0
0.0
0.0
0.0
0.0
0.0
0.0
0.0
0.0
0.0
0.0
0.0
0.0
0.0
0.0
0.0
0.0
0.0
0.0
0.0
0.0
0.0
0.0
0.0
0.0
0.0
0.0
0.0
0.0
0.0
0.0
0.0
0.0
0.0
0.0
0.0
0.0
0.0
0.0
0.0
0.0
0.0
0.0
0.0
0.0
0.0
0.0
0.0
0.0
0.0
0.0
0.0
0.0
0.0
0.0
0.0
0.0
0.0
0.0
0.0
0.0
0.0
0.0
0.0
0.0
0.0
0.0
0.0
0.0
0.0
0.0
0.0
0.0
0.0
0.0
0.0
0.0
0.0
0.0
0.0
0.0
0.0
0.0
0.0
0.0
0.0
0.0
0.0
0.0
0.0
0.0
0.0
0.0
0.0
0.0
0.0
0.0
0.0
0.0
0.0
0.0
0.0
0.0
0.0
0.0
0.0
0.0
0.0
0.0
0.0
0.0
0.0
0.0
0.0
0.0
0.0
0.0
0.0
0.0
0.0
0.0
0.0
0.0
0.0
0.0
0.0
0.0
0.0
0.0
0.0
0.0
0.0
0.0
0.0
0.0
0.0
0.0
0.0
0.0
0.0
0.0
0.0
0.0
0.0
0.0
0.0
0.0
0.0
0.0
0.0
0.0
0.0
0.0
0.0
0.0
0.0
0.0
0.0
0.0
0.0
0.0
0.0
0.0
0.0
0.0
0.0
0.0
0.0
0.0
0.0
0.0
0.0
0.0
0.0
0.0
0.0
0.0
0.0
0.0
0.0
0.0
0.0
0.0
0.0
0.0
0.0
0.0
0.0
0.0
0.0
0.0
0.0
0.0
0.0
0.0
0.0
0.0
0.0
0.0
0.0
0.0
0.0
0.0
0.0
0.0
0.0
0.0
0.0
0.0
0.0
0.0
0.0
0.0
0.0
0.0
0.0
0.0
0.0
0.0
0.0
0.0
0.0
0.0
0.0
0.0
0.0
0.0
0.0
0.0
0.0
0.0
0.0
0.0
0.0
0.0
0.0
0.0
0.0
0.0
0.0
0.0
0.0
0.0
0.0
0.0
0.0
0.0
0.0
0.0
0.0
0.0
0.0
0.0
0.0
0.0
0.0
0.0
0.0
0.0
0.0
0.0
0.0
0.0
0.0
0.0
0.0
0.0
0.0
0.0
0.0
0.0
0.0
0.0
0.0
0.0
0.0
0.0
0.0
0.0
0.0
0.0
0.0
0.0
0.0
0.0
0.0
0.0
0.0
0.0
0.0
0.0
0.0
0.0
0.0
0.0
0.0
0.0
0.0
0.0
0.0
0.0
0.0
0.0
0.0
0.0
0.0
0.0
0.0
0.0
0.0
0.0
0.0
0.0
0.0
0.0
0.0
0.0
0.0
0.0
0.0
0.0
0.0
0.0
0.0
0.0
0.0
0.0
0.0
0.0
0.0
0.0
0.0
0.0
0.0
0.0
0.0
0.0
0.0
0.0
0.0
0.0
0.0
0.0
0.0
0.0
0.0
0.0
0.0
0.0
0.0
0.0
0.0
0.0
0.0
0.0
0.0
0.0
0.0
0.0
0.0
0.0
0.0
0.0
0.0
0.0
0.0
0.0
0.0
0.0
0.0
0.0
0.0
0.0
0.0
0.0
0.0
0.0
0.0
0.0
0.0
0.0
0.0
0.0
0.0
0.0
0.0
0.0
0.0
0.0
0.0
0.0
0.0
0.0
0.0
0.0
0.0
0.0
0.0
0.0
0.0
0.0
0.0
0.0
0.0
0.0
0.0
0.0
0.0
0.0
0.0
0.0
0.0
0.0
0.0
0.0
0.0
0.0
0.0
0.0
0.0
0.0
0.0
0.0
0.0
0.0
0.0
0.0
0.0
0.0
0.0
0.0
0.0
0.0
0.0
0.0
0.0
0.0
0.0
0.0
0.0
0.0
0.0
0.0
0.0
0.0
0.0
0.0
0.0
0.0
0.0
0.0
0.0
0.0
0.0
0.0
0.0
0.0
0.0
0.0
0.0
0.0
0.0
0.0
0.0
0.0
0.0
0.0
0.0
0.0
0.0
0.0
0.0
0.0
0.0
0.0
0.0
0.0
0.0
0.0
0.0
0.0
0.0
0.0
0.0
0.0
0.0
0.0
0.0
0.0
0.0
0.0
0.0
0.0
0.0
0.0
0.0
0.0
0.0
0.0
0.0
0.0
0.0
0.0
0.0
0.0
0.0
0.0
0.0
0.0
0.0
0.0
0.0
0.0
0.0
0.0
0.0
0.0
0.0
0.0
0.0
0.0
0.0
0.0
0.0
0.0
0.0