0.0
0.0
0.0
0.0
0.0
0.0
0.0
0.0
0.0
0.0
0.0
0.0
0.0
0.0
0.0
0.0
0.0
0.0
0.0
0.0
0.0
0.0
0.0
0.0
0.0
0.0
0.0
0.0
0.0
0.0
0.0
0.0
0.0
0.0
0.0
0.0
0.0
0.0
0.0
0.0
0.0
0.0
0.0
0.0
0.0
0.0
0.0
0.0
0.0
0.0
0.0
0.0
0.0
0.0
0.0
0.0
0.0
0.0
0.0
0.0
0.0
0.0
0.0
0.0
0.0
0.0
0.0
0.0
0.0
0.0
0.0
0.0
0.0
0.0
0.0
0.0
0.0
0.0
0.0
0.0
0.0
0.0
0.0
0.0
0.0
0.0
0.0
0.0
0.0
0.0
0.0
0.0
0.0
0.0
0.0
0.0
0.0
0.0
0.0
0.0
0.0
0.0
0.0
0.0
0.0
0.0
0.0
0.0
0.0
0.0
0.0
0.0
0.0
0.0
0.0
0.0
0.0
0.0
0.0
0.0
0.0
0.0
0.0
0.0
0.0
0.0
0.0
0.0
0.0
0.0
0.0
0.0
0.0
0.0
0.0
0.0
0.0
0.0
0.0
0.0
0.0
0.0
0.0
0.0
0.0
0.0
0.0
0.0
0.0
0.0
0.0
0.0
0.0
0.0
0.0
0.0
0.0
0.0
0.0
0.0
0.0
0.0
0.0
0.0
0.0
0.0
0.0
0.0
0.0
0.0
0.0
0.0
0.0
0.0
0.0
0.0
0.0
0.0
0.0
0.0
0.0
0.0
0.0
0.0
0.0
0.0
0.0
0.0
0.0
0.0
0.0
0.0
0.0
0.0
0.0
0.0
0.0
0.0
0.0
0.0
0.0
0.0
0.0
0.0
0.0
0.0
0.0
0.0
0.0
0.0
0.0
0.0
0.0
0.0
0.0
0.0
0.0
0.0
0.0
0.0
0.0
0.0
0.0
0.0
0.0
0.0
0.0
0.0
0.0
0.0
0.0
0.0
0.0
0.0
0.0
0.0
0.0
0.0
0.0
0.0
0.0
0.0
0.0
0.0
0.0
0.0
0.0
0.0
0.0
0.0
0.0
0.0
0.0
0.0
0.0
0.0
0.0
0.0
0.0
0.0
0.0
0.0
0.0
0.0
0.0
0.0
0.0
0.0
0.0
0.0
0.0
0.0
0.0
0.0
0.0
0.0
0.0
0.0
0.0
0.0
0.0
0.0
0.0
0.0
0.0
0.0
0.0
0.0
0.0
0.0
0.0
0.0
0.0
0.0
0.0
0.0
0.0
0.0
0.0
0.0
0.0
0.0
0.0
0.0
0.0
0.0
0.0
0.0
0.0
0.0
0.0
0.0
0.0
0.0
0.0
0.0
0.0
0.0
0.0
0.0
0.0
0.0
0.0
0.0
0.0
0.0
0.0
0.0
0.0
0.0
0.0
0.0
0.0
0.0
0.0
0.0
0.0
0.0
0.0
0.0
0.0
0.0
0.0
0.0
0.0
0.0
0.0
0.0
0.0
0.0
0.0
0.0
0.0
0.0
0.0
0.0
0.0
0.0
0.0
0.0
0.0
0.0
0.0
0.0
0.0
0.0
0.0
0.0
0.0
0.0
0.0
0.0
0.0
0.0
0.0
0.0
0.0
0.0
0.0
0.0
0.0
0.0
0.0
0.0
0.0
0.0
0.0
0.0
0.0
0.0
0.0
0.0
0.0
0.0
0.0
0.0
0.0
0.0
0.0
0.0
0.0
0.0
0.0
0.0
0.0
0.0
0.0
0.0
0.0
0.0
0.0
0.0
0.0
0.0
0.0
0.0
0.0
0.0
0.0
0.0
0.0
0.0
0.0
0.0
0.0
0.0
0.0
0.0
0.0
0.0
0.0
0.0
0.0
0.0
0.0
0.0
0.0
0.0
0.0
0.0
0.0
0.0
0.0
0.0
0.0
0.0
0.0
0.0
0.0
0.0
0.0
0.0
0.0
0.0
0.0
0.0
0.0
0.0
0.0
0.0
0.0
0.0
0.0
0.0
0.0
0.0
0.0
0.0
0.0
0.0
0.0
0.0
0.0
0.0
0.0
0.0
0.0
0.0
0.0
0.0
0.0
0.0
0.0
0.0
0.0
0.0
0.0
0.0
0.0
0.0
0.0
0.0
0.0
0.0
0.0
0.0
0.0
0.0
0.0
0.0
0.0
0.0
0.0
0.0
0.0
0.0
0.0
0.0
0.0
0.0
0.0
0.0
0.0
0.0
0.0
0.0
0.0
0.0
0.0
0.0
0.0
0.0
0.0
0.0
0.0
0.0
0.0
0.0
0.0
0.0
0.0
0.0
0.0
0.0
0.0
0.0
0.0
0.0
0.0
0.0
0.0
0.0
0.0
0.0
0.0
0.0
0.0
0.0
0.0
0.0
0.0
0.0
0.0
0.0
0.0
0.0
0.0
0.0
0.0
0.0
0.0
0.0
0.0
0.0
0.0
0.0
0.0
0.0
0.0
0.0
0.0
0.0
0.0
0.0
0.0
0.0
0.0
0.0
0.0
0.0
0.0
0.0
0.0
0.0
0.0
0.0
0.0
0.0
0.0
0.0
0.0
0.0
0.0
0.0
0.0
0.0
0.0
0.0
0.0
0.0
0.0
0.0
0.0
0.0
0.0
0.0
0.0
0.0
0.0
0.0
0.0
0.0
0.0
0.0
0.0
0.0
0.0
0.0
0.0
0.0
0.0
0.0
0.0
0.0
0.0
0.0
0.0
0.0
0.0
0.0
0.0
0.0
0.0
0.0
0.0
0.0
0.0
0.0
0.0
0.0
0.0
0.0
0.0
0.0
0.0
0.0
0.0
0.0
0.0
0.0
0.0
0.0
0.0
0.0
0.0
0.0
0.0
0.0
0.0
0.0
0.0
0.0
0.0
0.0
0.0
0.0
0.0
0.0
0.0
0.0
0.0
0.0
0.0
0.0
0.0
0.0
0.0
0.0
0.0
0.0
0.0
0.0
0.0
0.0
0.0
0.0
0.0
0.0
0.0
0.0
0.0
0.0
0.0
0.0
0.0
0.0
0.0
0.0
0.0
0.0
0.0
0.0
0.0
0.0
0.0
0.0
0.0
0.0
0.0
0.0
0.0
0.0
0.0
0.0
0.0
0.0
0.0
0.0
0.0
0.0
0.0
0.0
0.0
0.0
0.0
0.0
0.0
0.0
0.0
0.0
0.0
0.0
0.0
0.0
0.0
0.0
0.0
0.0
0.0
0.0
0.0
0.0
0.0
0.0
0.0
0.0
0.0
0.0
0.0
0.0
0.0
0.0
0.0
0.0
0.0
0.0
0.0
0.0
0.0
0.0
0.0
0.0
0.0
0.0
0.0
0.0
0.0
0.0
0.0
0.0
0.0
0.0
0.0
0.0
0.0
0.0
0.0
0.0
0.0
0.0
0.0
0.0
0.0
0.0
0.0
0.0
0.0
0.0
0.0
0.0
0.0
0.0
0.0
0.0
0.0
0.0
0.0
0.0
0.0
0.0
0.0
0.0
0.0
0.0
0.0
0.0
0.0
0.0
0.0
0.0
0.0
0.0
0.0
0.0
0.0
0.0
0.0
0.0
0.0
0.0
0.0
0.0
0.0
0.0
0.0
0.0
0.0
0.0
0.0
0.0
0.0
0.0
0.0
0.0
0.0
0.0
0.0
0.0
0.0
0.0
0.0
0.0
0.0
0.0
0.0
0.0
0.0
0.0
0.0
0.0
0.0
0.0
0.0
0.0
0.0
0.0
0.0
0.0
0.0
0.0
0.0
0.0
0.0
0.0
0.0
0.0
0.0
0.0
0.0
0.0
0.0
0.0
0.0
0.0
0.0
0.0
0.0
0.0
0.0
0.0
0.0
0.0
0.0
0.0
0.0
0.0
0.0
0.0
0.0
0.0
0.0
0.0
0.0
0.0
0.0
0.0
0.0
0.0
0.0
0.0
0.0
0.0
0.0
0.0
0.0
0.0
0.0
0.0
0.0
0.0
0.0
0.0
0.0
0.0
0.0
0.0
0.0
0.0
0.0
0.0
0.0
0.0
0.0
0.0
0.0
0.0
0.0
0.0
0.0
0.0
0.0
0.0
0.0
0.0
0.0
0.0
0.0
0.0
0.0
0.0
0.0
0.0
0.0
0.0
0.0
0.0
0.0
0.0
0.0
0.0
0.0
0.0
0.0
0.0
0.0
0.0
0.0
0.0
0.0
0.0
0.0
0.0
0.0
0.0
0.0
0.0
0.0
0.0
0.0
0.0
0.0
0.0
0.0
0.0
0.0
0.0
0.0
0.0
0.0
0.0
0.0
0.0
0.0
0.0
0.0
0.0
0.0
0.0
0.0
0.0
0.0
0.0
0.0
0.0
0.0
0.0
0.0
0.0
0.0
0.0
1.3537221543569643e-07
1.5632153648306485e-07
1.7819077014514875e-07
2.0093806348943823e-07
2.2451553418462298e-07
2.488692009115901e-07
2.739389402262011e-07
2.99658471438904e-07
3.259553710167682e-07
3.527511179432854e-07
3.799611713905896e-07
4.0749508196700215e-07
4.3525663770032305e-07
4.631440458037093e-07
4.910501511466785e-07
5.188626922183404e-07
5.464645952242263e-07
5.737343068014018e-07
6.005461656700828e-07
6.267708133632086e-07
6.522756439894797e-07
6.769252927900917e-07
7.005821630459057e-07
7.231069906800539e-07
7.443594456823665e-07
7.641987692565189e-07
7.824844453599617e-07
7.990769050707704e-07
8.138382619759468e-07
8.266330765331293e-07
8.373291471133605e-07
8.457983251876177e-07
8.519173518753424e-07
8.555687128306713e-07
8.566415082024529e-07
8.550323341691725e-07
8.50646172320619e-07
8.433972829362263e-07
8.332100979968041e-07
8.200201095634508e-07
8.037747489661522e-07
7.844342520666917e-07
7.619725056973332e-07
7.363778702299316e-07
7.07653973101188e-07
6.758204680101925e-07
6.409137544157038e-07
6.029876518941515e-07
5.62114023876686e-07
5.183833452659376e-07
4.719052084418306e-07
5.442534381576805e-07
6.196189663900226e-07
6.978447932038242e-07
7.787537608055114e-07
8.621484407666374e-07
9.478111140920952e-07
1.0355038487344805e-06
1.1249686789005378e-06
1.2159278902062756e-06
1.3080844144141108e-06
1.4011223371283188e-06
1.4947075214343669e-06
1.588488350043469e-06
1.68209658804701e-06
1.775148367896165e-06
1.8672452977021765e-06
1.9579756934020086e-06
2.0469159347556485e-06
2.1336319445342525e-06
2.217680789627249e-06
2.298612402140454e-06
2.375971417880864e-06
2.4492991289273124e-06
2.518135546274288e-06
2.5820215678090588e-06
2.64050124614601e-06
2.6931241500964925e-06
2.7394478128037104e-06
2.7790402588220367e-06
2.8114826016728364e-06
2.8363717026683366e-06
2.8533228810652187e-06
2.8619726648942447e-06
2.8619815711160258e-06
2.8530369030801587e-06
2.834855552619354e-06
2.8071867934974098e-06
2.769815052352944e-06
2.7225626427458856e-06
2.665292447423955e-06
2.597910533487048e-06
2.520368684743118e-06
2.4326668352235596e-06
2.334855387564296e-06
2.2270373997646563e-06
2.109370623713486e-06
1.9820693788253346e-06
1.8454062441618228e-06
1.6997135525287748e-06
1.5453846702407633e-06
1.7800825477198558e-06
2.0240479458233844e-06
2.2767328157981366e-06
2.537526075546714e-06
2.8057536446924925e-06
3.080678782651677e-06
3.3615027420039894e-06
3.647365748488522e-06
3.937348317887218e-06
4.230472918896323e-06
4.525705989826967e-06
4.821960315621893e-06
5.118097770228348e-06
5.412932427830548e-06
5.705234044822221e-06
5.993731912694524e-06
6.277119080232392e-06
6.554056941557521e-06
6.823180184635403e-06
7.083102092883129e-06
7.332420190481192e-06
7.5697222199138545e-06
7.793592438147395e-06
8.002618215711608e-06
8.195396920787274e-06
8.370543068230564e-06
8.526695711294243e-06
8.662526051646843e-06
8.776745241154192e-06
8.86811234678538e-06
8.935442447950387e-06
8.977614833576711e-06
8.993581264306873e-06
8.982374263352592e-06
8.943115397793403e-06
8.87502351046659e-06
8.777422861076063e-06
8.649751133761785e-06
8.491567267132633e-06
8.302559061684917e-06
8.08255051861945e-06
7.831508863343788e-06
7.549551206414142e-06
7.236950794344789e-06
6.894142802602301e-06
6.521729623216868e-06
6.120485599793099e-06
5.6913611632960915e-06
5.235486322833457e-06
4.7541734667557e-06
5.469349775542728e-06
6.211170967676879e-06
6.97785414027402e-06
7.767432097647307e-06
8.577754636913064e-06
9.406490753539881e-06
1.0251131796250712e-05
1.110899559741453e-05
1.1977231601524553e-05
1.285282701056053e-05
1.3732613960979282e-05
1.4613277742782905e-05
1.5491366066582172e-05
1.6363299379824624e-05
1.7225382228395526e-05
1.8073815654652098e-05
1.89047106176237e-05
1.971410241562979e-05
2.0497966085946247e-05
2.125223275041832e-05
2.1972806870089154e-05
2.2655584366019254e-05
2.329647155753563e-05
2.3891404863194855e-05
2.443637120380698e-05
2.4927429040969717e-05
2.5360729978737147e-05
2.573254085032575e-05
2.6039266206180857e-05
2.627747111430168e-05
2.644390417851947e-05
2.6535520675432825e-05
2.654950570600636e-05
2.6483297253420565e-05
2.6334609034701495e-05
2.6101453029949898e-05
2.578216156970357e-05
2.5375408858097464e-05
2.4880231807103005e-05
2.4296050055229044e-05
2.362268504270661e-05
2.2860378014367416e-05
2.2009806821206405e-05
2.107210139199428e-05
2.0048857747328732e-05
1.894215043017087e-05
1.775454322925538e-05
1.6489098074781658e-05
1.5149381989517622e-05
1.3739471982878323e-05
1.5786572522285776e-05
1.7905348011088567e-05
2.0090386955630562e-05
2.233577426934036e-05
2.4635098193476418e-05
2.6981459816747125e-05
2.936748525514525e-05
3.178534054323563e-05
3.422674927739801e-05
3.6683013040151716e-05
3.914503462272822e-05
4.160334405053113e-05
4.404812740306872e-05
4.646925840641754e-05
4.885633276230197e-05
5.119870516352217e-05
5.348552893077347e-05
5.570579819093622e-05
5.784839250173827e-05
5.990212381236103e-05
6.185578563415113e-05
6.369820428017393e-05
6.541829201698545e-05
6.700510195677312e-05
6.844788450300792e-05
6.973614514803995e-05
7.08597034067334e-05
7.180875265636867e-05
7.257392063971226e-05
7.314633037546255e-05
7.35176612083058e-05
7.368020971963939e-05
7.362695020973693e-05
7.335159445281194e-05
7.284865041817412e-05
7.211347964354545e-05
7.114235294068131e-05
6.993250410881554e-05
6.84821813281695e-05
6.67906959039224e-05
6.485846803068012e-05
6.268706924867177e-05
6.027926126569946e-05
5.76390308233076e-05
5.477162029177968e-05
5.16835536864329e-05
4.8382657807305966e-05
4.487807821573329e-05
4.118028977449046e-05
3.7301101493182234e-05
4.280520632735042e-05
4.84896047438763e-05
5.433895862461707e-05
6.033664438447722e-05
6.646477990830347e-05
7.270425831949317e-05
7.903478868485534e-05
8.543494373178232e-05
9.18822146238824e-05
9.835307280997091e-05
0.00010482303892881522
0.00011126675871838592
0.00011765808584370986
0.00012397017152185856
0.0001301755607862963
0.00013624629519587303
0.00014215402175636287
0.0001478701077847535
0.00015336576140866066
0.00015861215735546213
0.00016358056764817865
0.0001682424967879776
0.00017256982096661906
0.00017653493081641104
0.0001801108771704737
0.00018327151927255103
0.00018599167484344335
0.00018824727138056852
0.00019001549803841338
0.00019127495741088558
0.00019200581651204784
0.00019218995622958632
0.000191811118505839
0.0001908550504844706
0.00018930964484709738
0.00018716507555354502
0.00018441392819207604
0.00018105132414205762
0.0001770750377512668
0.00017248560573348805
0.00016728642799935728
0.00016148385914469159
0.00015508728983581273
0.00014810921735082893
0.00014056530455939105
0.00013247442665126986
0.0001238587049560871
0.00011474352723282022
0.0001051575538481153
9.513270930708522e-05
0.00010903399761832169
0.0001233590785014717
0.00013806732655159752
0.00015311505318429345
0.00016845559466594504
0.0001840394168508686
0.00019981423674083666
0.0002157251609087212
0.00023171484075138377
0.00024772364445782585
0.0002636898454972335
0.0002795498273482602
0.00029523830410592
0.0003106885565163063
0.0003258326829021785
0.0003406018643548592
0.0003549266434800352
0.00036873721589759023
0.0003819637336086848
0.0003945366192576811
0.00040638689023224893
0.0004174464914629652
0.0004276486357039434
0.00043692814999939545
0.00044522182696757595
0.0004524687794641635
0.0004586107971218406
0.0004635927032025187
0.00046736271014331804
0.0004698727721279632
0.00047107893297163316
0.0004709416675704
0.0004694262151361359
0.00046650290241496593
0.00046214745507196144
0.0004563412954174846
0.00044907182465136564
0.00044033268781056137
0.0004301240196239479
0.00041845266950507804
0.0004053324039498131
0.00039078408465130927
0.0003748358206995345
0.0003575230932968443
0.00033888885149468056
0.00031898357753962084
0.0002978653205092693
0.0002755996970201506
0.0002522598579002586
0.00022792641983838998
0.0002609058823723803
0.00029481541239280434
0.0003295544002630886
0.0003650154277117365
0.0004010845215069894
0.00043764144512193135
0.0004745600283243572
0.000511708534449626
0.0005489500649340147
0.0005861430005014324
0.0006231414782084162
0.0006597959033620525
0.0006959534951334508
0.0007314588644966531
0.0007661546229301682
0.0007998820201266157
0.0008324816087661784
0.0008637939342226117
0.0008936602468874576
0.0009219232346197554
0.0009484277726560372
0.0009730216881495975
0.0009955565363500085
0.0010158883852846045
0.0010338786056640673
0.0010493946626054032
0.0010623109056482854
0.0010725093534360306
0.00107988046934113
0.0010843239242381824
0.0010857493425650768
0.0010840770277670837
0.0010792386631889004
0.0010711779844672388
0.0010598514194819296
0.0010452286919471502
0.0010272933847669484
0.0010060434593407803
0.0009814917270860118
0.0009536662695450966
0.0009226108035659585
0.000888384988184606
0.00085106466999962
0.0008107420640083227
0.0007675258670741812
0.000721541301414014
0.0006729300857311882
0.0006218503318769662
0.000568476365195694
0.0005129984669999263
0.0005864924167557459
0.0006618900402456787
0.0007389582615717048
0.00081744990319039
0.0008971043449855771
0.0009776482636071884
0.0010587964512070733
0.001140252712315564
0.0012217108372092485
0.001302855649722954
0.0013833641270588248
0.001462906588744528
0.0015411479514926025
0.0016177490463160351
0.0016923679938629325
0.001764661633547654
0.0018342870016791893
0.0019009028534215469
0.001964171223067854
0.002023759016771369
0.002079339631555243
0.002130594594119681
0.002177215212683455
0.0022189042348368
0.0022553775041481146
0.0022863656080578314
0.002311615509412419
0.002330892153840172
0.0023439800450510188
0.0023506847800550644
0.0023508345362420325
0.002344281502245554
0.0023309032445353326
0.0023106040017357547
0.0022833158987641683
0.0022490000730144856
0.0022076477049846922
0.0021592809459582154
0.002103953735601576
0.0020417525026317613
0.0019727967420385523
0.0018972394627169778
0.0018152674997745782
0.0017271016862245858
0.0016329968792602964
0.00153324183682476
0.0014281589407441058
0.0013181037632786028
0.0012034644745631986
0.0010846610890551344
0.0012385043216576767
0.0013959764866304841
0.0015565723008959661
0.0017197593038494599
0.001884979419756916
0.0020516506775405327
0.0022191690847055048
0.0023869106513753156
0.002554233559614788
0.0027204804724311137
0.0028849809760586086
0.003047054148354981
0.003206011245371057
0.0033611584974041716
0.003511800005113329
0.00365724072556412
0.0037967895373887694
0.003929762373593466
0.004055485409927412
0.004173298296147048
0.004282557416971143
0.0043826391690284395
0.00447294323965599
0.004552895873013393
0.00462195310864208
0.004679603977319684
0.004725373638843195
0.0047588264462205265
0.004779568920663989
0.004787252621759914
0.004781576897241178
0.004762291496912652
0.004729199035477208
0.0046821572892811044
0.004621081312344349
0.004545945357463594
0.004456784588672713
0.004353696571919001
0.004236842531460296
0.00410644836020914
0.003962805373043407
0.0038062707929660735
0.003637267960928829
0.00345628626113182
0.003263880754672446
0.0030606715155364803
0.0028473426641015087
0.002624641094551028
0.0023933748938749955
0.002154411451452095
0.0024569099914955508
0.0027658393763166445
0.0030801742213705007
0.0033988404910402846
0.0037207189023708413
0.004044648614745578
0.004369431196504822
0.0046938348580363165
0.005016598939412283
0.005336438639207394
0.005652049969716251
0.005962114922404778
0.006265306826082608
0.006560295878983788
0.006845754834692713
0.007120364820664387
0.007382821266963296
0.0076318399217963455
0.007866162929443291
0.008084564945304504
0.008285859261992327
0.008468903919697837
0.008632607773474006
0.008775936489592923
0.008897918442766708
0.008997650485770163
0.009074303562874886
0.009127128138500931
0.009155459412617747
0.009158722294682495
0.00913643610829381
0.009088218999262942
0.00901379202046485
0.008912982867626094
0.008785729241138641
0.0086320818100525
0.008452206755598756
0.008246387872923013
0.008015028211163828
0.0077586512335921
0.007477901481224545
0.0071735447251405834
0.0068464675946527985
0.00649767667050977
0.006128297034430251
0.005739570268480497
0.00533285190009896
0.004909608290935291
0.004471412970101735
0.004019942414913437
0.0045786512111424815
0.005147927264815916
0.005725822233877908
0.00631030708272202
0.006899278927900424
0.007490568364044702
0.008081947248931211
0.008671136924099435
0.009255816844962452
0.00983363359193254
0.010402210231748612
0.010959155995934234
0.011502076241160173
0.012028582654235245
0.012536303662521509
0.01302289500877599
0.013486050447766476
0.013923512520513435
0.014333083360673491
0.014712635486422158
0.01506012253021402
0.015373589858014859
0.015651185029011982
0.015891168046429392
0.016091921349906512
0.01625195949994856
0.016369938505229786
0.016444664744028354
0.016475103431799212
0.016460386587848572
0.016399820455262268
0.016292892329658717
0.0161392767539868
0.01593884103846252
0.015691650066838356
0.015397970352513536
0.015058273310525602
0.01467323771419597
0.014243751308136477
0.013770911552446481
0.0132560254762272
0.012700608622012442
0.012106383066333359
0.011475274505405635
0.010809408398816724
0.010111105168103667
0.009382874451212974
0.00862740841802414
0.00784757415636978
0.007046405142279704
0.00801571876379452
0.009001076315621335
0.009999010726653351
0.011005931353292843
0.012018136729897828
0.013031828062144694
0.014043123419791635
0.015048072581353598
0.016042672479358984
0.01702288319115973
0.01798464441674935
0.018923892381703417
0.019836577100237618
0.020718679930473587
0.021566231351352425
0.02237532888823846
0.023142155112138404
0.023862995635637575
0.024534257027130996
0.025152484563729607
0.025714379742346943
0.026216817467944242
0.026656862837728897
0.027031787440278673
0.027339085089104778
0.027576486911074005
0.027741975711391267
0.027833799538495324
0.027850484374245706
0.027790845877174997
0.027654000109342172
0.02743937318044741
0.02714670974634826
0.02677608030293894
0.02632788722051753
0.025802869468243773
0.02520210598308586
0.02452701764273339
0.023779367807319242
0.022961261400404734
0.022075142505539453
0.02112379046077542
0.020110314439771446
0.01903814651455723
0.017911033201587157
0.01673302549940566
0.015508467433006747
0.014241983126807476
0.012938462435003392
0.011603045164933913
0.013182688075378186
0.014784719198642613
0.01640335948938741
0.01803265609026247
0.01966650437214069
0.02129867102763734
0.02292281813696122
0.024532528119434148
0.02612132947857164
0.027682723243491532
0.029210210004634276
0.030697317437348794
0.03213762820287835
0.03352480811266016
0.03485263443869056
0.03611502424999434
0.03730606265301406
0.038420030812015116
0.039451433624392025
0.040395026925094564
0.04124584409425802
0.041999221942553684
0.0426508257497579
0.04319667333359803
0.04363315802805494
0.04395707045299868
0.044165618960296235
0.044256448645355696
0.044227658817452
0.044077818827105805
0.04380598215424345
0.04341169866684303
0.04289502496624212
0.04225653274223573
0.04149731506850044
0.04061899057671246
0.03962370545597083
0.03851413323273864
0.0372934722954715
0.035965441137345996
0.03453427130003229
0.0330046980111976
0.03138194851837535
0.02967172813192801
0.027880204000022377
0.026013986648810713
0.024080109331277435
0.022086005238479364
0.020039482637072704
0.017948698007096364
0.020366766094137744
0.022813310530381242
0.025279307122289388
0.027755508955549804
0.030232481807968288
0.032700640919641824
0.035150288983266796
0.03757165520999216
0.03995493531929364
0.04229033229497574
0.04456809774364394
0.04677857368683675
0.04891223461354587
0.050959729616057686
0.05291192442900296
0.0547599431891759
0.056495209732148756
0.05810948824094191
0.0595949230620518
0.06094407750499806
0.062149971443219876
0.06320611753666035
0.0641065558996994
0.06484588704225461
0.06541930291683472
0.06582261591011271
0.06605228562415501
0.0661054432997933
0.06597991374272659
0.06567423462177578
0.06518767301824363
0.06452023911553824
0.06367269692904777
0.06264657198768864
0.06144415589052202
0.06006850767432316
0.058523451940931885
0.05681357370655485
0.054944209948904234
0.052921437842043166
0.05075205968306176
0.048443584529110045
0.046004206577865504
0.043442780339089264
0.0407687926595153
0.03799233167782615
0.03512405280082527
0.032175141806098755
0.02915727519033147
0.026082577896022925
0.029559478663451884
0.03306892966764055
0.03659772795564325
0.040132414178308054
0.04365932553757165
0.04716465030104326
0.050634483670888755
0.05405488478538444
0.05741193462367992
0.060691794577427516
0.06388076544696535
0.06696534661477066
0.06993229514495791
0.07276868455467544
0.07546196300144781
0.07800001062976142
0.08037119582059618
0.08256443008910067
0.08456922137826972
0.08637572550025839
0.08797479548188616
0.08935802857693385
0.09051781071498688
0.09144735816483926
0.09214075619979319
0.09259299456256344
0.09279999953887486
0.09275866246119702
0.09246686447734291
0.09192349743282821
0.09112848073087966
0.09008277404975872
0.0887883858135425
0.08724837732964645
0.08546686252407604
0.08344900322362919
0.08120099995291756
0.07873007823309602
0.0760444703884838
0.07315339288673599
0.07006701925784135
0.06679644865682545
0.0633536701546257
0.059751522860997934
0.05600365200252142
0.05212446109760659
0.04812906038887578
0.044033211711244385
0.039853269991390244
0.03560612159103946
0.04030213557040481
0.04503068565437789
0.04977367156356899
0.05451273485352673
0.059229332638658094
0.06390481289387928
0.06852049102957956
0.07305772742676579
0.07749800561175184
0.08182301074363416
0.08601470808297632
0.09005542110675298
0.09392790893262148
0.0976154427150675
0.1011018806769331
0.10437174144223667
0.1074102753401228
0.11020353335514228
0.11273843340593864
0.11500282364270892
0.1169855424635649
0.11867647496105911
0.12006660552265883
0.1211480663227988
0.12191418145926192
0.12235950650298966
0.12247986324793587
0.12227236946619145
0.12173546349324911
0.12086892348886812
0.11967388124046036
0.11815283039816744
0.11630962905372895
0.1141494965987852
0.11167900482228699
0.10890606323112491
0.1058398986028108
0.1024910288039772
0.09887123093344248
0.09499350387356975
0.09087202535848474
0.08652210369228025
0.08196012427458757
0.07720349111461654
0.07227056353797534
0.06718058831304216
0.061953627445380466
0.05661048190950044
0.05117261160706424
0.0456620518593983
0.05161975558398785
0.057604123910673745
0.06359190362607539
0.06955962798885665
0.07548371238180028
0.08134055126103244
0.08710661600095808
0.09275855322633159
0.098273283217409
0.10362809797048228
0.10880075849415582
0.11376959092167374
0.1185135810213011
0.12301246669035802
0.1272468280238766
0.1311981745560657
0.13484902928179637
0.13818300907608896
0.14118490114214052
0.14384073513264292
0.1461378506050491
0.14806495948890633
0.14961220326239938
0.1507712045557035
0.1515351129205949
0.15189864452890373
0.1518581155867296
0.15141146927677795
0.1505582960676145
0.14929984725595621
0.14763904163622488
0.1455804652203413
0.1431303639600368
0.14029662945366816
0.13708877764950067
0.13351792058758397
0.1295967312524923
0.12533940163928037
0.12076159416479748
0.11588038658595884
0.11071421061550837
0.10528278445408489
0.09960703948496963
0.09370904140449747
0.08761190608678382
0.08133971050587635
0.07491739906173324
0.06837068567828708
0.0617259520623117
0.05501014253068564
0.06210984179353915
0.06922376031272925
0.07632390261809219
0.08338215698160364
0.09037041109638444
0.09726066844348619
0.10402516485727982
0.11063648479654904
0.11706767682681359
0.12329236781998801
0.12928487538014252
0.13502031800901962
0.14047472253189713
0.14562512831352425
0.15044968780500148
0.15492776297574126
0.15904001719986166
0.1627685021835503
0.16609673953901596
0.16900979663149496
0.17149435634840232
0.1735387804639332
0.17513316629821074
0.17626939639726863
0.17694118098869674
0.17714409299750022
0.17687559543753595
0.17613506102564536
0.17492378389817748
0.1732449833428379
0.17110379949258667
0.1685072809624672
0.16546436444466625
0.16198584631159207
0.15808434631120127
0.1537742634730366
0.1490717243772832
0.1439945239725318
0.13856205916059536
0.1327952553986494
0.12671648659986776
0.1203494886435995
0.11371926683475633
0.10685199767933116
0.09977492536880023
0.09251625339031327
0.08510503170211403
0.07757103993425477
0.06994466709348517
0.06225678826790901
0.07020394172400964
0.07814719477348954
0.08605495990215023
0.09389567649246838
0.10163794125056727
0.10925063842876491
0.1167030692924245
0.12396508028114413
0.13100718931811864
0.13780070972759925
0.14431787122886072
0.15053193748590113
0.15641731970517264
0.16194968578898786
0.1671060645697177
0.17186494466954128
0.1762063675521034
0.18011201435603785
0.18356528612570583
0.18655137708164685
0.1890573406020168
0.19107214761653263
0.19258673714609972
0.1935940587541498
0.19408910670970164
0.19406894569706024
0.19353272794279852
0.1924817016670195
0.19091921080275648
0.1888506859645404
0.18628362668452003
0.18322757497185957
0.17969408028834435
0.1756966560699813
0.17125072796077415
0.1663735739606022
0.16108425672405213
0.15540354828107
0.14935384748314476
0.14295909051040387
0.13624465480519773
0.12923725682650478
0.12196484404650787
0.11445648163599878
0.10674223430866528
0.09885304381568573
0.09082060260141425
0.08267722414801908
0.07445571055187071
0.0661892178869738
0.07454511103409453
0.08287588778698189
0.09114814599514157
0.09932867903731303
0.10738461292322654
0.11528354214872485
0.12299366372971565
0.13048390884746647
0.13772407154760033
0.14468493394707674
0.15133838741805675
0.15765754923417744
0.16361687418386028
0.1691922606763525
0.1743611508894609
0.17910262453306183
0.1833974858295335
0.18722834334097327
0.19057968230346586
0.19343792916048114
0.1957915080206922
0.19763088879986745
0.19894862684193038
0.19973939385058814
0.2
0.19972940713056572
0.1989287329739562
0.19760124638978385
0.1957523536346572
0.19338957572262266
0.19052251697400305
0.18716282488720223
0.18332414150504503
0.17902204648344347
0.17427399210552805
0.16909923051861914
0.1635187335044988
0.157555105125117
0.1512324876161192
0.144576460929083
0.13761393635031602
0.13037304464890562
0.12288301922985255
0.1151740747889134
0.10727728198471612
0.09922443866009914
0.09104793815896128
0.08278063529670754
0.07445571055187024
0.06610653305340213
0.0743589810159723
0.08256568520114911
0.09069354272044096
0.09870981077120566
0.10658224098219393
0.11427921150930281
0.12176985632780479
0.1290241911802383
0.1360132356540391
0.1427091308804785
0.14908525236580056
0.15511631748715415
0.160778487209301
0.16604946160363
0.1709085687780877
0.17533684685549022
0.1793171186679735
0.1828340588670683
0.18587425318178036
0.18842624959109966
0.1904806012122926
0.19202990074211124
0.19306880632436002
0.19359405875414992
0.19360448996626126
0.19310102279234198
0.19208666200890745
0.19056647673518945
0.18854757427661395
0.18603906554589728
0.18305202222934122
0.1795994259006304
0.1756961093182479
0.17135869017528566
0.1666054976018861
0.1614564917505682
0.15593317682327262
0.1500585079258441
0.14385679216089206
0.13735358439321643
0.130575578143495
0.12355049208515541
0.1163069526367374
0.10887437315698767
0.10128283026292705
0.0935629378015407
0.08574571901408129
0.07786247743779959
0.06994466709348565
0.062023762508281025
0.06967938171996607
0.07727296559180075
0.0847737684616705
0.09215153498248743
0.09937662280352451
0.10642012222684222
0.11325397234623498
0.11985107319311868
0.12618539343250565
0.13223207317314187
0.13796752147830477
0.14336950818815355
0.14841724969022066
0.1530914883020583
0.15737456495859972
0.161250484926676
0.1647049763000078
0.1677255410598626
0.17030149851916052
0.17242402100110057
0.17408616163712684
0.17528287420317856
0.17601102494745335
0.17626939639726866
0.17605868316684425
0.17538147982182223
0.1742422608899178
0.17264735314014176
0.17060490028539457
0.16812482029474268
0.16521875553229004
0.16190001596901143
0.15818351574221567
0.1540857033642368
0.14962448590748711
0.14481914751694513
0.13969026262351678
0.1342596042522875
0.12855004783851398
0.12258547098108137
0.11639064957817191
0.1099911508028304
0.10341322338709824
0.09668368569215037
0.08982981204874613
0.08287921785678504
0.07585974393538207
0.06879934061509334
0.06172595206231138
0.054667401321840406
0.06133830094748588
0.06793790734964757
0.07443945874811082
0.08081675770889357
0.08704427549517287
0.09309725297766529
0.09895179770078247
0.10458497671974612
0.10997490484433473
0.1151008279467952
0.11994320101472616
0.12448376065415663
0.1287055917736446
0.13259318820676058
0.13613250705779348
0.13931101658366768
0.1421177374538892
0.1445432772596082
0.14657985817258176
0.1482213376846386
0.14946322238828583
0.15030267478898585
0.15073851316944606
0.1507712045557036
0.15040285086387653
0.14963716833494461
0.14847946039277357
0.14693658408766644
0.14501691031388492
0.14273027801476088
0.14008794261306964
0.13710251892721276
0.1337879188553076
0.1301592841294917
0.12623291446146814
0.12202619141756042
0.11755749837711377
0.11284613694213437
0.10791224017825776
0.10277668307777231
0.0974609906441153
0.09198724400435568
0.08637798496126235
0.08065611939999767
0.07484481996598308
0.06896742843026635
0.06304735815662103
0.057107997080837206
0.05117261160706335
0.04526425181884963
0.050724268229090555
0.05611168955631393
0.06140468657146843
0.06658200470495089
0.0716230466628047
0.07650795158360157
0.08121767043221467
0.08573403734526559
0.0900398366628818
0.09411886540201574
0.09795599094827506
0.10153720376551834
0.1048496649455428
0.10788174844377191
0.1106230778709328
0.11306455773508915
0.11519839905304992
0.11701813927492061
0.1185186564903764
0.11969617790987817
0.12054828263859219
0.12107389878492414
0.12127329496939035
0.12114806632279872
0.1207011150854081
0.11993662594069979
0.11886003623859139
0.11747800128324773
0.11579835488001099
0.11383006535432433
0.1115831872727638
0.10906880911239623
0.10629899713953112
0.10328673577254943
0.10004586471574968
0.09659101316209544
0.09293753137222333
0.08910141994523431
0.08509925710337707
0.08094812431800028
0.07666553060780754
0.07226933584279856
0.06777767338800239
0.06320887242051935
0.0585813802512703
0.05391368497939432
0.04922423880232714
0.04453138229841724
0.03985326999139054
0.035207797497233385
0.039405462915497014
0.043536260292488166
0.04758350467636035
0.05153103983798694
0.0553632990909415
0.0590653629732414
0.06262301358203073
0.0660227853688987
0.06925201222086239
0.07229887066977529
0.07515241909129784
0.07780263277320904
0.08024043475186707
0.08245772233483861
0.0844473892470991
0.08620334335760363
0.0877205199624193
0.08899489061986376
0.09002346755216596
0.09080430364693097
0.09133648811011427
0.0916201378401843
0.09165638461062965
0.09144735816483923
0.09099616534363467
0.09030686538125361
0.08938444152033907
0.08823476911042034
0.08686458036741913
0.08528142598384585
0.08349363379050571
0.08151026468070027
0.07934106601702921
0.07699642274894505
0.07448730647621717
0.07182522269929804
0.06902215650237208
0.06609051691848174
0.06304308022866037
0.05989293244836688
0.05665341125482192
0.053338047608003515
0.049960507316178536
0.046534532793854194
0.04307388525606271
0.03959228758786601
0.036103368122024984
0.03262060555082551
0.02915727519033211
0.025726396806631687
0.028757668421151118
0.031732587852507
0.03463920595885848
0.037466018222403814
0.040202006324109446
0.042836677120923684
0.04536009889549694
0.047762934761871566
0.05003647312432777
0.0521726551005916
0.05416409883479866
0.056004120639954184
0.05768675292401285
0.059206758868110825
0.06055964383981083
0.06174166353846126
0.06274982888376839
0.06358190767250906
0.06423642304177467
0.06471264879029984
0.06501060162213929
0.0651310303892506
0.06507540242130279
0.06484588704225461
0.06444533638388338
0.06387726361644781
0.06314581872601294
0.06225576197660975
0.06121243520333443
0.060021731089660205
0.05869006058865997
0.057224318653448375
0.05563184844699895
0.05392040420549021
0.05209811293257029
0.050173435104291376
0.0481551245660746
0.046052187803799445
0.04387384277112022
0.04162947745425277
0.039328608353910055
0.036980839061696684
0.034595819105208446
0.03218320323227063
0.029752611300296578
0.02731358893160636
0.024875569089822216
0.02244783472609321
0.02003948263707314
0.017659388669136265
0.019715486809588217
0.021727835072810956
0.023688416201021627
0.02558955707263419
0.027423955039051304
0.02918470228663001
0.030865308151744004
0.032459719326829936
0.03396233790531453
0.03536803722343701
0.03667217546709854
0.03787060702198486
0.03895969155523491
0.039936300826861795
0.04079782323890124
0.04154216613986182
0.04216775591138065
0.042673535873098335
0.04305896205052723
0.043323996859148214
0.043469100766030486
0.04349522199795818
0.043403784372292385
0.04319667333359798
0.04287622028539561
0.04244518531223091
0.041906738392581154
0.0412644392079146
0.04052221565748587
0.03968434119215786
0.038755411083708134
0.03774031774867126
0.03664422524781751
0.03547254308383365
0.03423089942071093
0.03292511384869448
0.031561169818493294
0.03014518686771648
0.028683392761295896
0.027182095665888875
0.025647656476042488
0.024086461407182083
0.022504894967340677
0.020909313415941214
0.019306018813959342
0.017701233765400906
0.01610107694530034
0.014511539504361404
0.012938462435003517
0.011387514977918808
0.012697491564759147
0.013976036169636774
0.015218109920184707
0.01641892021338692
0.017573936133842977
0.018678902486964948
0.019729852412623535
0.02072311855152469
0.021655342743319848
0.022523484242161156
0.02332482644206791
0.024056982111014175
0.024717897139108578
0.025305852812518195
0.025819466630941118
0.026257691692364873
0.026619814674582628
0.026905452448433766
0.027114547362978317
0.027247361247782282
0.02730446818216959
0.027286746085671606
0.027195367187960447
0.0270317874402787
0.026797734933761
0.026495197393082204
0.026126408816543958
0.02569383533603388
0.025200160372243298
0.024648269162123343
0.024041232736776098
0.023382291428844328
0.022674837988952715
0.02192240039090182
0.021128624405101444
0.02029725601918412
0.019432123783847843
0.018537121160775754
0.017616188947954466
0.016673297855901246
0.015712431306198447
0.014737568521368219
0.013752667972485623
0.012761651248071288
0.011768387404704761
0.0107766778565303
0.009790241857333862
0.008812702625251892
0.007847574156369759
0.006898248769579403
0.007682188437518137
0.008445165612724131
0.009184214184293066
0.009896531492017836
0.010579486633924488
0.011230627875058241
0.01184768914439882
0.012428595610991973
0.012971468334551964
0.013474627989884967
0.01393659766850279
0.014356104764713884
0.014732081957291691
0.015063667301490107
0.015350203449725285
0.015591236022618915
0.015786511155325804
0.015935972247103695
0.016039755944947907
0.016098187394771788
0.016111774796075038
0.016081203298293635
0.01600732827906119
0.015891168046429385
0.015733896008688925
0.01553683235680435
0.015301435305617976
0.01502929194089785
0.014722108719994145
0.014381701674339636
0.014009986362272603
0.013608967620695182
0.013180729163890879
0.012727423077439903
0.012251259254571798
0.01175449482151562
0.011239423597427009
0.010708365633325369
0.010163656873149123
0.009607638978559959
0.009042649357491323
0.008471011434671527
0.007895025200448595
0.0073169580722342205
0.006739036100754239
0.006163435551089434
0.005592274886181127
0.005027607178120237
0.004471412970101722
0.0039255936094675465
0.0043662497477669135
0.004793899445937282
0.005206907767064945
0.005603740613295022
0.005982968819866056
0.006343271708531384
0.006683440097552048
0.0070023787678680895
0.007299108387427662
0.007572766897958318
0.007822610370701918
0.008048013339788393
0.008248468623995264
0.00842358664960699
0.008573094288966
0.008696833231066119
0.00879475790219529
0.008866932956163745
0.00891353035507028
0.008934826062844375
0.008931196374962138
0.008903113908763955
0.008851143279699615
0.008775936489592923
0.008678228053650067
0.008558829893437724
0.008418626023425142
0.008258567058924542
0.008079664573374114
0.00788298533289524
0.007669645435916507
0.00744080438540419
0.007197659120864994
0.0069414380368092235
0.006673395013771369
0.0063948034873021024
0.006106950579558455
0.005811131317249693
0.005508642958740153
0.005200779452075909
0.004888826044602381
0.00457405406366752
0.004257715886686601
0.003941040117563686
0.0036252269851505033
0.003311443978065342
0.003000821728812122
0.002694450158729001
0.00239337489387504
0.002098593960528061
0.0023312496618757192
0.00255638502469468
0.0027731563853378854
0.002980778003402625
0.003178523888250183
0.0033657293236654257
0.0035417920917374317
0.003706173398332064
0.003858398503765381
0.003998057063485728
0.004124803184711686
0.00423835520606513
0.004338495208266055
0.004425068264924543
0.004497981443368403
0.004557202566281964
0.004602758745698646
0.004634734701587067
0.004653270877895557
0.004658561369472322
0.0046508516737572446
0.004630436281546206
0.004597656121460666
0.004552895873013392
0.004496581163347112
0.004429175662837132
0.004351178094793845
0.004263119174476216
0.004165558492537508
0.004059081357868594
0.003944295614587873
0.003821828447649274
0.0036923231912076486
0.003556436153492503
0.0034148334715047753
0.003268188008365261
0.003117176305615833
0.002962475602204014
0.002804760931277108
0.002644702305271811
0.0024829619991185684
0.0023201919406837697
0.002157031216860378
0.0019941037029806673
0.0018320158224800099
0.001671354442979079
0.0015126849141900202
0.0013565492522804427
0.0012034644745632123
0.0010539210876140562
0.0011692990414152004
0.0012806197760843914
0.0013874758495618018
0.0014894908369806254
0.0015863200549360336
0.0016776511291530464
0.0017632044074350744
0.0018427332204042106
0.0019160239931406556
0.0019828962113988646
0.0020432022466120923
0.0020968270444016615
0.0021436876817734463
0.002183732798617374
0.0022169419095191857
0.0022433246022522373
0.0022629196296354514
0.0022757939017240703
0.002282041385541727
0.0022817819197650936
0.002275159951936811
0.0022623432059082566
0.0022435212873022376
0.0022189042348368
0.002188721025366319
0.0021532180404756503
0.0021126575024086464
0.0020673158870245212
0.002017482321356581
0.0019634569731978484
0.0019055494399604239
0.0018440771438493074
0.0017793637401615093
0.0017117375452659338
0.0016415299905440121
0.00156907410827423
0.0014947030551299822
0.0014187486786290898
0.0013415401315293642
0.0012634025388071467
0.0011846557214893916
0.0011056129812332808
0.0010265799491670365
0.0009478535021176585
0.0008697207489638862
0.0007924580894613804
0.0007163303474999659
0.0006415899803651801
0.0005684763651956972
0.0004972151634517433
0.0005509586375413932
0.0006026577397379414
0.0006521283769763206
0.0006992019550018016
0.0007437256240391991
0.0007855624489362914
0.0008245915053132877
0.0008607079035311735
0.0008938227425557728
0.0009238629960420389
0.0009507713331915559
0.0009745058771482041
0.0009950399038885613
0.0010123614847376502
0.0010264730757942322
0.0010373910576852046
0.0010451452291839831
0.0010497782583239257
0.0010513450947151925
0.001049912346831422
0.0010455576280724362
0.001038368875430385
0.0010284436445905792
0.0010158883852846058
0.0010008177006831046
0.0009833535945694338
0.0009636247099738239
0.0009417655628717469
0.0009179157744601159
0.0008922193054224873
0.0008648236954792449
0.0008358793113930303
0.0008055386064630744
0.0007739553943967662
0.0007412841402923343
0.0007076792713055482
0.0006732945094048452
0.0006382822284463678
0.0006027928376217685
0.000566974193150643
0.0005309710399045038
0.0004949244844635866
0.0004589715009204981
0.00042324447055805663
0.0003878707563422319
0.00035297231298700004
0.000318665333165647
0.0002850599302645512
0.0002522598579002585
0.000220362266250652
0.00024387596072525015
0.00026642677484548145
0.00028793692327666777
0.0003083358529043531
0.00032756030709409214
0.0003455543560808303
0.00036226939445473057
0.00037766410682484996
0.0003917044028489301
0.0004043633229149666
0.00041562091584908397
0.000425464090103879
0.000433886439952057
0.0004408880482715711
0.00044647526756080755
0.0004506604808656252
0.00045346184433436534
0.000454903013142388
0.0004550128525444771
0.00045382513582182003
0.0004513782308904184
0.00044771477732989803
0.0004428813555762741
0.00043692814999939534
0.00042990860755598074
0.0004218790936727733
0.00041289854697162763
0.0004030281343999045
0.00039233090827553267
0.00038087146669726695
0.0003687156187070337
0.0003559300555237568
0.0003425820290965853
0.000328739039151038
0.00031446852982404703
0.0002998375969043431
0.0002849127066128608
0.0002697594267749169
0.0002544421711515635
0.0002390239576130349
0.00022356618075193373
0.00020812839944927368
0.00019276813982196082
0.0001775407138972577
0.00016249905427743092
0.00014769356497751365
0.00013317198854042794
0.00011897928945746497
0.00010515755384811465
9.174590528221358e-05
0.00010140878640624121
0.00011064749638347199
0.00011943131541733287
0.00012773267716428981
0.00013552717611193987
0.0001427935608329142
0.00014951371363668646
0.00015567261718398438
0.00016125830866747093
0.00016626182219688798
0.0001706771200576251
0.0001745010135380395
0.00017773307404344652
0.00018037553523304954
0.00018243318693055203
0.00018391326156974938
0.00018482531394313462
0.00018518109502458578
0.0001849944206366074
0.0001842810357285827
0.00018305847502512082
0.00018134592079301938
0.00017916405846180614
0.000176534930816411
0.00017348179146140028
0.000170028958234647
0.00016620166722436998
0.00016202592801750783
0.00015752838077939498
0.00015273615573510122
0.00014767673559152976
0.0001423778214068996
0.00013686720238050427
0.00013117263000108625
0.00012532169695673586
0.00011934172117335687
0.00011325963531237784
0.0001071018820219492
0.00010089431519925137
9.466210748526523e-05
8.842966417716733e-05
8.222054370800478e-05
7.605738480818733e-05
6.996184042918022e-05
6.395451847632411e-05
5.805492936531765e-05
5.2281440385698316e-05
4.665123682448357e-05
4.118028977449111e-05
3.588333052437935e-05
3.961309472020304e-05
4.3167998263231526e-05
4.6536708894775634e-05
4.970917980598554e-05
5.267664465671455e-05
5.5431607119178795e-05
5.796782519673657e-05
6.028029058244245e-05
6.236520333459922e-05
6.421994215739692e-05
6.584303058384885e-05
6.723409936568769e-05
6.839384538065179e-05
6.932398737176784e-05
7.00272188357552e-05
7.050715837873734e-05
7.076829785694292e-05
7.081594861820325e-05
7.065618615675541e-05
7.029579348930309e-05
6.974220355447422e-05
6.900344093083007e-05
6.808806316054253e-05
6.700510195677312e-05
6.576400456280821e-05
6.437457552014679e-05
6.284691909114836e-05
6.119138256953549e-05
5.941850069917362e-05
5.753894140811748e-05
5.556345305108806e-05
5.350281333930371e-05
5.13677801221444e-05
4.916904417039633e-05
4.691718409605802e-05
4.462262352877621e-05
4.229559065418292e-05
3.994608020459983e-05
3.7583817978000705e-05
3.5218227946701445e-05
3.285840200314297e-05
3.051307237630987e-05
2.819058673892675e-05
2.5898886012557574e-05
2.3645484865223138e-05
2.1437454884109907e-05
1.9281410394488026e-05
1.7183496885038728e-05
1.514938198951773e-05
1.3184248964984912e-05
1.4536456543076358e-05
1.58211782771845e-05
1.703451261236899e-05
1.8173048054809352e-05
1.9233858354255536e-05
2.021449571460359e-05
2.1112982141135903e-05
2.192779903718249e-05
2.2657875166480477e-05
2.3302573100366007e-05
2.3861674271121814e-05
2.433536275435493e-05
2.4724207904199508e-05
2.502914596546339e-05
2.5251460786566234e-05
2.539276375629405e-05
2.545497308603849e-05
2.5440292557327655e-05
2.5351189852108693e-05
2.519037458046038e-05
2.4960776117206684e-05
2.4665521355310508e-05
2.4307912479985444e-05
2.3891404863194774e-05
2.3419585173659184e-05
2.289614979267635e-05
2.2324883621031865e-05
2.170963935704902e-05
2.105431732044812e-05
2.0362845891168098e-05
1.9639162626703875e-05
1.888719611582671e-05
1.8110848620853796e-05
1.73139795548986e-05
1.6500389834838324e-05
1.5673807145060902e-05
1.4837872141471046e-05
1.3996125619717402e-05
1.31519966662249e-05
1.2308791805343942e-05
1.146968515083845e-05
1.0637709564984304e-05
9.81574882381278e-06
9.0065307824759e-06
8.212621530385305e-06
7.436420521656806e-06
6.680156662528718e-06
5.945885333783809e-06
5.235486322833464e-06
4.550662636988125e-06
5.011121480011667e-06
5.447187605487672e-06
5.857608647956497e-06
6.241307030056571e-06
6.59737723833451e-06
6.925082439907503e-06
7.223850482954664e-06
7.493269325059798e-06
7.733081934209927e-06
7.943180707811057e-06
8.123601455395886e-06
8.2745169907902e-06
8.396230379381391e-06
8.48916788580153e-06
8.553871666810908e-06
8.590992253454087e-06
8.601280865674264e-06
8.585581601521817e-06
8.544823541889106e-06
8.480012810364135e-06
8.392224626326007e-06
8.282595387821672e-06
8.152314819076067e-06
8.002618215711622e-06
7.83477881889539e-06
7.650100347711841e-06
7.449909717079887e-06
7.235549966514746e-06
7.008373422980798e-06
6.769735119011464e-06
6.520986485185645e-06
6.263469333970624e-06
5.998510149863941e-06
5.727414698716521e-06
5.451462967088519e-06
5.17190444050252e-06
4.8899537275096734e-06
4.606786534591665e-06
4.323535995081478e-06
4.041289353516078e-06
3.7610850051276415e-06
3.4839098885549642e-06
3.2106972283028458e-06
2.942324622016266e-06
2.6796124662508563e-06
2.423322713135404e-06
2.1741579491177877e-06
1.9327607858847724e-06
1.6997135525287671e-06
1.4755382771225199e-06
1.622810850080401e-06
1.7618236542600229e-06
1.892202396396545e-06
2.0136311215433308e-06
2.1258509768792214e-06
2.228658771300305e-06
2.3219053464337595e-06
2.4054937748967167e-06
2.4793774017269703e-06
2.5435577449366665e-06
2.59808227109022e-06
2.6430420616825594e-06
2.6785693859042016e-06
2.7048351951219806e-06
2.7220465540890346e-06
2.730444023523411e-06
2.7302990082709554e-06
2.721911084794827e-06
2.705605321217842e-06
2.6817296025889646e-06
2.6506519734550854e-06
2.6127580091992084e-06
2.5684482269593013e-06
2.518135546274287e-06
2.462242808917039e-06
2.40120036667483e-06
2.3354437451275834e-06
2.2654113907592007e-06
2.191542508018307e-06
2.1142749922289248e-06
2.034043463538019e-06
1.951277406383132e-06
1.8663994182680978e-06
1.7798235709553397e-06
1.6919538865173235e-06
1.6031829300448873e-06
1.513890520183709e-06
1.424442558068482e-06
1.3351899746454857e-06
1.2464677958232673e-06
1.1585943243662007e-06
1.0718704369513903e-06
9.865789943430418e-07
9.029843622048837e-07
8.213320396674098e-07
7.418483923964486e-07
6.647404865695145e-07
5.901960198615445e-07
5.183833452659298e-07
4.4945158333639746e-07
4.936935681526146e-07
5.353146574509146e-07
5.742108817920443e-07
6.102964967808313e-07
6.435034967033056e-07
6.737810696474087e-07
7.010949993549882e-07
7.254270190597604e-07
7.467741225460748e-07
7.65147837621459e-07
7.805734671301595e-07
7.930893025485129e-07
8.027458150965963e-07
8.096048291760421e-07
8.137386828022594e-07
8.15229379542039e-07
8.141677362965187e-07
8.106525310857559e-07
8.047896547964068e-07
7.966912706494511e-07
7.864749849323993e-07
7.74263032320863e-07
7.601814788893866e-07
7.443594456823665e-07
7.269283554840357e-07
7.08021205192804e-07
6.877718659714588e-07
6.663144131112434e-07
6.437824873167291e-07
6.203086888894568e-07
5.960240060637463e-07
5.710572785276386e-07
5.455346969476447e-07
5.195793391072556e-07
4.933107430680862e-07
4.668445175684018e-07
4.4029198968857595e-07
4.1375988963580886e-07
3.8735007233279414e-07
3.6115927533653826e-07
3.3527891246534036e-07
3.097949023730499e-07
2.84787531181971e-07
2.603313481672176e-07
2.364950933787363e-07
2.13341655989359e-07
1.9092806207122363e-07
0.0
0.0
0.0
0.0
0.0
0.0
0.0
0.0
0.0
0.0
0.0
0.0
0.0
0.0
0.0
0.0
0.0
0.0
0.0
0.0
0.0
0.0
0.0
0.0
0.0
0.0
0.0
0.0
0.0
0.0
0.0
0.0
0.0
0.0
0.0
0.0
0.0
0.0
0.0
0.0
0.0
0.0
0.0
0.0
0.0
0.0
0.0
0.0
0.0
0.0
0.0
0.0
0.0
0.0
0.0
0.0
0.0
0.0
0.0
0.0
0.0
0.0
0.0
0.0
0.0
0.0
0.0
0.0
0.0
0.0
0.0
0.0
0.0
0.0
0.0
0.0
0.0
0.0
0.0
0.0
0.0
0.0
0.0
0.0
0.0
0.0
0.0
0.0
0.0
0.0
0.0
0.0
0.0
0.0
0.0
0.0
0.0
0.0
0.0
0.0
0.0
0.0
0.0
0.0
0.0
0.0
0.0
0.0
0.0
0.0
0.0
0.0
0.0
0.0
0.0
0.0
0.0
0.0
0.0
0.0
0.0
0.0
0.0
0.0
0.0
0.0
0.0
0.0
0.0
0.0
0.0
0.0
0.0
0.0
0.0
0.0
0.0
0.0
0.0
0.0
0.0
0.0
0.0
0.0
0.0
0.0
0.0
0.0
0.0
0.0
0.0
0.0
0.0
0.0
0.0
0.0
0.0
0.0
0.0
0.0
0.0
0.0
0.0
0.0
0.0
0.0
0.0
0.0
0.0
0.0
0.0
0.0
0.0
0.0
0.0
0.0
0.0
0.0
0.0
0.0
0.0
0.0
0.0
0.0
0.0
0.0
0.0
0.0
0.0
0.0
0.0
0.0
0.0
0.0
0.0
0.0
0.0
0.0
0.0
0.0
0.0
0.0
0.0
0.0
0.0
0.0
0.0
0.0
0.0
0.0
0.0
0.0
0.0
0.0
0.0
0.0
0.0
0.0
0.0
0.0
0.0
0.0
0.0
0.0
0.0
0.0
0.0
0.0
0.0
0.0
0.0
0.0
0.0
0.0
0.0
0.0
0.0
0.0
0.0
0.0
0.0
0.0
0.0
0.0
0.0
0.0
0.0
0.0
0.0
0.0
0.0
0.0
0.0
0.0
0.0
0.0
0.0
0.0
0.0
0.0
0.0
0.0
0.0
0.0
0.0
0.0
0.0
0.0
0.0
0.0
0.0
0.0
0.0
0.0
0.0
0.0
0.0
0.0
0.0
0.0
0.0
0.0
0.0
0.0
0.0
0.0
0.0
0.0
0.0
0.0
0.0
0.0
0.0
0.0
0.0
0.0
0.0
0.0
0.0
0.0
0.0
0.0
0.0
0.0
0.0
0.0
0.0
0.0
0.0
0.0
0.0
0.0
0.0
0.0
0.0
0.0
0.0
0.0
0.0
0.0
0.0
0.0
0.0
0.0
0.0
0.0
0.0
0.0
0.0
0.0
0.0
0.0
0.0
0.0
0.0
0.0
0.0
0.0
0.0
0.0
0.0
0.0
0.0
0.0
0.0
0.0
0.0
0.0
0.0
0.0
0.0
0.0
0.0
0.0
0.0
0.0
0.0
0.0
0.0
0.0
0.0
0.0
0.0
0.0
0.0
0.0
0.0
0.0
0.0
0.0
0.0
0.0
0.0
0.0
0.0
0.0
0.0
0.0
0.0
0.0
0.0
0.0
0.0
0.0
0.0
0.0
0.0
0.0
0.0
0.0
0.0
0.0
0.0
0.0
0.0
0.0
0.0
0.0
0.0
0.0
0.0
0.0
0.0
0.0
0.0
0.0
0.0
0.0
0.0
0.0
0.0
0.0
0.0
0.0
0.0
0.0
0.0
0.0
0.0
0.0
0.0
0.0
0.0
0.0
0.0
0.0
0.0
0.0
0.0
0.0
0.0
0.0
0.0
0.0
0.0
0.0
0.0
0.0
0.0
0.0
0.0
0.0
0.0
0.0
0.0
0.0
0.0
0.0
0.0
0.0
0.0
0.0
0.0
0.0
0.0
0.0
0.0
0.0
0.0
0.0
0.0
0.0
0.0
0.0
0.0
0.0
0.0
0.0
0.0
0.0
0.0
0.0
0.0
0.0
0.0
0.0
0.0
0.0
0.0
0.0
0.0
0.0
0.0
0.0
0.0
0.0
0.0
0.0
0.0
0.0
0.0
0.0
0.0
0.0
0.0
0.0
0.0
0.0
0.0
0.0
0.0
0.0
0.0
0.0
0.0
0.0
0.0
0.0
0.0
0.0
0.0
0.0
0.0
0.0
0.0
0.0
0.0
0.0
0.0
0.0
0.0
0.0
0.0
0.0
0.0
0.0
0.0
0.0
0.0
0.0
0.0
0.0
0.0
0.0
0.0
0.0
0.0
0.0
0.0
0.0
0.0
0.0
0.0
0.0
0.0
0.0
0.0
0.0
0.0
0.0
0.0
0.0
0.0
0.0
0.0
0.0
0.0
0.0
0.0
0.0
0.0
0.0
0.0
0.0
0.0
0.0
0.0
0.0
0.0
0.0
0.0
0.0
0.0
0.0
0.0
0.0
0.0
0.0
0.0
0.0
0.0
0.0
0.0
0.0
0.0
0.0
0.0
0.0
0.0
0.0
0.0
0.0
0.0
0.0
0.0
0.0
0.0
0.0
0.0
0.0
0.0
0.0
0.0
0.0
0.0
0.0
0.0
0.0
0.0
0.0
0.0
0.0
0.0
0.0
0.0
0.0
0.0
0.0
0.0
0.0
0.0
0.0
0.0
0.0
0.0
0.0
0.0
0.0
0.0
0.0
0.0
0.0
0.0
0.0
0.0
0.0
0.0
0.0
0.0
0.0
0.0
0.0
0.0
0.0
0.0
0.0
0.0
0.0
0.0
0.0
0.0
0.0
0.0
0.0
0.0
0.0
0.0
0.0
0.0
0.0
0.0
0.0
0.0
0.0
0.0
0.0
0.0
0.0
0.0
0.0
0.0
0.0
0.0
0.0
0.0
0.0
0.0
0.0
0.0
0.0
0.0
0.0
0.0
0.0
0.0
0.0
0.0
0.0
0.0
0.0
0.0
0.0
0.0
0.0
0.0
0.0
0.0
0.0
0.0
0.0
0.0
0.0
0.0
0.0
0.0
0.0
0.0
0.0
0.0
0.0
0.0
0.0
0.0
0.0
0.0
0.0
0.0
0.0
0.0
0.0
0.0
0.0
0.0
0.0
0.0
0.0
0.0
0.0
0.0
0.0
0.0
0.0
0.0
0.0
0.0
0.0
0.0
0.0
0.0
0.0
0.0
0.0
0.0
0.0
0.0
0.0
0.0
0.0
0.0
0.0
0.0
0.0
0.0
0.0
0.0
0.0
0.0
0.0
0.0
0.0
0.0
0.0
0.0
0.0
0.0
0.0
0.0
0.0
0.0
0.0
0.0
0.0
0.0
0.0
0.0
0.0
0.0
0.0
0.0
0.0
0.0
0.0
0.0
0.0
0.0
0.0
0.0
0.0
0.0
0.0
0.0
0.0
0.0
0.0
0.0
0.0
0.0
0.0
0.0
0.0
0.0
0.0
0.0
0.0
0.0
0.0
0.0
0.0
0.0
0.0
0.0
0.0
0.0
0.0
0.0
0.0
0.0
0.0
0.0
0.0
0.0
0.0
0.0
0.0
0.0
0.0
0.0
0.0
0.0
0.0
0.0
0.0
0.0
0.0
0.0
0.0
0.0
0.0
0.0
0.0
0.0
0.0
0.0
0.0
0.0
0.0
0.0
0.0
0.0
0.0
0.0
0.0
0.0
0.0
0.0
0.0
0.0
0.0
0.0
0.0
0.0
0.0
0.0
0.0
0.0
0.0
0.0
0.0
0.0
0.0
0.0
0.0
0.0
0.0
0.0
0.0
0.0
0.0
0.0
0.0
0.0
0.0
0.0
0.0
0.0
0.0
0.0
0.0
0.0
0.0
0.0
0.0
0.0
0.0
0.0
0.0
0.0
0.0
0.0
0.0
0.0
0.0
0.0
0.0
0.0
0.0
0.0
0.0
0.0
0.0
0.0
0.0
0.0
0.0
0.0
0.0
0.0
0.0
0.0
0.0
0.0
0.0
0.0
0.0
0.0
0.0
0.0
0.0
0.0
0.0
0.0
0.0
0.0
0.0
0.0
0.0
0.0
0.0
0.0
0.0
0.0
0.0
0.0
0.0
0.0
0.0
0.0
0.0
0.0
0.0
0.0
0.0
0.0
0.0
0.0
0.0
0.0
0.0
0.0
0.0
0.0
0.0
0.0
0.0
0.0
0.0
0.0
0.0
0.0
0.0
0.0
0.0
0.0
0.0
0.0
0.0
0.0
0.0
0.0
0.0
0.0
0.0
0.0
0.0
0.0
0.0
0.0
0.0
0.0
0.0
0.0
0.0
0.0
0.0
0.0
0.0
0.0
0.0
0.0
0.0
0.0
0.0
0.0
0.0
0.0
0.0
0.0
0.0
0.0
0.0
0.0
0.0
0.0
0.0
0.0
0.0
0.0
0.0
0.0
0.0
0.0
0.0
0.0
0.0
0.0
0.0
0.0
0.0
0.0
0.0
0.0
0.0
0.0
0.0
0.0
0.0
0.0
0.0
0.0
0.0
0.0
0.0
0.0
0.0
0.0
0.0
0.0
0.0
0.0
0.0
0.0
0.0
0.0
0.0
0.0
0.0
0.0
0.0
0.0
0.0
0.0
0.0
0.0
0.0
0.0
0.0
0.0
0.0
0.0
0.0
0.0
0.0
0.0
0.0
0.0
0.0
0.0
0.0
0.0
0.0
0.0
0.0
0.0
0.0
0.0
0.0
0.0
0.0
0.0
0.0
0.0
0.0
0.0
0.0
0.0
0.0
0.0
0.0
0.0
0.0
0.0
0.0
0.0
0.0
0.0
0.0
0.0
0.0
0.0
0.0
0.0
0.0
0.0
0.0
0.0
0.0
0.0
0.0
0.0
0.0
0.0
0.0
0.0
0.0
0.0
0.0
0.0
0.0
0.0
0.0
0.0
0.0
0.0
0.0
0.0
0.0
0.0
0.0
0.0
0.0
0.0
0.0
0.0
0.0
0.0
0.0
0.0
0.0
0.0
0.0
0.0
0.0
0.0
0.0
0.0
0.0
0.0
0.0
0.0
0.0
0.0
0.0
0.0
0.0
0.0
0.0
0.0
0.0
0.0
0.0
0.0
0.0
0.0
0.0
0.0
0.0
0.0
0.0
0.0
0.0
0.0
0.0
0.0
0.0
0.0
0.0
0.0
0.0
0.0
0.0
0.0
0.0
0.0
0.0
0.0
0.0
0.0
0.0
0.0
0.0
0.0
0.0
0.0
0.0
0.0
0.0
0.0
0.0
0.0
0.0
0.0
0.0
0.0
0.0
0.0
0.0
0.0
0.0
0.0
0.0
0.0
0.0
0.0
0.0
0.0
0.0
0.0
0.0
0.0
0.0
0.0
0.0
0.0
0.0
0.0
0.0
0.0
0.0
0.0
0.0
0.0
0.0
0.0
0.0
0.0
0.0
0.0
0.0
0.0
0.0
0.0
0.0
0.0
0.0
0.0
0.0
0.0
0.0
0.0
0.0
0.0
0.0
0.0
0.0
0.0
0.0
0.0
0.0
0.0
0.0
0.0
0.0
0.0
0.0
0.0
0.0
0.0
0.0
0.0
0.0
0.0
0.0
0.0
0.0
0.0
0.0
0.0
0.0
0.0
0.0
0.0
0.0
0.0
0.0
0.0
0.0
0.0
0.0
0.0
0.0
0.0
0.0
0.0
0.0
0.0
0.0
0.0
0.0
0.0
0.0
0.0
0.0
0.0
0.0
0.0
0.0
0.0
0.0
0.0
0.0
0.0
0.0
0.0
0.0
0.0
0.0
0.0
0.0
0.0
0.0
0.0
0.0
0.0
0.0
0.0
0.0
0.0
0.0
0.0
0.0
0.0
0.0
0.0
0.0
0.0
0.0
0.0
0.0
0.0
0.0
0.0
0.0
0.0
0.0
0.0
0.0
0.0
0.0
0.0
0.0
0.0
0.0
0.0
0.0
0.0
0.0
0.0
0.0
0.0
0.0
0.0
0.0
0.0
0.0
0.0
0.0
0.0
0.0
0.0
0.0
0.0
0.0
0.0
0.0
0.0
0.0
0.0
0.0
0.0
0.0
0.0
0.0
0.0
0.0
0.0
0.0
0.0
0.0
0.0
0.0
0.0
0.0
0.0
0.0
0.0
0.0
0.0
0.0
0.0
0.0
0.0
0.0
0.0
0.0
0.0
0.0
0.0
0.0
0.0
0.0
0.0
0.0
0.0
0.0
0.0
0.0
0.0
0.0
0.0
0.0
0.0
0.0
0.0
0.0
0.0
0.0
0.0
0.0
0.0
0.0
0.0
0.0
0.0
0.0
0.0
0.0
0.0
0.0
0.0
0.0
0.0
0.0
0.0
0.0
0.0
0.0
0.0
0.0
0.0
0.0
0.0
0.0
0.0
0.0
0.0
0.0
0.0
0.0
0.0
0.0
0.0
0.0
0.0
0.0
0.0
0.0
0.0
0.0
0.0
0.0
0.0
0.0
0.0
0.0
0.0
0.0
0.0
0.0
0.0
0.0
0.0
0.0
0.0
0.0
0.0
0.0
0.0
0.0
0.0
0.0
0.0
0.0
0.0
0.0
0.0
0.0
0.0
0.0
0.0
0.0
0.0
0.0
0.0
0.0
0.0
0.0
0.0
0.0
0.0
0.0
0.0
0.0
0.0
0.0
0.0
0.0
0.0
0.0
0.0
0.0
0.0
0.0
0.0
0.0
0.0
0.0
0.0
0.0
0.0
0.0
0.0
0.0
0.0
0.0
0.0
0.0
0.0
0.0
0.0
0.0
0.0
0.0
0.0
0.0
0.0
0.0
0.0
0.0
0.0
0.0
0.0
0.0
0.0
0.0
0.0
0.0
0.0
0.0
0.0
0.0
0.0
0.0
0.0
0.0
0.0
0.0
0.0
0.0
0.0
0.0
0.0
0.0
0.0
0.0
0.0
0.0
0.0
0.0
0.0
0.0
0.0
0.0
0.0
0.0
0.0
0.0
0.0
0.0
0.0
0.0
0.0
0.0
0.0
0.0
0.0
0.0
0.0
0.0
0.0
0.0
0.0
0.0
0.0
0.0
0.0
0.0
0.0
0.0
0.0
0.0
0.0
0.0
0.0
0.0
0.0
0.0
0.0
0.0
0.0
0.0
0.0
0.0
0.0
0.0
0.0
0.0
0.0
0.0
0.0
0.0
0.0
0.0
0.0
0.0
0.0
0.0
0.0
0.0
0.0
0.0
0.0
0.0
0.0
0.0
0.0
0.0
0.0
0.0
0.0
0.0
0.0
0.0
0.0
0.0
0.0
0.0
0.0
0.0
0.0
0.0
0.0
0.0
0.0
0.0
0.0
0.0
0.0
0.0
0.0
0.0
0.0
0.0
0.0
0.0
0.0
0.0
0.0
0.0
0.0
0.0
0.0
0.0
0.0
0.0
0.0
0.0
0.0
0.0
0.0
0.0
0.0
0.0
0.0
0.0
0.0
0.0
0.0
0.0
0.0
0.0
0.0
0.0
0.0
0.0
0.0
0.0
0.0
0.0
0.0
0.0
0.0
0.0
0.0
0.0
0.0
0.0
0.0
0.0
0.0
0.0
0.0
0.0
0.0
0.0
0.0
0.0
0.0
0.0
0.0
0.0
0.0
0.0
0.0
0.0
0.0
0.0
0.0
0.0
0.0
0.0
0.0
0.0
0.0
0.0
0.0
0.0
0.0
0.0
0.0
0.0
0.0
0.0
0.0
0.0
0.0
0.0
0.0
0.0
0.0
0.0
0.0
0.0
0.0
0.0
0.0
0.0
0.0
0.0
0.0
0.0
0.0
0.0
0.0
0.0
0.0
0.0
0.0
0.0
0.0
0.0
0.0
0.0
0.0
0.0
0.0
0.0
0.0
0.0
0.0
0.0
0.0
0.0
0.0
0.0
0.0
0.0
0.0
0.0
0.0
0.0
0.0
0.0
0.0
0.0
0.0
0.0
0.0
0.0
0.0
0.0
0.0
0.0
0.0
0.0
0.0
0.0
0.0
0.0
0.0
0.0
0.0
0.0
0.0
0.0
0.0
0.0
0.0
0.0
0.0
0.0
0.0
0.0
0.0
0.0
0.0
0.0
0.0
0.0
0.0
0.0
0.0
0.0
0.0
0.0
0.0
0.0
0.0
0.0
0.0
0.0
0.0
0.0
0.0
0.0
0.0
0.0
0.0
0.0
0.0
0.0
0.0
0.0
0.0
0.0
0.0
0.0
0.0
0.0
0.0
0.0
0.0
0.0
0.0
0.0
0.0
0.0
0.0
0.0
0.0
0.0
0.0
0.0
0.0
0.0
0.0
0.0
0.0
0.0
0.0
0.0
0.0
0.0
0.0
0.0
0.0
0.0
0.0
0.0
0.0
0.0
0.0
0.0
0.0
0.0
0.0
0.0
0.0
0.0
0.0
0.0
0.0
0.0
0.0
0.0
0.0
0.0
0.0
0.0
0.0
0.0
0.0
0.0
0.0
0.0
0.0
0.0
0.0
0.0
0.0
0.0
0.0
0.0
0.0
0.0
0.0
0.0
0.0
0.0
0.0
0.0
0.0
0.0
0.0
0.0
0.0
0.0
0.0
0.0
0.0
0.0
0.0
0.0
0.0
0.0
0.0
0.0
0.0
0.0
0.0
0.0
0.0
0.0
0.0
0.0
0.0
0.0
0.0
0.0
0.0
0.0
0.0
0.0
0.0
0.0
0.0
0.0
0.0
0.0
0.0
0.0
0.0
0.0
0.0
0.0
0.0
0.0
0.0
0.0
0.0
0.0