0.0
0.0
0.0
0.0
0.0
0.0
0.0
0.0
0.0
0.0
0.0
0.0
0.0
0.0
0.0
0.0
0.0
0.0
0.0
0.0
0.0
0.0
0.0
0.0
0.0
0.0
0.0
0.0
0.0
0.0
0.0
0.0
0.0
0.0
0.0
0.0
0.0
0.0
0.0
0.0
0.0
0.0
0.0
0.0
0.0
0.0
0.0
0.0
0.0
0.0
0.0
0.0
0.0
0.0
0.0
0.0
0.0
0.0
0.0
0.0
0.0
0.0
0.0
0.0
0.0
0.0
0.0
0.0
0.0
0.0
0.0
0.0
0.0
0.0
0.0
0.0
0.0
0.0
0.0
0.0
0.0
0.0
0.0
0.0
0.0
0.0
0.0
0.0
0.0
0.0
0.0
0.0
0.0
0.0
0.0
0.0
0.0
0.0
0.0
0.0
0.0
0.0
0.0
0.0
0.0
0.0
0.0
0.0
0.0
0.0
0.0
0.0
0.0
0.0
0.0
0.0
0.0
0.0
0.0
0.0
0.0
0.0
0.0
0.0
0.0
0.0
0.0
0.0
0.0
0.0
0.0
0.0
0.0
0.0
0.0
0.0
0.0
0.0
0.0
0.0
0.0
0.0
0.0
0.0
0.0
0.0
0.0
0.0
0.0
0.0
0.0
0.0
0.0
0.0
0.0
0.0
0.0
0.0
0.0
0.0
0.0
0.0
0.0
0.0
0.0
0.0
0.0
0.0
0.0
0.0
0.0
0.0
0.0
0.0
0.0
0.0
0.0
0.0
0.0
0.0
0.0
0.0
0.0
0.0
0.0
0.0
0.0
0.0
0.0
0.0
0.0
0.0
0.0
0.0
0.0
0.0
0.0
0.0
0.0
0.0
0.0
0.0
0.0
0.0
0.0
0.0
0.0
0.0
0.0
0.0
0.0
0.0
0.0
0.0
0.0
0.0
0.0
0.0
0.0
0.0
0.0
0.0
0.0
0.0
0.0
0.0
0.0
0.0
0.0
0.0
0.0
0.0
0.0
0.0
0.0
0.0
0.0
0.0
0.0
0.0
0.0
0.0
0.0
0.0
0.0
0.0
0.0
0.0
0.0
0.0
0.0
0.0
0.0
0.0
0.0
0.0
0.0
0.0
0.0
0.0
0.0
0.0
0.0
0.0
0.0
0.0
0.0
0.0
0.0
0.0
0.0
0.0
0.0
0.0
0.0
0.0
0.0
0.0
0.0
0.0
0.0
0.0
0.0
0.0
0.0
0.0
0.0
0.0
0.0
0.0
0.0
0.0
0.0
0.0
0.0
0.0
0.0
0.0
0.0
0.0
0.0
0.0
0.0
0.0
0.0
0.0
0.0
0.0
0.0
0.0
0.0
0.0
0.0
0.0
0.0
0.0
0.0
0.0
0.0
0.0
0.0
0.0
0.0
0.0
0.0
0.0
0.0
0.0
0.0
0.0
0.0
0.0
0.0
0.0
0.0
0.0
0.0
0.0
0.0
0.0
0.0
0.0
0.0
0.0
0.0
0.0
0.0
0.0
0.0
0.0
0.0
0.0
0.0
0.0
0.0
0.0
0.0
0.0
0.0
0.0
0.0
0.0
0.0
0.0
0.0
0.0
0.0
0.0
0.0
0.0
0.0
0.0
0.0
0.0
0.0
0.0
0.0
0.0
0.0
0.0
0.0
0.0
0.0
0.0
0.0
0.0
0.0
0.0
0.0
0.0
0.0
0.0
0.0
0.0
0.0
0.0
0.0
0.0
0.0
0.0
0.0
0.0
0.0
0.0
0.0
0.0
0.0
0.0
0.0
0.0
0.0
0.0
0.0
0.0
0.0
0.0
0.0
0.0
0.0
0.0
0.0
0.0
0.0
0.0
0.0
0.0
0.0
0.0
0.0
0.0
0.0
0.0
0.0
0.0
0.0
0.0
0.0
0.0
0.0
0.0
0.0
0.0
0.0
0.0
0.0
0.0
0.0
0.0
0.0
0.0
0.0
0.0
0.0
0.0
0.0
0.0
0.0
0.0
0.0
0.0
0.0
0.0
0.0
0.0
0.0
0.0
0.0
0.0
0.0
0.0
0.0
0.0
0.0
0.0
0.0
0.0
0.0
0.0
0.0
0.0
0.0
0.0
0.0
0.0
0.0
0.0
0.0
0.0
0.0
0.0
0.0
0.0
0.0
0.0
0.0
0.0
0.0
0.0
0.0
0.0
0.0
0.0
0.0
0.0
0.0
0.0
0.0
0.0
0.0
0.0
0.0
0.0
0.0
0.0
0.0
0.0
0.0
0.0
0.0
0.0
0.0
0.0
0.0
0.0
0.0
0.0
0.0
0.0
0.0
0.0
0.0
0.0
0.0
0.0
0.0
0.0
0.0
0.0
0.0
0.0
0.0
0.0
0.0
0.0
0.0
0.0
0.0
0.0
0.0
0.0
0.0
0.0
0.0
0.0
0.0
0.0
0.0
0.0
0.0
0.0
0.0
0.0
0.0
0.0
0.0
0.0
0.0
0.0
0.0
0.0
0.0
0.0
0.0
0.0
0.0
0.0
0.0
0.0
0.0
0.0
0.0
0.0
0.0
0.0
0.0
0.0
0.0
0.0
0.0
0.0
0.0
0.0
0.0
0.0
0.0
0.0
0.0
0.0
0.0
0.0
0.0
0.0
0.0
0.0
0.0
0.0
0.0
0.0
0.0
0.0
0.0
0.0
0.0
0.0
0.0
0.0
0.0
0.0
0.0
0.0
0.0
0.0
0.0
0.0
0.0
0.0
0.0
0.0
0.0
0.0
0.0
0.0
0.0
0.0
0.0
0.0
0.0
0.0
0.0
0.0
0.0
0.0
0.0
0.0
0.0
0.0
0.0
0.0
0.0
0.0
0.0
0.0
0.0
0.0
0.0
0.0
0.0
0.0
0.0
0.0
0.0
0.0
0.0
0.0
0.0
0.0
0.0
0.0
0.0
0.0
0.0
0.0
0.0
0.0
0.0
0.0
0.0
0.0
0.0
0.0
0.0
0.0
0.0
0.0
0.0
0.0
0.0
0.0
0.0
0.0
0.0
0.0
0.0
0.0
0.0
0.0
0.0
0.0
0.0
0.0
0.0
0.0
0.0
0.0
0.0
0.0
0.0
0.0
0.0
0.0
0.0
0.0
0.0
0.0
0.0
0.0
0.0
0.0
0.0
0.0
0.0
0.0
0.0
0.0
0.0
0.0
0.0
0.0
0.0
0.0
0.0
0.0
0.0
0.0
0.0
0.0
0.0
0.0
0.0
0.0
0.0
0.0
0.0
0.0
0.0
0.0
0.0
0.0
0.0
0.0
0.0
0.0
0.0
0.0
0.0
0.0
0.0
0.0
0.0
0.0
0.0
0.0
0.0
0.0
0.0
0.0
0.0
0.0
0.0
0.0
0.0
0.0
0.0
0.0
0.0
0.0
0.0
0.0
0.0
0.0
0.0
0.0
0.0
0.0
0.0
0.0
0.0
0.0
0.0
0.0
0.0
0.0
0.0
0.0
0.0
0.0
0.0
0.0
0.0
0.0
0.0
0.0
0.0
0.0
0.0
0.0
0.0
0.0
0.0
0.0
0.0
0.0
0.0
0.0
0.0
0.0
0.0
0.0
0.0
0.0
0.0
0.0
0.0
0.0
0.0
0.0
0.0
0.0
0.0
0.0
0.0
0.0
0.0
0.0
0.0
0.0
0.0
0.0
0.0
0.0
0.0
0.0
0.0
0.0
0.0
0.0
0.0
0.0
0.0
0.0
0.0
0.0
0.0
0.0
0.0
0.0
0.0
0.0
0.0
0.0
0.0
0.0
0.0
0.0
0.0
0.0
0.0
0.0
0.0
0.0
0.0
0.0
0.0
0.0
0.0
0.0
0.0
0.0
0.0
0.0
0.0
0.0
0.0
0.0
0.0
0.0
0.0
0.0
0.0
0.0
0.0
0.0
0.0
0.0
0.0
0.0
0.0
0.0
0.0
0.0
0.0
0.0
0.0
0.0
0.0
0.0
0.0
0.0
0.0
0.0
0.0
0.0
0.0
0.0
0.0
0.0
0.0
0.0
0.0
0.0
0.0
0.0
0.0
0.0
0.0
0.0
0.0
0.0
0.0
0.0
0.0
0.0
0.0
0.0
0.0
0.0
0.0
0.0
0.0
0.0
0.0
0.0
0.0
0.0
0.0
0.0
0.0
0.0
0.0
0.0
0.0
0.0
0.0
0.0
0.0
0.0
0.0
0.0
0.0
0.0
0.0
0.0
0.0
0.0
0.0
0.0
0.0
0.0
0.0
0.0
0.0
0.0
0.0
0.0
0.0
0.0
0.0
0.0
0.0
0.0
0.0
0.0
0.0
0.0
0.0
0.0
0.0
0.0
0.0
0.0
0.0
0.0
0.0
0.0
0.0
0.0
0.0
0.0
0.0
0.0
8.799194003320268e-07
1.0160899871399215e-06
1.158240005943467e-06
1.3060974126813484e-06
1.4593509722000495e-06
1.6176498059253355e-06
1.7806031114703071e-06
1.947780064352876e-06
2.118709911608993e-06
2.292882266631355e-06
2.469747614038832e-06
2.6487180327855137e-06
2.8291681450521e-06
3.0104362977241105e-06
3.1918259824534105e-06
3.372607499419213e-06
3.5520198689574713e-06
3.7292729942091118e-06
3.903550076855538e-06
4.074010286860855e-06
4.2397916859316175e-06
4.400014403135596e-06
4.553784059798386e-06
4.70019543942035e-06
4.838336396935382e-06
4.9672920001673725e-06
5.086148894839751e-06
5.193999882960008e-06
5.289948702843655e-06
5.373114997465341e-06
5.442639456236843e-06
5.497689113719515e-06
5.537462787189726e-06
5.5611966333993635e-06
5.5681698033159434e-06
5.5577101720996215e-06
5.529200120084023e-06
5.482082339085471e-06
5.415865636979226e-06
5.330130712162431e-06
5.224535868279989e-06
5.098822638433496e-06
4.952821287032665e-06
4.786456156494555e-06
4.599750825157721e-06
4.3928330420662514e-06
4.165939403702074e-06
3.919419737311984e-06
3.6537411551984587e-06
3.369491744228594e-06
3.067383854871899e-06
3.537647348024923e-06
4.027523281535147e-06
4.535991155824856e-06
5.061899445235824e-06
5.603964864983142e-06
6.1607722415986185e-06
6.730775016774123e-06
7.312296412853496e-06
7.903531286340792e-06
8.50254869369172e-06
9.107295191334072e-06
9.715598889323385e-06
1.0325174275282548e-05
1.0933627822305566e-05
1.1538464391325072e-05
1.2137094435064146e-05
1.2726842007113055e-05
1.3304953575911716e-05
1.386860763947264e-05
1.4414925132577119e-05
1.4940980613912951e-05
1.5443814216225615e-05
1.592044433802753e-05
1.6367881050782872e-05
1.6783140190758882e-05
1.716325809994906e-05
1.7505306975627202e-05
1.7806410783224116e-05
1.806376168234324e-05
1.8274636910873436e-05
1.8436416067344187e-05
1.8546598726923923e-05
1.860282232181259e-05
1.8602880212254167e-05
1.854473987002103e-05
1.84265610920258e-05
1.8246714157733162e-05
1.8003797840294133e-05
1.7696657177848254e-05
1.732440090825571e-05
1.688641846766581e-05
1.6382396450830267e-05
1.5812334428953135e-05
1.5176560019167922e-05
1.4475743098470266e-05
1.3710909054137658e-05
1.2883450962364675e-05
1.1995140587051848e-05
1.1048138091437035e-05
1.0045000356564961e-05
1.1570536560179064e-05
1.3156311647852e-05
1.4798763302687888e-05
1.649391949105364e-05
1.82373986905012e-05
2.00244120872359e-05
2.184976782302593e-05
2.370787736517539e-05
2.559276406626692e-05
2.74980739728261e-05
2.9417088933875285e-05
3.13427420515423e-05
3.326763550648426e-05
3.5184060780898564e-05
3.708402129134443e-05
3.8959257432514404e-05
4.080127402151055e-05
4.260137012012389e-05
4.435067120013012e-05
4.604016360374034e-05
4.766073123812774e-05
4.920319442944005e-05
5.065835084795807e-05
5.201701840212545e-05
5.327007998511728e-05
5.440852994349867e-05
5.542352212341258e-05
5.630641933570448e-05
5.7048844067502246e-05
5.764273025410497e-05
5.808037591167751e-05
5.835449641824862e-05
5.845827821799467e-05
5.838543271179185e-05
5.813025008565711e-05
5.768765281803283e-05
5.70532485969944e-05
5.62233823694516e-05
5.519518723636211e-05
5.3966633900951964e-05
5.2536578371026426e-05
5.090480761173462e-05
4.907208284169193e-05
4.7040180163241134e-05
4.481192821691495e-05
4.239124255090964e-05
3.9783156398655144e-05
3.699384756142459e-05
3.403066109841747e-05
3.090212753391205e-05
3.555077354102773e-05
4.0372611289899713e-05
4.5356051911781125e-05
5.0488308634707494e-05
5.575540513993491e-05
6.114218989800923e-05
6.663235667562963e-05
7.220847138319444e-05
7.78520054099096e-05
8.354337556864344e-05
8.926199074636533e-05
9.498630532808889e-05
0.00010069387943278412
0.00010636144596886006
0.00011196498448457092
0.00011747980175523863
0.00012288061901455404
0.00012814166570159364
0.0001332367795586506
0.00013813951287771907
0.0001428232446555795
0.00014726129837912513
0.0001514270651239816
0.00015529413161076655
0.00015883641282474537
0.00016202828876630317
0.00016484474486179145
0.0001672615155271174
0.00016925523034017558
0.0001708035622429609
0.00017188537716037656
0.00017248088439031334
0.00017257178708904132
0.00017214143214723366
0.00017117495872555973
0.00016965944469467435
0.00016758405020307323
0.0001649401575776335
0.00016172150674616953
0.0001579243253589888
0.00015354745277759295
0.0001485924570933882
0.00014306374433784163
0.0001369686590479628
0.00013031757535763674
0.00012312397779611065
0.00011540453099015999
0.00010717913748608077
9.847098293186455e-05
8.93065678887091e-05
0.00010261272139485753
0.00011638476207207568
0.00013058751521159866
0.00014518253275071233
0.00016012813825759672
0.0001753794888088563
0.0001908886541584441
0.00020660471353103156
0.00022247387030308705
0.00023843958476098615
0.0002544427250477334
0.00027042173632845233
0.0002863128281199467
0.000302050179641714
0.0003175661629549628
0.0003327915835628941
0.00034765593805002757
0.00036208768824108546
0.00037601455126129874
0.0003893638047803467
0.00040206260662198237
0.0004140383278211305
0.00042521889811040543
0.0004355331627190252
0.0004449112492695515
0.0004532849434622597
0.0004605880721437671
0.0004667568922663963
0.00047173048415812967
0.0004754511474405066
0.0004778647978539876
0.00047892136317765596
0.0004785751763632901
0.00047678536394327756
0.0004735162277181318
0.00046873761768304544
0.00046242529411442854
0.00045456127670730103
0.0004451341786331018
0.00043413952337549556
0.00042158004219942084
0.0004074659501163665
0.0003918151982270465
0.0003746537003514994
0.0003560155318965679
0.0003359430989618138
0.00031448727574748877
0.00029170750840226635
0.000267671883534188
0.0002424571597056845
0.00027823384112777774
0.000315182430835196
0.0003532032310600109
0.0003921881884991019
0.0004320210694039726
0.00047257767907670563
0.0005137261264515598
0.000555327134256585
0.0005972343950552356
0.0006392949732648109
0.0006813497530372989
0.0007232339316695085
0.0007647775579841141
0.0008058061148920806
0.000846141145110926
0.0008856009187731747
0.0009240011414163587
0.0009611557006008978
0.0009968774491562944
0.0010309790228105037
0.0010632736897131611
0.0010935762291218543
0.0011217038362830239
0.0011474770503066719
0.001170720701608079
0.0011912648752715816
0.0012089458864823818
0.0012236072639736954
0.001235100737249687
0.0012432872231707562
0.0012480378073283108
0.001249234715492311
0.0012467722702879534
0.0012405578281490589
0.001230512691506133
0.0012165729910980426
0.0011986905332484943
0.0011768336069233746
0.0011509877453832343
0.0011211564372676723
0.0010873617819958223
0.0010496450844404953
0.0010080673839327826
0.000962709912780388
0.0009136744796360418
0.000861083773233254
0.0008050815822145661
0.0007458329270133314
0.0006835241000127495
0.0006183626104960539
0.000708720984519091
0.0008018340102595661
0.0008974376225853838
0.0009952478456979074
0.0010949613653286428
0.0011962562095306458
0.0012987925388154382
0.0014022135459066877
0.0015061464648839945
0.001610203688975868
0.0017139839957320178
0.0018170738777636914
0.00191904897668848
0.0020194756173559907
0.0021179124388641603
0.002213912118306585
0.0023070231826202285
0.0023967919033343367
0.002482764268456451
0.002564488025174927
0.002641514786509618
0.002713402194509274
0.0027797161320756323
0.0028400329749960706
0.0028939418752892436
0.0029410470665170627
0.002980970181291964
0.0030133525708163716
0.003037857615931567
0.003054173018831761
0.0030620130643156155
0.0030611208392076
0.0030512703983848833
0.0030322688656972785
0.0030039584579677494
0.00296621842021365
0.0029189668602338766
0.0028621624707686486
0.0027958061275556614
0.002719942351783007
0.0026346606256737854
0.00254009655023351
0.002436432834546974
0.002323900106429488
0.0022027775347154234
0.0020733932540075353
0.0019361245833102504
0.0017913980306309787
0.001639689076351681
0.0014815217289495348
0.0016958882354204722
0.0019163001805532283
0.0021421036017100757
0.0023726002801262875
0.0026070493897954313
0.0028446693932925537
0.003084640184108322
0.0033261054739225685
0.0035681754220710958
0.00380992950325931
0.004050419608354706
0.004288673371853341
0.00452369771836743
0.004754482619228245
0.004980005049046094
0.005199233130823002
0.005411130456980159
0.005614660572446976
0.005808791604768475
0.005992501025028411
0.006164780522264242
0.006324640972972384
0.006471117486275056
0.006603274504349929
0.006720210936816437
0.006821065306935121
0.006905020886713855
0.006971310797334199
0.007019223050717346
0.007048105507548186
0.007057370726672999
0.007046500680486043
0.007015051310727853
0.0069626568990370525
0.006889034226632542
0.006793986497656477
0.006677407000985164
0.006539282485715073
0.006379696226059076
0.006198830752043128
0.005996970223178731
0.005774502423199939
0.005531920354997531
0.005269823416054097
0.004988918135982178
0.004690018459191091
0.004374045557252723
0.004042027157200281
0.0036950963737720113
0.003334490035499521
0.0038122007089123485
0.004302285261596911
0.004803228700216081
0.005313424370737535
0.005831178242406251
0.006354713713446725
0.006882176932845977
0.007411642630051166
0.007941120441860116
0.008468561723199201
0.00899186682588236
0.009508892826839433
0.010017461684701917
0.010515368801054227
0.011000391960109062
0.01147030061805975
0.01192286551091473
0.012355868547240054
0.01276711294994105
0.013154433609013898
0.013515707605109077
0.013848864861777926
0.014151898882442457
0.0144228775264392
0.014659953776962746
0.014861376452375903
0.015025500811180722
0.01515079899996112
0.01523587029283162
0.015279451070357917
0.015280424485573211
0.0152378297645961
0.015150871089479661
0.015018926011282406
0.014841553341967094
0.014618500474594155
0.0143497100824005
0.0140353261487284
0.013675699281410245
0.013271391267106449
0.012823178823250589
0.012332056507660356
0.011799238748534759
0.011226160960459808
0.010614479715191926
0.00996607193936094
0.009283033114836688
0.008567674461310917
0.00782251908466079
0.0070502970788583735
0.008050278090774897
0.009073847163098146
0.01011771995582378
0.011178435475021488
0.012252366228419954
0.013335729404013463
0.014424599050585782
0.01551491923393955
0.016602518137496122
0.017683123070802238
0.018752376344380955
0.019805851964307376
0.020839073094911873
0.021847530233127115
0.022826700033236638
0.023772064716166778
0.024679131993027
0.02554345542835753
0.026360655164528173
0.02712643892495581
0.027836623210312425
0.028487154598684856
0.02907413105776394
0.029593823174587055
0.030042695206173524
0.03041742585257794
0.03071492865248077
0.03093237190043342
0.03106719798431593
0.031117142041439443
0.031080249832067655
0.030954894729932236
0.030739793730601848
0.030434022380327178
0.030037028530238267
0.02954864482351336
0.028969099826372635
0.0282990277174735
0.027539476454491923
0.02669191434135941
0.02575823492478214
0.024740760154279475
0.02364224174603739
0.02246586069735683
0.021215224905370898
0.019894364850987122
0.018507727316659804
0.017060167114581682
0.015556936810187471
0.014003674434438618
0.015969914944721077
0.017977955946058187
0.020021132438908254
0.02209246319176185
0.02418467286541047
0.02629021599584626
0.028401302777281343
0.030509926577236054
0.032607893106179835
0.03468685115484806
0.03673832480315563
0.038753746995631055
0.04072449436953695
0.04264192321339462
0.044497406425502636
0.04628237133431851
0.04798833823526142
0.04960695949167624
0.05113005904138139
0.052549672144479274
0.05385808520295012
0.05504787547803594
0.05611195052758104
0.057043587182354
0.057836469877983604
0.05848472815750606
0.05898297315868676
0.05932633290025605
0.05951048618201535
0.059531694915436216
0.05938683470390976
0.05907342349520912
0.05858964813302152
0.05793438863956961
0.057107240067401165
0.05610853176534125
0.054939343911391915
0.053601521173999585
0.05209768337256488
0.05043123301834865
0.04860635962795954
0.046628040713413796
0.04450203936524319
0.042234898358313504
0.03983393072379663
0.03730720674512323
0.03466353735064324
0.03191245389107939
0.029064184305661277
0.02612962569693734
0.02976123287242613
0.03346152722130345
0.0372178445202064
0.041016996037693126
0.04484531303135275
0.048688694366290565
0.05253265711805287
0.05636239000664633
0.06016280949225594
0.06391861834756152
0.06761436650636597
0.07123451397357251
0.07476349556754112
0.0781857872525291
0.0814859738063898
0.08464881755704394
0.0876593279104821
0.09050283138333733
0.0931650418443777
0.09563213066174403
0.09789079644639113
0.09992833407709657
0.10173270268857788
0.10329259230179104
0.10459748877439232
0.10563773674966564
0.10640460028399361
0.1068903208361843
0.10708817230669489
0.10699251282101573
0.10659883295920475
0.10590380014278165
0.10490529890091421
0.10360246675000638
0.10199572543444932
0.10008680729133798
0.09787877651841642
0.0953760451422738
0.0925843835028871
0.08951092509090212
0.0861641655954768
0.08255395604308087
0.07869148993116683
0.07458928428513661
0.07026115459230871
0.06572218359267383
0.06098868393288433
0.05607815471715691
0.05100923201640356
0.04580163342481807
0.052102171964664386
0.058506996051538675
0.06499356972324678
0.07153855379640348
0.07811788874433588
0.0847068824039405
0.09128030222864562
0.09781247177879838
0.10427737111583339
0.11064874074253825
0.11690018870887078
0.12300530048107221
0.12893775115154452
0.13467141954807832
0.14018050378379074
0.14543963777354998
0.15042400822889962
0.15510947163164424
0.15947267067635149
0.16349114966424244
0.16714346832525515
0.17040931354163757
0.17326960844523784
0.17570661836181137
0.17770405307918105
0.17924716492198103
0.18032284212404323
0.18091969700021962
0.1810281484325971
0.1806404982016375
0.1797510007107241
0.17835592567290814
0.1764536133512637
0.1740445219691031
0.17113126693336392
0.16771865154358453
0.1638136888900581
0.15942561467776703
0.15456589074757507
0.14924819910263076
0.14348842628600644
0.13730463799504025
0.1307170438585144
0.12374795234462198
0.11642171581031652
0.10876466574613679
0.10080503831454385
0.09257289032424859
0.08410000582752206
0.07541979357207043
0.0856874724899582
0.09610067479117698
0.10662183668101814
0.11721226458670606
0.12783227841891448
0.1384413616796427
0.14899831789024795
0.15946143277632197
0.16978864161071563
0.17993770108269497
0.18986636503012277
0.19953256334276714
0.20889458331870925
0.21791125273229103
0.22654212385148864
0.2347476576249632
0.2424894072445914
0.24973020027809822
0.25643431855854815
0.2625676750131147
0.26809798661267714
0.27299494262659896
0.2772303673734263
0.2807783766683872
0.2836155271823571
0.2857209579444914
0.2870765232419255
0.28766691619481205
0.28747978231343796
0.2865058223761877
0.28473888400258246
0.2821760413344797
0.27881766228057375
0.27466746282453225
0.26973254794525287
0.264023438748631
0.2575540854638104
0.2503418660128011
0.24240756992056478
0.23377536739274896
0.2244727634502099
0.21453053707278438
0.20398266536943976
0.19286623285753207
0.18122132600014543
0.16909091321726963
0.1565207106533033
0.14355903405011586
0.13025663714097258
0.11666653704612637
0.13238397961189532
0.1482865184474781
0.164315496294881
0.18041080821107372
0.19651113175179388
0.21255416597767185
0.22847687839123418
0.244215758864949
0.2597070795754086
0.2748871599173423
0.2896926353336856
0.30406072896443886
0.31792952498804816
0.33123824250437495
0.34392750878851924
0.35593963072964335
0.3672188632589669
0.3777116735661224
0.3873669999033367
0.3961365037824873
0.4039748143809292
0.41083976398829225
0.4166926133480461
0.42149826577465493
0.42522546895942565
0.42784700341573256
0.42933985655700757
0.4296853814486565
0.42886943932772287
0.42688252504154256
0.4237198746185836
0.41938155425099855
0.4138725300388105
0.40720271791997614
0.3993870132883931
0.39044529988310056
0.38040243761605724
0.3692882290926065
0.35713736466787754
0.34398934597328057
0.32988838793990144
0.3148832994392153
0.2990273427561258
0.2823780722040802
0.26499715228684945
0.24695015590586997
0.22830634320536425
0.2091384217396419
0.18952228873715454
0.16953675632414902
0.19213661131243726
0.2149480428396636
0.2378852317116811
0.2608606921590023
0.2837856159942157
0.3065702269567812
0.32912414386077693
0.35135675110499887
0.37317757505391946
0.3944966647532789
0.41522497540527475
0.4352747529960093
0.45455991844222643
0.4729964496053904
0.4905027595094107
0.5070000690934492
0.5224127728338751
0.5366687955791543
0.5496999389587531
0.5614422157516795
0.57183617063226
0.58082718575007
0.5883657696474147
0.5944078280714552
0.5989149152986557
0.6018544646566624
0.6031999970026866
0.6029313059977806
0.6010346191027289
0.5975027333133833
0.5923351247507178
0.5855380313234316
0.5771245077880263
0.5671144526427019
0.5555346064064942
0.5424185209535898
0.5278064996939641
0.5117455085151241
0.4942890575251447
0.4754970537637839
0.4554356251759688
0.43417691626936544
0.41179885600506705
0.38838489859648656
0.36402373801638926
0.33880899713444285
0.31283889252769254
0.2862158761230885
0.25904625494403655
0.2314397903417565
0.26196388120763126
0.29269945675345627
0.3235288651631984
0.3543327765479237
0.38499066215127764
0.41538128381021533
0.44538319169226714
0.47487522827397766
0.5037370364763869
0.531849569833622
0.559095602539346
0.5853602371938944
0.6105314080620396
0.6345003776479388
0.6571622244000651
0.6784163193745384
0.6981667897107982
0.7163229668084249
0.7327998171386011
0.7475183536776079
0.7604060260131719
0.7713970872468843
0.7804329358972824
0.7874624310981923
0.7924421794852025
0.7953367922694328
0.7961191111115832
0.7947704015302444
0.7912805127061192
0.7856480026776427
0.7778802280629923
0.7679933975880884
0.7560125888492382
0.7419717278921037
0.7259135313448655
0.707889411002312
0.6879593409182703
0.6661916872258519
0.6426630010673762
0.6174577751782033
0.5906681648301507
0.5623936739998217
0.5327408077848191
0.5018226922450074
0.4697586629968397
0.436673824034774
0.40269857839497303
0.3679681324117528
0.33262197544591754
0.2968033370860889
0.33552841129592104
0.37442680541937934
0.41334737356949003
0.4521375819275682
0.4906441304817018
0.5287135831967108
0.5661930040062275
0.6029305959711553
0.6387763409131585
0.6735826368081348
0.7072049302120129
0.7395023409908793
0.7703382766384571
0.7995810334873271
0.8271043821551979
0.8527881346144269
0.8765186903316764
0.8981895589945783
0.9177018574239133
0.934964778362179
0.9498960289328191
0.9624222366778912
0.9724793212055959
0.9800128296120728
0.9849782339838669
0.9873411894378742
0.9870777513137424
0.9841745502990568
0.9786289244394943
0.9704490071637154
0.9596537706354618
0.9462730239322185
0.9303473657402392
0.9119280914488431
0.8910770547217544
0.8678664838192958
0.8423787531411999
0.8147061106553224
0.7849503620711836
0.7532225128087324
0.7196423690008045
0.6843380989515517
0.6474457566523026
0.6091087691292335
0.5694773895640948
0.5287081182881962
0.4869630939012661
0.444409456908866
0.40121868840502606
0.3575659264494566
0.40371397165800443
0.44995444203274015
0.49610536701759916
0.5419840203804237
0.5874076721264989
0.6321943448826602
0.6761635715723189
0.7191371511775688
0.7609398993742883
0.8014003908299221
0.8403516899709264
0.8776320670586275
0.9130856964573313
0.9465633340379077
0.9779229707325097
1.007030459342318
1.0337601117991007
1.0579952641930768
1.0796288070036038
1.0985636781047172
1.114713316264615
1.1280020730155658
1.13836558093837
1.145751076582246
1.1501176764265288
1.1514366044837514
1.1496913703439837
1.1448778966666948
1.1370045953381536
1.1260923917284462
1.1121746967018133
1.0952973262560368
1.0755183688903305
1.0529080010253484
1.0275482510228082
0.999532712574738
0.9689662084523408
0.9359644058214567
0.9006533845438699
0.863169160091221
0.8236571628991404
0.7822716761833967
0.7391752344259162
0.6945379849156526
0.6485370148972014
0.6013556470370363
0.5531827060637412
0.504211759572656
0.45464033610765353
0.4046691237414085
0.4563256212060626
0.507956766027682
0.5593572393639764
0.6103218972010445
0.6606466181286873
0.7101291497869718
0.7585699504007593
0.8057730218274368
0.8515467305677712
0.8957046132293952
0.9380661629875947
0.9784575936583574
1.0167125780836221
1.052672957628421
1.086189419703165
1.1171221403520184
1.1453413890886721
1.1707280933142459
1.1931743598170879
1.2125839510307046
1.228872713913109
1.2419689595074621
1.251813791449648
1.2583613819019739
1.2615791936130607
1.2614481470308916
1.2579627316281903
1.2511310608356268
1.240974870217917
1.2275294587695127
1.2108435734493803
1.190979237317087
1.1680115218742384
1.1420282644548785
1.113129731745032
1.0814282307439143
1.0470476687063388
1.010123063826955
0.9708000086404409
0.9292340883176252
0.8855902562337853
0.840042169372281
0.7927714863023012
0.7439671306339921
0.6938245230063244
0.6425447848019572
0.5903339169091926
0.537401956962124
0.4839621185871596
0.4302299162653297
0.4845432217216144
0.5386932706153823
0.5924629489684201
0.6456364137425347
0.6979999840009725
0.7493430239667116
0.7994588142431518
0.848145407508532
0.895206465059402
0.9404520706559988
0.9836995182173689
1.0247740700221533
1.0635096821950918
1.0997496943962912
1.1333474807814956
1.1641670594649018
1.1920836578919676
1.2169842317163262
1.238767934972528
1.2573465395431274
1.2726448021344992
1.2846007771991383
1.2931660744725475
1.298306060028823
1.3
1.2982411463486772
1.2930367643307152
1.284408101533595
1.2723902986252718
1.2570322421970472
1.2383963603310197
1.2165583617668145
1.1916069197827925
1.1636433021423827
1.1327809486859322
1.0991449983710244
1.062871767779242
1.0241081833132604
0.9830111695047749
0.9397469960390394
0.894490586277054
0.8474247902178865
0.7987396249940415
0.7486314861279371
0.6973023329006548
0.6449588512906443
0.5918115980332483
0.538074129428599
0.48396211858715654
0.42969246484711376
0.4833333766038199
0.5366769538074693
0.5895080276828663
0.6416137700128368
0.6927845663842606
0.7428148748104683
0.7915040661307312
0.8386572426715491
0.8840860317512542
0.9276093507231102
0.9690541403777035
1.0082560636665021
1.0450601668604564
1.079321500423595
1.11090569705757
1.1396895045606865
1.1655612713418277
1.188421382635944
1.2081826456815723
1.2247706223421477
1.238123907879902
1.248194354823723
1.25494724110834
1.2583613819019746
1.258429184780698
1.2551566481502228
1.2485633030578984
1.2386820987787313
1.2255592327979907
1.2092539260483322
1.1898381444907178
1.1673962683540977
1.1420247105686112
1.1138314861393568
1.0829357344122594
1.0494671963786932
1.013565649351272
0.9753803015179867
0.9350691490457984
0.8927982985559069
0.8487412579327175
0.8030781985535101
0.7559951921387932
0.7076834255204199
0.6583383967090257
0.6081590957100145
0.5573471735915283
0.5061061033456973
0.4546403361076567
0.4031544563038267
0.4529159811797795
0.5022742763467049
0.5510294950008583
0.5989849773861683
0.6459480482229093
0.6917307944744744
0.7361508202505274
0.7790319757552714
0.8202050573112867
0.8595084756254221
0.896788889608981
0.9319018032229981
0.9647121229864343
0.9950946739633788
1.0229346722308983
1.048128152023394
1.0705823459500505
1.0902160168891069
1.1069597403745433
1.1207561365071537
1.1315600506413244
1.1393386823206606
1.1440716621584468
1.1457510765822463
1.1443814405844877
1.1399796188418445
1.1325746957844656
1.1222077954109213
1.1089318518550648
1.0928113319158275
1.0739219109598852
1.0523501037985743
1.0281928523244017
1.0015570718675393
0.9725591583986662
0.9413244588601434
0.9079867070528591
0.8726874276398687
0.8355753109503409
0.796805561377029
0.7565392222581174
0.7149424802183976
0.6721859520161386
0.6284439569989774
0.5838937783168499
0.5387149160691027
0.49308833557998344
0.44719571399810665
0.40121868840502395
0.35533810859196263
0.39869895615865825
0.4415963977727092
0.48385648186272034
0.5253089251078081
0.5657877907186236
0.6051321443548243
0.643186685055086
0.6798023486783498
0.7148368814881757
0.7481553816541687
0.77963080659572
0.8091444442520181
0.8365863465286899
0.8618557233439438
0.8848612958756576
0.9055216077938398
0.9237652934502798
0.9395313021874532
0.9527690781217814
0.9634386949501509
0.9715109455238579
0.976967386128408
0.9798003356013993
0.9800128296120734
0.9776185306151974
0.9726415941771399
0.9651164925530282
0.9550877965698319
0.9426099170402519
0.9277468070959457
0.9105716269849526
0.8911663730268828
0.8696214725594995
0.8460353468416961
0.8205139439995429
0.7931702442141427
0.7641237394512395
0.7334998901238734
0.7014295611586755
0.66804844000552
0.6334964391867495
0.5979170860283118
0.5614569022482052
0.5242647760999848
0.48649132977889004
0.4482882847967312
0.40980782801803667
0.37120198102544183
0.33262197544591177
0.2942176368225226
0.3297077434890886
0.3647259821160405
0.3991304627145448
0.43278303058218076
0.4655498033082305
0.49730168529341023
0.5279148578093953
0.5572712427442263
0.5852589383087318
0.6117726251131023
0.6367139411637879
0.6599918244758692
0.6815228221460282
0.7012313648845173
0.7190500061610632
0.7349196252780794
0.7487895938448245
0.7606179052869839
0.7703712671874466
0.7780251564142081
0.7835638371508492
0.786980342102007
0.7882764173010373
0.7874624310981916
0.7845572480551526
0.7795880686145487
0.772590235550844
0.7636070083411103
0.7526893067200714
0.7398954248031081
0.7252907172729647
0.7089472592305754
0.6909434814069522
0.6713637825215714
0.6502981206523729
0.6278415855536204
0.6040939539194516
0.579159229644023
0.553145171171951
0.5261628080670018
0.49832594895074894
0.4697506829781906
0.44055487702201557
0.4108576707333758
0.38077897163325697
0.3504389523660631
0.3199575522151264
0.28945398493971203
0.2590462549440385
0.228850683732017
0.2561355089507306
0.28298569190117306
0.3092927803963422
0.3349517589469151
0.35986144409111975
0.3839248593260691
0.40704958828319976
0.42914810489784155
0.45013807943560546
0.46994265935353935
0.48849072409343597
0.5057171130258588
0.5215628258871359
0.535975195176451
0.5489080301061442
0.5603217318244236
0.5701833797557254
0.5784667890291145
0.5851525390890787
0.5902279737050513
0.5936871727157428
0.5955308959611979
0.5957664999690927
0.594407828071455
0.5914750747336253
0.5869946249781485
0.580998869882204
0.5735259992177323
0.5646197723882244
0.554329268894998
0.5427086196382871
0.5298167204245517
0.5157169291106899
0.5004767478681428
0.4841674920954116
0.4668639475454373
0.4486440172654185
0.4295883599701313
0.4097800214862924
0.3893040609143847
0.3682471731563425
0.3466973094520229
0.32474329755516046
0.3024744631600523
0.27998025416440764
0.257349869321129
0.2346718927931624
0.21203393608036578
0.18952228873715873
0.16722157924310596
0.18692484473748228
0.2062618210412955
0.2251548387325801
0.2435291184456248
0.2613130411067114
0.27843840128600394
0.2948406428207301
0.31045907595216515
0.32523707530813045
0.33912225815384545
0.3520666424261913
0.3640267841597022
0.37496389400608354
0.3848439326427203
0.3936376849587704
0.40132081299999817
0.4078738877444945
0.4132823998713089
0.4175367497715353
0.4206322171369489
0.4225689105439054
0.42335169753012886
0.4229901157384681
0.42149826577465493
0.418894686495242
0.4152022135069108
0.4104478217190841
0.40466245284796337
0.3978808288216738
0.3901412520827913
0.38148539382628976
0.3719580712474144
0.36160701490549313
0.3504826273356864
0.3386377340617069
0.32612732817789397
0.31300830967948484
0.2993392207246964
0.28517997801228145
0.27059160345264305
0.25563595430041536
0.24037545390102844
0.22487282418385487
0.20919082100975905
0.19339197345192777
0.17753832805544134
0.16169119908384438
0.14591092571960584
0.1302566371409754
0.11478602634938571
0.1281506642623234
0.14123092797327122
0.15397470530664056
0.16633212097212224
0.17825570775383345
0.18970056486309508
0.20062450298633602
0.21098817562439456
0.22075519638454444
0.22989224195234056
0.2383691405361405
0.24615894564290158
0.25323799510902695
0.25958595537460166
0.2651858510528581
0.2700240799091018
0.2740904134239742
0.2773779831751392
0.27988325332842695
0.2816059795844634
0.28254915497919814
0.2827189429867282
0.2821245984199005
0.2807783766683869
0.27869543185507145
0.2758937045295009
0.2723937995517775
0.2682188548514449
0.26339440177365814
0.2579482177490261
0.2519101720441029
0.24531206536636316
0.23818746411081382
0.2305715300449187
0.22250084623462102
0.21401324001651414
0.20514760382020641
0.1959437146401571
0.18644205294842334
0.17668362182827768
0.16670976709427615
0.15656199914668353
0.14628181728771442
0.1359105372036179
0.12548912229073572
0.1150580194751059
0.1046570001444522
0.09432500677834912
0.08410000582752286
0.07401884735647225
0.08253369517093447
0.09084423510263903
0.09891771448120058
0.10672298138701498
0.11423058486997935
0.12141286616527217
0.12824404068205297
0.1347002705849105
0.140759727831579
0.1464026475740475
0.1516113718734414
0.15637038372159212
0.16066633140420575
0.16448804328136826
0.16782653310111728
0.17067499600037167
0.17302879538478708
0.17488544091481947
0.17624455785935905
0.17710784811058483
0.17747904318410235
0.17736384955686543
0.1767698867217429
0.17570661836181153
0.17418527706944648
0.17221878305503432
0.1698216573075357
0.1670099296842202
0.16380104241958143
0.16021374955380174
0.15626801278904465
0.15198489428748813
0.14738644692819264
0.14249560254086183
0.13733605863315937
0.13193216412469677
0.12630880459501098
0.1204912875450424
0.11450522816170404
0.1083764360633581
0.1021308034902899
0.09579419538889343
0.08939234182115655
0.08295073311246337
0.07649451813058095
0.07004840606744694
0.0636365720726701
0.0572825670641373
0.05100923201640343
0.04483861700226612
0.04993422484386789
0.054893576482706846
0.05969739219790493
0.06432745469811593
0.06876666312050918
0.07299908118787857
0.07700997943859234
0.08078587147144782
0.08431454417458777
0.08758508193425228
0.09058788484526814
0.09331468097064025
0.09575853272239598
0.09791383745968568
0.09977632242321434
0.10134303414702295
0.10261232250961771
0.10358381960617402
0.10425841364216139
0.10463821806601663
0.10472653617448775
0.10452782143890862
0.10404763381389771
0.10329259230179101
0.10227032405647801
0.10098941031922828
0.09945932948651684
0.09769039761583602
0.09569370667996195
0.09348106088320764
0.09106491135477192
0.08845828953451867
0.08567473956529072
0.08272825000335937
0.07963318515471668
0.07640421633985153
0.07305625338327555
0.0696043766166149
0.06606376967546929
0.062449653360639734
0.0587772208236936
0.055061574325364925
0.05131766380291587
0.04756022746952243
0.043803734654902546
0.04006233108208132
0.036349786760177326
0.03267944665778154
0.029064184305661194
0.02551635846153905
0.028380623360484938
0.03116034639859233
0.03384490048592214
0.03642431398641764
0.038889297329129366
0.041231266105453995
0.04344236063408831
0.045515461991142585
0.047444204518279805
0.049222984836729065
0.05084696740956246
0.052312086708624556
0.05361504605596921
0.054753313222445435
0.055725112878279005
0.056529416001929775
0.057165926364269384
0.057635064215064334
0.057937947307956816
0.05807636940848844
0.0580527764372539
0.057870240406965714
0.05753243131804749
0.057043587182354
0.05640848234872543
0.055632394307345207
0.05472106915226343
0.053680685883009525
0.052517819726931744
0.05123940466381906
0.0498526953334573
0.048365228505127235
0.04678478428562246
0.045119347239259956
0.0433770675895139
0.04156622266746366
0.039695178767129954
0.03777235356212301
0.03580617923181099
0.0338050664384934
0.03177736928991547
0.029731351413838883
0.02767515326346291
0.025616760764163957
0.02356397540347827
0.021524385857424725
0.019505341237278793
0.017513926031738507
0.01555693681018776
0.013640860743432397
0.015153122802192174
0.01661650266051542
0.018025516504696255
0.01937505702211706
0.02066040527362619
0.021877240603825267
0.023021648596293305
0.024090127089158416
0.025079590274474973
0.02598737091265723
0.026811220700625957
0.02754930883942335
0.028200218853729357
0.028762943722009528
0.029236879381894617
0.029621816680832764
0.0299179318470412
0.030125775560315936
0.03024626070632112
0.03028064890157009
0.030230535879422087
0.03009783583005034
0.029884764789494325
0.029593823174587048
0.02922777756175623
0.028789641808441357
0.028282657616159994
0.0277102746340954
0.0270761302014938
0.02638402882614586
0.025637921494821175
0.02484188490972028
0.024000100742849716
0.02311683499770127
0.02219641756478104
0.021243222054374195
0.020261645986502916
0.01925609141432609
0.0182309460533012
0.01719056498426677
0.016139252994270693
0.015081247614444503
0.014020702909592456
0.012961674069374337
0.011908102846120065
0.010863803879364014
0.009832451942235131
0.008817570139822878
0.00782251908466088
0.0068504870694913655
0.007600443769198803
0.008324028544548544
0.009018593022151711
0.009681690440374065
0.010311080357084218
0.010904732339494802
0.011460828648327984
0.011977765932627367
0.012454155955414261
0.012888825374092621
0.013280814602978601
0.013629375788610799
0.0139339699315274
0.01419426319101293
0.014410122411874707
0.014581609914639544
0.014708977592630434
0.014792660361206458
0.014833269006021223
0.014831582478473108
0.014788539687589274
0.014705230838403667
0.014582888367464545
0.0144228775264392
0.014226686664881074
0.013995917263091727
0.013732273765656201
0.013437553265659387
0.013113635088817776
0.012762470325786014
0.012386071359742755
0.011986501435020499
0.011565864311049811
0.01112629404422857
0.010669944938536078
0.010198981703782495
0.009715569858344883
0.009221866411089083
0.008720010854940867
0.008212116502246455
0.007700262189681045
0.007186484378016326
0.006672769669585738
0.00616104776376478
0.0056531848682652595
0.005150977581498972
0.004656147258749778
0.00417033487237367
0.0036950963737720317
0.0032318985624363314
0.003581231144019056
0.00391727530829662
0.004238834450346084
0.00454481270751171
0.0048342165562547945
0.005106155918085894
0.00535984478453637
0.005594601372952627
0.005809847826612523
0.006005109474273253
0.006180013665745113
0.0063342882014633265
0.006467759375275648
0.006580349650794726
0.0066720749926625095
0.00674304187495383
0.00679344398969589
0.006823558679105517
0.006833743115648752
0.006824430254404243
0.006796124582470835
0.006749397690297503
0.006684883689838765
0.006603274504349938
0.00650531505444018
0.00639179836470132
0.006263560614829856
0.006121476158666355
0.005966452533990753
0.0057994254852461674
0.0056213540206150915
0.005433215524054697
0.005236000942009983
0.0050307100635789805
0.004818346911900173
0.004599915263486063
0.004376414311131493
0.004148834484901391
0.003918153444541495
0.003685332255479179
0.0034513117593792746
0.003217009149013313
0.0029833147559832377
0.002751089058627368
0.0025211599162245075
0.0022943200344155003
0.0020713246655767056
0.001852889546719583
0.0016396890763516801
0.001432354730629238
0.0015851937447141258
0.0017317740364956294
0.0018715900012983406
0.002004183043878295
0.0021291419961115988
0.0022461033145253968
0.0023547510639557487
0.0024548166943615247
0.0025460786185180456
0.002628361598947283
0.0027015359530190458
0.0027655165856752136
0.0028202618596883705
0.002865772313765212
0.0029020892391452492
0.0029292931256265633
0.0029475019881733747
0.002956869585425522
0.002957583541539101
0.00294986338284183
0.0029339585007877194
0.0029101460526443374
0.0028787288112457816
0.0028400329749960697
0.002794405949113875
0.0027422141088730262
0.00268384055531558
0.002619682873599379
0.0025501509037909624
0.002475664533532235
0.0023966515215957194
0.002313545360904419
0.0022267831891278045
0.0021368037544817467
0.0020440454438563054
0.0019489443798782298
0.001851932592983595
0.00175343627403696
0.0016538741124851627
0.001553655724484727
0.0014531801748875694
0.0013528345964202789
0.0012529929088427453
0.001154014640332175
0.001056243852803301
0.0009600081723538387
0.0008656179255127816
0.0007733653814735223
0.0006835241000127453
0.0005963483843343883
0.0006591571116405678
0.0007192087264925679
0.0007763035502126636
0.0008302624015678838
0.0008809266447276091
0.0009281581454139424
0.000971839138638462
0.0010118720116958984
0.001048179006338561
0.0010807018442797718
0.001109401280374563
0.0011342565879972567
0.0011552649812824024
0.001172440979014822
0.001185815715048588
0.0011954362002033708
0.001201364540630375
0.0012036771176598075
0.001202463734137948
0.0011978267322357876
0.0011898800876632852
0.001178748485154626
0.0011645663800017398
0.0011474770503066714
0.001127631644499102
0.0011051882285252055
0.0010803108369584048
0.0010531685321138009
0.0010239344750660674
0.0009927850122781578
0.0009598987813449434
0.0009254558391448474
0.0008896368154732777
0.0008526220950070606
0.0008145910302187831
0.0007757211876268196
0.0007361876295304559
0.0006961622331426697
0.0006558130487951338
0.000615303698654224
0.0005747928171515877
0.000534433534102031
0.0004943730012532176
0.0004547519627896714
0.00041570437009610673
0.00037735704087456473
0.0003398293625070391
0.0003032330393591432
0.0002676718835341922
0.0002332416484084658
0.0002574851156813197
0.0002805919887110049
0.00030248860781604165
0.000323109668738906
0.0003423981902686446
0.0003603054462746622
0.00037679086377878765
0.00039182188878587594
0.0004053738216748949
0.00041742962402307993
0.0004279796987950175
0.00043702164587696996
0.00044455999497423665
0.000450605917916491
0.0004551769224324088
0.0004582965294617927
0.00045999393607012903
0.0004603036660183212
0.0004592652100189102
0.0004569226576804701
0.0004533243231040824
0.0004485223660503955
0.0004425724105435264
0.0004355331627190252
0.0004274660296582534
0.0004184347408809541
0.0004085049740924643
0.00039774398670198064
0.00038622025454462854
0.00037400311915276364
0.00036116244483207243
0.0003477682867054741
0.0003338905707939386
0.00031959878710757615
0.0003049616966243771
0.00029004705293704536
0.00027492133925218897
0.0002596495213298989
0.00024429481685700455
0.0002289184816535594
0.0002135796130204293
0.00019833497044601415
0.0001832388138030239
0.00016834275908162423
0.0001536956516239504
0.0001393434567467144
0.00012532916756417218
0.00011169272975275172
9.847098293186525e-05
8.569761827240192e-05
9.448696752999634e-05
0.00010283765880169926
0.00011072433198039843
0.00011812481235626079
0.00012502007930266097
0.00013139422214492332
0.00013723438391738337
0.00014253069374168617
0.0001472761885821231
0.00015146672515237904
0.0001551008827622918
0.00015817985790330703
0.0001607073513772968
0.00016268944877551205
0.00016413449511268053
0.0001650529644159113
0.00016545732505925017
0.00016536190162262976
0.00016478273403870648
0.00016373743477299246
0.00016224504476184345
0.00016032588880951832
0.00015800143111990538
0.00015529413161076603
0.0001522273036287847
0.00014882497365239627
0.00014511174353670713
0.00014111265582081862
0.00013685306258291277
0.00013235849829259264
0.0001276545570735752
0.0001227667747528736
0.00011772051603554968
0.0001125408671068409
0.0001072525339264491
0.00010187974644289586
9.64461689195618e-05
9.097481652816312e-05
8.548797833046185e-05
8.000714673473563e-05
7.455295348044992e-05
6.914511217239797e-05
6.380236735478308e-05
5.854245008609335e-05
5.3382039947504484e-05
4.833673339076924e-05
4.3421018306436665e-05
3.864825466959476e-05
3.403066109841751e-05
2.957930714042281e-05
3.257228962007583e-05
3.540671943566987e-05
3.807445621171723e-05
4.056849569536771e-05
4.288295204917431e-05
4.501303585939877e-05
4.6955028139205315e-05
4.870625061288869e-05
5.026503257236453e-05
5.163067460077187e-05
5.280340946007326e-05
5.378436044013631e-05
5.4575497465979046e-05
5.517959125770994e-05
5.56001658342709e-05
5.5841449647451566e-05
5.590832562688271e-05
5.5806280409891806e-05
5.554135302227919e-05
5.512008326736687e-05
5.454946007111905e-05
5.383687002084087e-05
5.299004632399444e-05
5.201701840212554e-05
5.0926062322820034e-05
4.972565226012697e-05
4.842441316101926e-05
4.703107478234585e-05
4.5554427249375186e-05
4.400327827357452e-05
4.2386412153706696e-05
4.071255067080906e-05
3.899031597411562e-05
3.722819554165739e-05
3.543450928607537e-05
3.3617378863266375e-05
3.178469922881288e-05
2.9944112474845826e-05
2.810298396802961e-05
2.6268380797854505e-05
2.4447052533329668e-05
2.264541427560727e-05
2.0869531983968497e-05
1.912511004310573e-05
1.7417481030630567e-05
1.5751597635380124e-05
1.413202666926562e-05
1.256294510825102e-05
1.1048138091436987e-05
9.590998801296378e-06
1.0548270525522607e-05
1.145185375269015e-05
1.2299315576577542e-05
1.308860229003165e-05
1.3818031349714939e-05
1.4486282013451982e-05
1.5092384751819437e-05
1.563570953682866e-05
1.6115953111225307e-05
1.653312534208833e-05
1.688753476208643e-05
1.7179773400936636e-05
1.741070100837731e-05
1.7581428768292874e-05
1.7693302601578724e-05
1.774788615290217e-05
1.774694355376121e-05
1.7692422051166377e-05
1.7586434587915975e-05
1.743124241682827e-05
1.7229237827458055e-05
1.6982927059794855e-05
1.669491347523546e-05
1.6367881050782865e-05
1.6004578257960756e-05
1.5607802383386396e-05
1.5180384343329292e-05
1.4725174039934805e-05
1.4245026302118996e-05
1.3742787449488011e-05
1.3221282512997123e-05
1.2683303141490358e-05
1.2131596218742637e-05
1.1568853211209707e-05
1.0997700262362604e-05
1.0420689045291766e-05
9.84028838119411e-06
9.258876627445132e-06
8.678734835195657e-06
8.102040672851237e-06
7.530863108380304e-06
6.967157840184038e-06
6.412763463229771e-06
5.8693983543317445e-06
5.3386582578381636e-06
4.822014550576916e-06
4.320813162701844e-06
3.8362741291000385e-06
3.369491744228544e-06
2.9214352916865836e-06
3.2090081929919948e-06
3.479545273430945e-06
3.7323707316482884e-06
3.966927229075403e-06
4.182772728571486e-06
4.379576952708157e-06
4.5571174958074236e-06
4.715275623888443e-06
4.854031796549486e-06
4.973460944539483e-06
5.073727536346037e-06
5.1550804665653344e-06
5.217847798127876e-06
5.262431389644274e-06
5.289301438214685e-06
5.298990967023253e-06
5.292090285927372e-06
5.269241452057414e-06
5.231132756176644e-06
5.178493259221432e-06
5.112087402060595e-06
5.03270971008561e-06
4.941179612781013e-06
4.838336396935382e-06
4.725034310646232e-06
4.602137833753226e-06
4.470517128814482e-06
4.331043685223083e-06
4.184586167558739e-06
4.0320064777814686e-06
3.87415603941435e-06
3.711872310429651e-06
3.5459755301596903e-06
3.3772657041971613e-06
3.20651982994256e-06
3.034489364194612e-06
2.8618979329757436e-06
2.6894392826327578e-06
2.517775470163162e-06
2.3475352896874985e-06
2.1793129310247122e-06
2.013666865424824e-06
1.8511189526828116e-06
1.6921537630869144e-06
1.537218106961786e-06
1.3867207639308336e-06
1.2410324034629537e-06
0.0
0.0
0.0
0.0
0.0
0.0
0.0
0.0
0.0
0.0
0.0
0.0
0.0
0.0
0.0
0.0
0.0
0.0
0.0
0.0
0.0
0.0
0.0
0.0
0.0
0.0
0.0
0.0
0.0
0.0
0.0
0.0
0.0
0.0
0.0
0.0
0.0
0.0
0.0
0.0
0.0
0.0
0.0
0.0
0.0
0.0
0.0
0.0
0.0
0.0
0.0
0.0
0.0
0.0
0.0
0.0
0.0
0.0
0.0
0.0
0.0
0.0
0.0
0.0
0.0
0.0
0.0
0.0
0.0
0.0
0.0
0.0
0.0
0.0
0.0
0.0
0.0
0.0
0.0
0.0
0.0
0.0
0.0
0.0
0.0
0.0
0.0
0.0
0.0
0.0
0.0
0.0
0.0
0.0
0.0
0.0
0.0
0.0
0.0
0.0
0.0
0.0
0.0
0.0
0.0
0.0
0.0
0.0
0.0
0.0
0.0
0.0
0.0
0.0
0.0
0.0
0.0
0.0
0.0
0.0
0.0
0.0
0.0
0.0
0.0
0.0
0.0
0.0
0.0
0.0
0.0
0.0
0.0
0.0
0.0
0.0
0.0
0.0
0.0
0.0
0.0
0.0
0.0
0.0
0.0
0.0
0.0
0.0
0.0
0.0
0.0
0.0
0.0
0.0
0.0
0.0
0.0
0.0
0.0
0.0
0.0
0.0
0.0
0.0
0.0
0.0
0.0
0.0
0.0
0.0
0.0
0.0
0.0
0.0
0.0
0.0
0.0
0.0
0.0
0.0
0.0
0.0
0.0
0.0
0.0
0.0
0.0
0.0
0.0
0.0
0.0
0.0
0.0
0.0
0.0
0.0
0.0
0.0
0.0
0.0
0.0
0.0
0.0
0.0
0.0
0.0
0.0
0.0
0.0
0.0
0.0
0.0
0.0
0.0
0.0
0.0
0.0
0.0
0.0
0.0
0.0
0.0
0.0
0.0
0.0
0.0
0.0
0.0
0.0
0.0
0.0
0.0
0.0
0.0
0.0
0.0
0.0
0.0
0.0
0.0
0.0
0.0
0.0
0.0
0.0
0.0
0.0
0.0
0.0
0.0
0.0
0.0
0.0
0.0
0.0
0.0
0.0
0.0
0.0
0.0
0.0
0.0
0.0
0.0
0.0
0.0
0.0
0.0
0.0
0.0
0.0
0.0
0.0
0.0
0.0
0.0
0.0
0.0
0.0
0.0
0.0
0.0
0.0
0.0
0.0
0.0
0.0
0.0
0.0
0.0
0.0
0.0
0.0
0.0
0.0
0.0
0.0
0.0
0.0
0.0
0.0
0.0
0.0
0.0
0.0
0.0
0.0
0.0
0.0
0.0
0.0
0.0
0.0
0.0
0.0
0.0
0.0
0.0
0.0
0.0
0.0
0.0
0.0
0.0
0.0
0.0
0.0
0.0
0.0
0.0
0.0
0.0
0.0
0.0
0.0
0.0
0.0
0.0
0.0
0.0
0.0
0.0
0.0
0.0
0.0
0.0
0.0
0.0
0.0
0.0
0.0
0.0
0.0
0.0
0.0
0.0
0.0
0.0
0.0
0.0
0.0
0.0
0.0
0.0
0.0
0.0
0.0
0.0
0.0
0.0
0.0
0.0
0.0
0.0
0.0
0.0
0.0
0.0
0.0
0.0
0.0
0.0
0.0
0.0
0.0
0.0
0.0
0.0
0.0
0.0
0.0
0.0
0.0
0.0
0.0
0.0
0.0
0.0
0.0
0.0
0.0
0.0
0.0
0.0
0.0
0.0
0.0
0.0
0.0
0.0
0.0
0.0
0.0
0.0
0.0
0.0
0.0
0.0
0.0
0.0
0.0
0.0
0.0
0.0
0.0
0.0
0.0
0.0
0.0
0.0
0.0
0.0
0.0
0.0
0.0
0.0
0.0
0.0
0.0
0.0
0.0
0.0
0.0
0.0
0.0
0.0
0.0
0.0
0.0
0.0
0.0
0.0
0.0
0.0
0.0
0.0
0.0
0.0
0.0
0.0
0.0
0.0
0.0
0.0
0.0
0.0
0.0
0.0
0.0
0.0
0.0
0.0
0.0
0.0
0.0
0.0
0.0
0.0
0.0
0.0
0.0
0.0
0.0
0.0
0.0
0.0
0.0
0.0
0.0
0.0
0.0
0.0
0.0
0.0
0.0
0.0
0.0
0.0
0.0
0.0
0.0
0.0
0.0
0.0
0.0
0.0
0.0
0.0
0.0
0.0
0.0
0.0
0.0
0.0
0.0
0.0
0.0
0.0
0.0
0.0
0.0
0.0
0.0
0.0
0.0
0.0
0.0
0.0
0.0
0.0
0.0
0.0
0.0
0.0
0.0
0.0
0.0
0.0
0.0
0.0
0.0
0.0
0.0
0.0
0.0
0.0
0.0
0.0
0.0
0.0
0.0
0.0
0.0
0.0
0.0
0.0
0.0
0.0
0.0
0.0
0.0
0.0
0.0
0.0
0.0
0.0
0.0
0.0
0.0
0.0
0.0
0.0
0.0
0.0
0.0
0.0
0.0
0.0
0.0
0.0
0.0
0.0
0.0
0.0
0.0
0.0
0.0
0.0
0.0
0.0
0.0
0.0
0.0
0.0
0.0
0.0
0.0
0.0
0.0
0.0
0.0
0.0
0.0
0.0
0.0
0.0
0.0
0.0
0.0
0.0
0.0
0.0
0.0
0.0
0.0
0.0
0.0
0.0
0.0
0.0
0.0
0.0
0.0
0.0
0.0
0.0
0.0
0.0
0.0
0.0
0.0
0.0
0.0
0.0
0.0
0.0
0.0
0.0
0.0
0.0
0.0
0.0
0.0
0.0
0.0
0.0
0.0
0.0
0.0
0.0
0.0
0.0
0.0
0.0
0.0
0.0
0.0
0.0
0.0
0.0
0.0
0.0
0.0
0.0
0.0
0.0
0.0
0.0
0.0
0.0
0.0
0.0
0.0
0.0
0.0
0.0
0.0
0.0
0.0
0.0
0.0
0.0
0.0
0.0
0.0
0.0
0.0
0.0
0.0
0.0
0.0
0.0
0.0
0.0
0.0
0.0
0.0
0.0
0.0
0.0
0.0
0.0
0.0
0.0
0.0
0.0
0.0
0.0
0.0
0.0
0.0
0.0
0.0
0.0
0.0
0.0
0.0
0.0
0.0
0.0
0.0
0.0
0.0
0.0
0.0
0.0
0.0
0.0
0.0
0.0
0.0
0.0
0.0
0.0
0.0
0.0
0.0
0.0
0.0
0.0
0.0
0.0
0.0
0.0
0.0
0.0
0.0
0.0
0.0
0.0
0.0
0.0
0.0
0.0
0.0
0.0
0.0
0.0
0.0
0.0
0.0
0.0
0.0
0.0
0.0
0.0
0.0
0.0
0.0
0.0
0.0
0.0
0.0
0.0
0.0
0.0
0.0
0.0
0.0
0.0
0.0
0.0
0.0
0.0
0.0
0.0
0.0
0.0
0.0
0.0
0.0
0.0
0.0
0.0
0.0
0.0
0.0
0.0
0.0
0.0
0.0
0.0
0.0
0.0
0.0
0.0
0.0
0.0
0.0
0.0
0.0
0.0
0.0
0.0
0.0
0.0
0.0
0.0
0.0
0.0
0.0
0.0
0.0
0.0
0.0
0.0
0.0
0.0
0.0
0.0
0.0
0.0
0.0
0.0
0.0
0.0
0.0
0.0
0.0
0.0
0.0
0.0
0.0
0.0
0.0
0.0
0.0
0.0
0.0
0.0
0.0
0.0
0.0
0.0
0.0
0.0
0.0
0.0
0.0
0.0
0.0
0.0
0.0
0.0
0.0
0.0
0.0
0.0
0.0
0.0
0.0
0.0
0.0
0.0
0.0
0.0
0.0
0.0
0.0
0.0
0.0
0.0
0.0
0.0
0.0
0.0
0.0
0.0
0.0
0.0
0.0
0.0
0.0
0.0
0.0
0.0
0.0
0.0
0.0
0.0
0.0
0.0
0.0
0.0
0.0
0.0
0.0
0.0
0.0
0.0
0.0
0.0
0.0
0.0
0.0
0.0
0.0
0.0
0.0
0.0
0.0
0.0
0.0
0.0
0.0
0.0
0.0
0.0
0.0
0.0
0.0
0.0
0.0
0.0
0.0
0.0
0.0
0.0
0.0
0.0
0.0
0.0
0.0
0.0
0.0
0.0
0.0
0.0
0.0
0.0
0.0
0.0
0.0
0.0
0.0
0.0
0.0
0.0
0.0
0.0
0.0
0.0
0.0
0.0
0.0
0.0
0.0
0.0
0.0
0.0
0.0
0.0
0.0
0.0
0.0
0.0
0.0
0.0
0.0
0.0
0.0
0.0
0.0
0.0
0.0
0.0
0.0
0.0
0.0
0.0
0.0
0.0
0.0
0.0
0.0
0.0
0.0
0.0
0.0
0.0
0.0
0.0
0.0
0.0
0.0
0.0
0.0
0.0
0.0
0.0
0.0
0.0
0.0
0.0
0.0
0.0
0.0
0.0
0.0
0.0
0.0
0.0
0.0
0.0
0.0
0.0
0.0
0.0
0.0
0.0
0.0
0.0
0.0
0.0
0.0
0.0
0.0
0.0
0.0
0.0
0.0
0.0
0.0
0.0
0.0
0.0
0.0
0.0
0.0
0.0
0.0
0.0
0.0
0.0
0.0
0.0
0.0
0.0
0.0
0.0
0.0
0.0
0.0
0.0
0.0
0.0
0.0
0.0
0.0
0.0
0.0
0.0
0.0
0.0
0.0
0.0
0.0
0.0
0.0
0.0
0.0
0.0
0.0
0.0
0.0
0.0
0.0
0.0
0.0
0.0
0.0
0.0
0.0
0.0
0.0
0.0
0.0
0.0
0.0
0.0
0.0
0.0
0.0
0.0
0.0
0.0
0.0
0.0
0.0
0.0
0.0
0.0
0.0
0.0
0.0
0.0
0.0
0.0
0.0
0.0
0.0
0.0
0.0
0.0
0.0
0.0
0.0
0.0
0.0
0.0
0.0
0.0
0.0
0.0
0.0
0.0
0.0
0.0
0.0
0.0
0.0
0.0
0.0
0.0
0.0
0.0
0.0
0.0
0.0
0.0
0.0
0.0
0.0
0.0
0.0
0.0
0.0
0.0
0.0
0.0
0.0
0.0
0.0
0.0
0.0
0.0
0.0
0.0
0.0
0.0
0.0
0.0
0.0
0.0
0.0
0.0
0.0
0.0
0.0
0.0
0.0
0.0
0.0
0.0
0.0
0.0
0.0
0.0
0.0
0.0
0.0
0.0
0.0
0.0
0.0
0.0
0.0
0.0
0.0
0.0
0.0
0.0
0.0
0.0
0.0
0.0
0.0
0.0
0.0
0.0
0.0
0.0
0.0
0.0
0.0
0.0
0.0
0.0
0.0
0.0
0.0
0.0
0.0
0.0
0.0
0.0
0.0
0.0
0.0
0.0
0.0
0.0
0.0
0.0
0.0
0.0
0.0
0.0
0.0
0.0
0.0
0.0
0.0
0.0
0.0
0.0
0.0
0.0
0.0
0.0
0.0
0.0
0.0
0.0
0.0
0.0
0.0
0.0
0.0
0.0
0.0
0.0
0.0
0.0
0.0
0.0
0.0
0.0
0.0
0.0
0.0
0.0
0.0
0.0
0.0
0.0
0.0
0.0
0.0
0.0
0.0
0.0
0.0
0.0
0.0
0.0
0.0
0.0
0.0
0.0
0.0
0.0
0.0
0.0
0.0
0.0
0.0
0.0
0.0
0.0
0.0
0.0
0.0
0.0
0.0
0.0
0.0
0.0
0.0
0.0
0.0
0.0
0.0
0.0
0.0
0.0
0.0
0.0
0.0
0.0
0.0
0.0
0.0
0.0
0.0
0.0
0.0
0.0
0.0
0.0
0.0
0.0
0.0
0.0
0.0
0.0
0.0
0.0
0.0
0.0
0.0
0.0
0.0
0.0
0.0
0.0
0.0
0.0
0.0
0.0
0.0
0.0
0.0
0.0
0.0
0.0
0.0
0.0
0.0
0.0
0.0
0.0
0.0
0.0
0.0
0.0
0.0
0.0
0.0
0.0
0.0
0.0
0.0
0.0
0.0
0.0
0.0
0.0
0.0
0.0
0.0
0.0
0.0
0.0
0.0
0.0
0.0
0.0
0.0
0.0
0.0
0.0
0.0
0.0
0.0
0.0
0.0
0.0
0.0
0.0
0.0
0.0
0.0
0.0
0.0
0.0
0.0
0.0
0.0
0.0
0.0
0.0
0.0
0.0
0.0
0.0
0.0
0.0
0.0
0.0
0.0
0.0
0.0
0.0
0.0
0.0
0.0
0.0
0.0
0.0
0.0
0.0
0.0
0.0
0.0
0.0
0.0
0.0
0.0
0.0
0.0
0.0
0.0
0.0
0.0
0.0
0.0
0.0
0.0
0.0
0.0
0.0
0.0
0.0
0.0
0.0
0.0
0.0
0.0
0.0
0.0
0.0
0.0
0.0
0.0
0.0
0.0
0.0
0.0
0.0
0.0
0.0
0.0
0.0
0.0
0.0
0.0
0.0
0.0
0.0
0.0
0.0
0.0
0.0
0.0
0.0
0.0
0.0
0.0
0.0
0.0
0.0
0.0
0.0
0.0
0.0
0.0
0.0
0.0
0.0
0.0
0.0
0.0
0.0
0.0
0.0
0.0
0.0
0.0
0.0
0.0
0.0
0.0
0.0
0.0
0.0
0.0
0.0
0.0
0.0
0.0
0.0
0.0
0.0
0.0
0.0
0.0
0.0
0.0
0.0
0.0
0.0
0.0
0.0
0.0
0.0
0.0
0.0
0.0
0.0
0.0
0.0
0.0
0.0
0.0
0.0
0.0
0.0
0.0
0.0
0.0
0.0
0.0
0.0
0.0
0.0
0.0
0.0
0.0
0.0
0.0
0.0
0.0
0.0
0.0
0.0
0.0
0.0
0.0
0.0
0.0
0.0
0.0
0.0
0.0
0.0
0.0
0.0
0.0
0.0
0.0
0.0
0.0
0.0
0.0
0.0
0.0
0.0
0.0
0.0
0.0
0.0
0.0
0.0
0.0
0.0
0.0
0.0
0.0
0.0
0.0
0.0
0.0
0.0
0.0
0.0
0.0
0.0
0.0
0.0
0.0
0.0
0.0
0.0
0.0
0.0
0.0
0.0
0.0
0.0
0.0
0.0
0.0
0.0
0.0
0.0
0.0
0.0
0.0
0.0
0.0
0.0
0.0
0.0
0.0
0.0
0.0
0.0
0.0
0.0
0.0
0.0
0.0
0.0
0.0
0.0
0.0
0.0
0.0
0.0
0.0
0.0
0.0
0.0
0.0
0.0
0.0
0.0
0.0
0.0
0.0
0.0
0.0
0.0
0.0
0.0
0.0
0.0
0.0
0.0
0.0
0.0
0.0
0.0
0.0
0.0
0.0
0.0
0.0
0.0
0.0
0.0
0.0
0.0
0.0
0.0
0.0
0.0
0.0
0.0
0.0
0.0
0.0
0.0
0.0
0.0
0.0
0.0
0.0
0.0
0.0
0.0
0.0
0.0
0.0
0.0
0.0
0.0
0.0
0.0
0.0
0.0
0.0
0.0
0.0
0.0
0.0
0.0
0.0
0.0
0.0
0.0
0.0
0.0
0.0
0.0
0.0
0.0
0.0
0.0
0.0
0.0
0.0
0.0
0.0
0.0
0.0
0.0
0.0
0.0
0.0
0.0
0.0
0.0
0.0
0.0
0.0
0.0
0.0
0.0
0.0
0.0
0.0
0.0
0.0
0.0
0.0
0.0
0.0
0.0
0.0
0.0
0.0
0.0
0.0
0.0
0.0
0.0
0.0
0.0
0.0
0.0
0.0
0.0
0.0
0.0
0.0
0.0
0.0
0.0
0.0
0.0
0.0
0.0
0.0
0.0
0.0
0.0
0.0
0.0
0.0
0.0
0.0
0.0
0.0
0.0
0.0
0.0
0.0
0.0
0.0
0.0
0.0
0.0
0.0
0.0
0.0
0.0
0.0
0.0
0.0
0.0
0.0
0.0
0.0
0.0
0.0
0.0
0.0
0.0
0.0
0.0
0.0
0.0
0.0
0.0
0.0
0.0
0.0
0.0
0.0
0.0
0.0
0.0
0.0
0.0
0.0
0.0
0.0
0.0
0.0
0.0
0.0
0.0
0.0
0.0
0.0
0.0
0.0
0.0
0.0
0.0
0.0
0.0
0.0
0.0
0.0
0.0
0.0
0.0
0.0
0.0
0.0
0.0
0.0
0.0
0.0
0.0
0.0
0.0
0.0
0.0
0.0
0.0
0.0
0.0
0.0
0.0
0.0
0.0
0.0
0.0
0.0
0.0
0.0
0.0
0.0
0.0
0.0
0.0
0.0
0.0
0.0
0.0
0.0
0.0
0.0
0.0
0.0
0.0
0.0
0.0
0.0
0.0
0.0
0.0
0.0
0.0
0.0
0.0
0.0
0.0
0.0
0.0
0.0
0.0
0.0
0.0
0.0
0.0
0.0
0.0
0.0
0.0
0.0
0.0
0.0
0.0
0.0
0.0
0.0
0.0
0.0
0.0
0.0
0.0
0.0
0.0
0.0
0.0
0.0
0.0
0.0
0.0
0.0
0.0
0.0
0.0
0.0
0.0
0.0
0.0
0.0
0.0
0.0
0.0
0.0
0.0
0.0
0.0
0.0
0.0
0.0
0.0
0.0
0.0
0.0
0.0
0.0
0.0
0.0
0.0
0.0
0.0
0.0
0.0
0.0
0.0
0.0
0.0
0.0
0.0
0.0
0.0
0.0
0.0
0.0
0.0
0.0
0.0
0.0
0.0
0.0
0.0
0.0
0.0
0.0
0.0
0.0
0.0