0.0
0.0
0.0
0.0
0.0
0.0
0.0
0.0
0.0
0.0
0.0
0.0
0.0
0.0
0.0
0.0
0.0
0.0
0.0
0.0
0.0
0.0
0.0
0.0
0.0
0.0
0.0
0.0
0.0
0.0
0.0
0.0
0.0
0.0
0.0
0.0
0.0
0.0
0.0
0.0
0.0
0.0
0.0
0.0
0.0
0.0
0.0
0.0
0.0
0.0
0.0
0.0
0.0
0.0
0.0
0.0
0.0
0.0
0.0
0.0
0.0
0.0
0.0
0.0
0.0
0.0
0.0
0.0
0.0
0.0
0.0
0.0
0.0
0.0
0.0
0.0
0.0
0.0
0.0
0.0
0.0
0.0
0.0
0.0
0.0
0.0
0.0
0.0
0.0
0.0
0.0
0.0
0.0
0.0
0.0
0.0
0.0
0.0
0.0
0.0
0.0
0.0
0.0
0.0
0.0
0.0
0.0
0.0
0.0
0.0
0.0
0.0
0.0
0.0
0.0
0.0
0.0
0.0
0.0
0.0
0.0
0.0
0.0
0.0
0.0
0.0
0.0
0.0
0.0
0.0
0.0
0.0
0.0
0.0
0.0
0.0
0.0
0.0
0.0
0.0
0.0
0.0
0.0
0.0
0.0
0.0
0.0
0.0
0.0
0.0
0.0
0.0
0.0
0.0
0.0
0.0
0.0
0.0
0.0
0.0
0.0
0.0
0.0
0.0
0.0
0.0
0.0
0.0
0.0
0.0
0.0
0.0
0.0
0.0
0.0
0.0
0.0
0.0
0.0
0.0
0.0
0.0
0.0
0.0
0.0
0.0
0.0
0.0
0.0
0.0
0.0
0.0
0.0
0.0
0.0
0.0
0.0
0.0
0.0
0.0
0.0
0.0
0.0
0.0
0.0
0.0
0.0
0.0
0.0
0.0
0.0
0.0
0.0
0.0
0.0
0.0
0.0
0.0
0.0
0.0
0.0
0.0
0.0
0.0
0.0
0.0
0.0
0.0
0.0
0.0
0.0
0.0
0.0
0.0
0.0
0.0
0.0
0.0
0.0
0.0
0.0
0.0
0.0
0.0
0.0
0.0
0.0
0.0
0.0
0.0
0.0
0.0
0.0
0.0
0.0
0.0
0.0
0.0
0.0
0.0
0.0
0.0
0.0
0.0
0.0
0.0
0.0
0.0
0.0
0.0
0.0
0.0
0.0
0.0
0.0
0.0
0.0
0.0
0.0
0.0
0.0
0.0
0.0
0.0
0.0
0.0
0.0
0.0
0.0
0.0
0.0
0.0
0.0
0.0
0.0
0.0
0.0
0.0
0.0
0.0
0.0
0.0
0.0
0.0
0.0
0.0
0.0
0.0
0.0
0.0
0.0
0.0
0.0
0.0
0.0
0.0
0.0
0.0
0.0
0.0
0.0
0.0
0.0
0.0
0.0
0.0
0.0
0.0
0.0
0.0
0.0
0.0
0.0
0.0
0.0
0.0
0.0
0.0
0.0
0.0
0.0
0.0
0.0
0.0
0.0
0.0
0.0
0.0
0.0
0.0
0.0
0.0
0.0
0.0
0.0
0.0
0.0
0.0
0.0
0.0
0.0
0.0
0.0
0.0
0.0
0.0
0.0
0.0
0.0
0.0
0.0
0.0
0.0
0.0
0.0
0.0
0.0
0.0
0.0
0.0
0.0
0.0
0.0
0.0
0.0
0.0
0.0
0.0
0.0
0.0
0.0
0.0
0.0
0.0
0.0
0.0
0.0
0.0
0.0
0.0
0.0
0.0
0.0
0.0
0.0
0.0
0.0
0.0
0.0
0.0
0.0
0.0
0.0
0.0
0.0
0.0
0.0
0.0
0.0
0.0
0.0
0.0
0.0
0.0
0.0
0.0
0.0
0.0
0.0
0.0
0.0
0.0
0.0
0.0
0.0
0.0
0.0
0.0
0.0
0.0
0.0
0.0
0.0
0.0
0.0
0.0
0.0
0.0
0.0
0.0
0.0
0.0
0.0
0.0
0.0
0.0
0.0
0.0
0.0
0.0
0.0
0.0
0.0
0.0
0.0
0.0
0.0
0.0
0.0
0.0
0.0
0.0
0.0
0.0
0.0
0.0
0.0
0.0
0.0
0.0
0.0
0.0
0.0
0.0
0.0
0.0
0.0
0.0
0.0
0.0
0.0
0.0
0.0
0.0
0.0
0.0
0.0
0.0
0.0
0.0
0.0
0.0
0.0
0.0
0.0
0.0
0.0
0.0
0.0
0.0
0.0
0.0
0.0
0.0
0.0
0.0
0.0
0.0
0.0
0.0
0.0
0.0
0.0
0.0
0.0
0.0
0.0
0.0
0.0
0.0
0.0
0.0
0.0
0.0
0.0
0.0
0.0
0.0
0.0
0.0
0.0
0.0
0.0
0.0
0.0
0.0
0.0
0.0
0.0
0.0
0.0
0.0
0.0
0.0
0.0
0.0
0.0
0.0
0.0
0.0
0.0
0.0
0.0
0.0
0.0
0.0
0.0
0.0
0.0
0.0
0.0
0.0
0.0
0.0
0.0
0.0
0.0
0.0
0.0
0.0
0.0
0.0
0.0
0.0
0.0
0.0
0.0
0.0
0.0
0.0
0.0
0.0
0.0
0.0
0.0
0.0
0.0
0.0
0.0
0.0
0.0
0.0
0.0
0.0
0.0
0.0
0.0
0.0
0.0
0.0
0.0
0.0
0.0
0.0
0.0
0.0
0.0
0.0
0.0
0.0
0.0
0.0
0.0
0.0
0.0
0.0
0.0
0.0
0.0
0.0
0.0
0.0
0.0
0.0
0.0
0.0
0.0
0.0
0.0
0.0
0.0
0.0
0.0
0.0
0.0
0.0
0.0
0.0
0.0
0.0
0.0
0.0
0.0
0.0
0.0
0.0
0.0
0.0
0.0
0.0
0.0
0.0
0.0
0.0
0.0
0.0
0.0
0.0
0.0
0.0
0.0
0.0
0.0
0.0
0.0
0.0
0.0
0.0
0.0
0.0
0.0
0.0
0.0
0.0
0.0
0.0
0.0
0.0
0.0
0.0
0.0
0.0
0.0
0.0
0.0
0.0
0.0
0.0
0.0
0.0
0.0
0.0
0.0
0.0
0.0
0.0
0.0
0.0
0.0
0.0
0.0
0.0
0.0
0.0
0.0
0.0
0.0
0.0
0.0
0.0
0.0
0.0
0.0
0.0
0.0
0.0
0.0
0.0
0.0
0.0
0.0
0.0
0.0
0.0
0.0
0.0
0.0
0.0
0.0
0.0
0.0
0.0
0.0
0.0
0.0
0.0
0.0
0.0
0.0
0.0
0.0
0.0
0.0
0.0
0.0
0.0
0.0
0.0
0.0
0.0
0.0
0.0
0.0
0.0
0.0
0.0
0.0
0.0
0.0
0.0
0.0
0.0
0.0
0.0
0.0
0.0
0.0
0.0
0.0
0.0
0.0
0.0
0.0
0.0
0.0
0.0
0.0
0.0
0.0
0.0
0.0
0.0
0.0
0.0
0.0
0.0
0.0
0.0
0.0
0.0
0.0
0.0
0.0
0.0
0.0
0.0
0.0
0.0
0.0
0.0
0.0
0.0
0.0
0.0
0.0
0.0
0.0
0.0
0.0
0.0
0.0
0.0
0.0
0.0
0.0
0.0
0.0
0.0
0.0
0.0
0.0
0.0
0.0
0.0
0.0
0.0
0.0
0.0
0.0
0.0
0.0
0.0
0.0
0.0
0.0
0.0
0.0
0.0
0.0
0.0
0.0
0.0
0.0
0.0
0.0
0.0
0.0
0.0
0.0
0.0
0.0
0.0
0.0
0.0
0.0
0.0
0.0
0.0
0.0
0.0
0.0
0.0
0.0
0.0
0.0
0.0
0.0
0.0
0.0
0.0
0.0
0.0
0.0
0.0
0.0
0.0
0.0
0.0
0.0
0.0
0.0
0.0
0.0
0.0
0.0
0.0
0.0
0.0
0.0
0.0
0.0
0.0
0.0
0.0
0.0
0.0
0.0
0.0
0.0
0.0
0.0
0.0
0.0
0.0
0.0
0.0
0.0
0.0
0.0
0.0
0.0
0.0
0.0
0.0
0.0
0.0
0.0
0.0
0.0
0.0
0.0
0.0
0.0
0.0
0.0
0.0
0.0
0.0
0.0
0.0
0.0
0.0
0.0
0.0
0.0
0.0
0.0
0.0
0.0
0.0
0.0
0.0
0.0
0.0
0.0
0.0
0.0
0.0
0.0
0.0
0.0
0.0
0.0
0.0
0.0
0.0
0.0
0.0
0.0
0.0
0.0
0.0
0.0
0.0
0.0
0.0
0.0
0.0
0.0
0.0
0.0
0.0
0.0
0.0
0.0
0.0
0.0
0.0
0.0
0.0
0.0
0.0
0.0
0.0
0.0
0.0
0.0
0.0
0.0
0.0
7.445471848963304e-07
8.597684506568566e-07
9.800492357983183e-07
1.1051593491919102e-06
1.2348354380154264e-06
1.3687806050137456e-06
1.506664171244106e-06
1.648121592913972e-06
1.7927545405922252e-06
1.9401311486880696e-06
2.089786442648243e-06
2.241222950818512e-06
2.393911507351777e-06
2.5472922519204014e-06
2.7007758313067324e-06
2.8537448072008725e-06
3.005555273733245e-06
3.15553868740771e-06
3.3030039111854556e-06
3.447239473497647e-06
3.5875160419421382e-06
3.723089110345504e-06
3.853201896752481e-06
3.977088448740297e-06
4.0939769512530156e-06
4.203093230910854e-06
4.303664449479789e-06
4.394922977889237e-06
4.476110440867708e-06
4.5464819209322115e-06
4.605310309123483e-06
4.651890788531897e-06
4.685545435314383e-06
4.705627920568692e-06
4.711528295113491e-06
4.7026778379304494e-06
4.678553947763404e-06
4.638685056149245e-06
4.582655538982422e-06
4.51011060259898e-06
4.420761119313837e-06
4.314388386366804e-06
4.190848781335332e-06
4.050078286264624e-06
3.892096852056534e-06
3.717012574056059e-06
3.5250256492863707e-06
3.316432085417833e-06
3.091627131321773e-06
2.8511083989626566e-06
2.5954786464300685e-06
2.993393909867243e-06
3.407904315145125e-06
3.838146362621033e-06
4.283145684430313e-06
4.741816424216505e-06
5.212961127506523e-06
5.695271168039643e-06
6.187327733952958e-06
6.687603396134516e-06
7.19446427927761e-06
7.706172854205754e-06
8.220891367889018e-06
8.73668592523908e-06
9.251531234258555e-06
9.763316023428908e-06
1.0269849137361971e-05
1.0768866313711047e-05
1.1258037641156068e-05
1.1734975694938388e-05
1.219724434294987e-05
1.2642368211772498e-05
1.3067842798344752e-05
1.3471145209100217e-05
1.3849745504508584e-05
1.4201118622949823e-05
1.4522756853803053e-05
1.4812182825530709e-05
1.5066962970420407e-05
1.5284721423521204e-05
1.54631543092006e-05
1.5600044364675853e-05
1.5693275845858705e-05
1.5740849656918344e-05
1.5740898641138142e-05
1.5691702966940872e-05
1.5591705539406446e-05
1.5439527364235752e-05
1.5233982787941192e-05
1.4974094535102371e-05
1.4659108460831753e-05
1.4288507934178764e-05
1.386202776608715e-05
1.3379667593729577e-05
1.2841704631603626e-05
1.224870569870561e-05
1.1601538430424173e-05
1.090138158353934e-05
1.0149734342890026e-05
9.34842453890826e-06
8.499615686324199e-06
9.790454012459207e-06
1.1132263702028615e-05
1.2522030486889753e-05
1.3956393415506927e-05
1.543164504580871e-05
1.6943733304584224e-05
1.8488265081021942e-05
2.006051161668687e-05
2.16554157483797e-05
2.326760105392978e-05
2.489138294404832e-05
2.6520781735920412e-05
2.814953773625591e-05
2.9771128353068015e-05
3.1378787246522213e-05
3.296552551981988e-05
3.452415494127816e-05
3.604731317856637e-05
3.752749101549472e-05
3.895706151085721e-05
4.0328311047646554e-05
4.16334722095262e-05
4.2864758409810676e-05
4.401440018641384e-05
4.507468306433001e-05
4.60379868752681e-05
4.6896826412118337e-05
4.764389328405764e-05
4.827209882634806e-05
4.877461790731959e-05
4.914493346372713e-05
4.937688158467191e-05
4.94646969536878e-05
4.940305844843926e-05
4.9187134687863715e-05
4.881262930756625e-05
4.827582573591834e-05
4.757363123568982e-05
4.670361996922948e-05
4.566407483926705e-05
4.445402785240698e-05
4.307329874839084e-05
4.1522531635277786e-05
3.9803229368896345e-05
3.791778541431266e-05
3.5869512927692777e-05
3.3662670798862045e-05
3.13024863981285e-05
2.879517477558401e-05
2.6147954067156352e-05
3.0081423765485005e-05
3.4161440322222837e-05
3.837819777150711e-05
4.272087653706019e-05
4.717765050302185e-05
5.173569914446935e-05
5.638122487937892e-05
6.109947578577991e-05
6.587477380838504e-05
7.069054855808291e-05
7.552937678538606e-05
8.037302758530599e-05
8.520251336620194e-05
8.999814658903544e-05
9.47396022561754e-05
9.940598610058655e-05
0.00010397590839693036
0.00010842756328596386
0.00011273881347270436
0.00011688728012730076
0.00012085043778549035
0.0001246057140131059
0.00012813059356644598
0.0001314027267475717
0.0001344000416209384
0.00013710085972533346
0.0001394840148830543
0.00014152897467679165
0.00014321596413399473
0.00014452609112865924
0.0001454414729818571
0.00014594536371488053
0.00014602228138303497
0.0001456581348938131
0.00014484034969085822
0.00014355799166472445
0.00014180188863336965
0.00013956474871953606
0.00013684127493906654
0.00013362827530375974
0.00012992476773488636
0.0001257320790790208
0.00012105393751663523
0.00011589655765596854
0.00011026871761030803
0.00010418182736593978
9.76499877609046e-05
9.069003941129912e-05
8.332160094234692e-05
7.556709590583078e-05
8.682614887257177e-05
9.847941406098712e-05
0.0001104971282559681
0.00012284675848137197
0.0001354930400641203
0.0001483980289921092
0.00016152116890329887
0.00017481937298779594
0.00018824712102568907
0.00020175657172083442
0.0002152976904250052
0.0002288183922779212
0.00024226470071687798
0.0002555809212352965
0.0002687098301926608
0.00028159287839937195
0.0002941704091192541
0.00030638189005014924
0.0003181661587595605
0.0003294616809679857
0.00034020682098783123
0.00035034012354095664
0.00035980060609342
0.00036852806076225213
0.0003764633647665436
0.00038354879831421974
0.0003897283687370337
0.00039494813961002764
0.00039915656351841743
0.00040230481706504407
0.00040434713664568185
0.0004052411534580166
0.00040494822615355316
0.0004034337694904656
0.0004006675772999577
0.0003966241380395
0.00039128294117374724
0.00038462877259848554
0.0003766519973049323
0.0003673488274715732
0.0003567215741687407
0.00034477888086769477
0.00033153593696134704
0.0003170146695281918
0.00030124391160478827
0.0002842595452753809
0.00026610461794018283
0.0002468294301865331
0.00022649159375969755
0.00020515605821250227
0.00023542863480042735
0.00026669282609131966
0.0002988642724353939
0.0003318515441146247
0.00036555628949566914
0.00039987342075721246
0.00043469133776670443
0.00046989219052480277
0.0005053521804313532
0.00054094190045484
0.0005765267141084837
0.0006119671729511225
0.0006471194721404043
0.0006818359433702221
0.0007159655843246297
0.0007493546235773017
0.0007818471196599959
0.0008132855928161443
0.0008435116877476337
0.0008723668654550417
0.0008996931220649826
0.0009253337323338768
0.0009491340153164049
0.0009709421194902608
0.0009906098244376054
0.0010079933559990306
0.0010229542116389385
0.0010353599925931269
0.0010450852392112737
0.0010520122657598707
0.001056031990816263
0.0010570447592627248
0.0010549611517821145
0.0010497027776645883
0.0010412030466590357
0.0010294079155444976
0.0010142766050564183
0.000995782282781317
0.0009739127076319675
0.0009486708315341843
0.000920075353996465
0.0008881612252958037
0.0008529800940969699
0.0008146006954295591
0.0007731091750766508
0.0007286093465819842
0.000681222877258479
0.0006310893997805113
0.0005783665461646342
0.0005232299011889687
0.0005996869869007693
0.0006784749317580944
0.0007593702960337863
0.0008421327925136141
0.0009265057706626977
0.0010122167926797773
0.0010989783020746017
0.0011864883849979665
0.0012744316241326107
0.0013624800445180424
0.0014502941502347842
0.0015375240504154311
0.00162381067258256
0.0017087870608396844
0.0017920797559619818
0.001873310253951726
0.0019520965391401936
0.0020280546874367465
0.0021008005348477662
0.0021699514059172463
0.002235127896277369
0.002295955703046309
0.0023520674963716888
0.0024031048249966752
0.0024487200483216676
0.002488578287052899
0.0025223593841701233
0.002549759867613853
0.002570494905788249
0.002584300246703798
0.0025909341313439826
0.0025901791716372003
0.0025818441832487476
0.0025657659632823127
0.002541811002895788
0.0025098771247961654
0.002469895035582511
0.0024218297829580876
0.0023656821079317135
0.0023014896822779293
0.002229328221723972
0.002149312465582201
0.0020615970138474398
0.001966377013132644
0.001863888683220743
0.0017544096764679146
0.0016382592628009813
0.0015157983336108283
0.0013874292184514225
0.0012535953091111448
0.0014349823530480919
0.001621484768160424
0.0018125492014469872
0.002007584852414551
0.002205964868288442
0.0024070279481706223
0.0026100801557839646
0.002814396939472943
0.003019225357137081
0.003223786502757878
0.0034272781301462893
0.0036288774684912887
0.0038277442232339796
0.004023023754731592
0.004213850426115925
0.004399351110696386
0.004578648848213981
0.004750866638224364
0.004915131357881017
0.005070577790408655
0.005216352749608205
0.005351619284822787
0.0054755609499250475
0.005587386119065325
0.00568633233115237
0.0057716706443297185
0.00584270998106557
0.005898801443898169
0.005939342581376216
0.005963781583310004
0.005971621384107922
0.00596242365271896
0.0059358126475389525
0.005891478914569814
0.005829182807150613
0.005748757805709327
0.005650113616218216
0.005533239026374292
0.0053982044989730645
0.005245164482498031
0.005074359419612772
0.0048861174350153325
0.00468085568499791
0.004459081352045775
0.004221392268907997
0.003968477157777078
0.0037011154715215354
0.0034201768253233145
0.0031266200085763177
0.0028214915684995952
0.0032257082921566026
0.0036403952213512327
0.004064270438644376
0.004495974467547145
0.004934073897420674
0.005377065449839537
0.005823380481638904
0.006271389917735602
0.006719409604650867
0.007165706073476247
0.007608502698823537
0.008045986238094905
0.008476313733209314
0.008897619754738193
0.009308023966246129
0.009705638984512098
0.010088578509235542
0.010454965693818508
0.010802941726873197
0.011130674592242531
0.011436367973553836
0.011718270267658246
0.011974683669759003
0.012203973291602402
0.01240457627281463
0.012575010844318071
0.012713885301768304
0.012819906846120948
0.012891890247780603
0.012928766290302854
0.012929589949331178
0.012893548262350545
0.01281996784494433
0.012708322009546653
0.012558237443202927
0.01236950040157967
0.012142062377415809
0.011876045202770186
0.01157174554580867
0.011229638764474689
0.010850382081212038
0.010434817044943378
0.00998397124876018
0.009499059274235222
0.00898148283593163
0.00843283010253618
0.007854874174092582
0.007249570698032315
0.006619054610097592
0.00596563598980324
0.006811773769117221
0.007677870676467663
0.008561147654927815
0.009458676171172029
0.010367386808663039
0.011284078726472932
0.012205429965880277
0.013128008582564235
0.014048284577881336
0.014962642598371125
0.015867395368322348
0.016758797815952395
0.017633061849540815
0.018486371735722946
0.01931490002812331
0.02011482399060266
0.020882342455638234
0.021613693054764065
0.022305169754600764
0.022953140628808762
0.023554065793341284
0.024104515429656418
0.02460118781810795
0.025040927301573663
0.025420742097531444
0.02573782187525826
0.025989555013637575
0.026173545454212896
0.02628762906365194
0.02632988941967953
0.02629867293482648
0.026192603233019588
0.026010594695124643
0.025751865091046072
0.02541594721789392
0.025002699466049768
0.024512315237699926
0.023945331145554503
0.023302633923031627
0.02258546598115027
0.021795429551738736
0.020934489361313403
0.02000497378510856
0.01900957443622501
0.01795134415069845
0.016833693335450643
0.0156603846525583
0.014435526020030655
0.013163561916312476
0.011849262982986523
0.013513004953225528
0.015212116569741545
0.016940958217537754
0.018693622700721564
0.020463953963039627
0.02224556738110068
0.024031871580776524
0.02581609171919974
0.027591294166767557
0.02935041251564067
0.03108627483343938
0.03279163207322628
0.034459187543454346
0.03608162733441084
0.03765165159080992
0.039162006513654125
0.04060551696829812
0.0419751195698799
0.0432638961119381
0.04446510719917478
0.0455722259409578
0.04657897155833811
0.047479342754107035
0.04826765069276108
0.0489385514352169
0.0494870776717359
0.049908669595811875
0.05019920476175513
0.050355026769397605
0.05037297262075373
0.050250398595615954
0.04998520449594618
0.049575856112556674
0.04902140577194351
0.04832151082626252
0.047476449955288755
0.04648713715579316
0.04535513330107657
0.04408265516140105
0.04267258178475655
0.041128458146735
0.03945449598827321
0.037655571770590396
0.03573722168780374
0.03370563368936638
0.031567636476642735
0.02933068545054428
0.0270028456001441
0.02459277133555954
0.022109683282023906
0.025182581661283652
0.02831359995648754
0.03149202228632849
0.03470668895497111
0.037946034103452334
0.041198126002245865
0.04445070986912166
0.047691253082546896
0.050906992647293495
0.05408498475562898
0.057212156274617364
0.06027535797763829
0.06326141932638095
0.06615720459829386
0.0689496701438683
0.07162592254826795
0.07417327746271563
0.07657931886282389
0.07883195848370421
0.08091949517532188
0.08283067391617711
0.08455474421908173
0.08608151765956591
0.08740142425536165
0.08850556742448581
0.08938577724971708
0.09003466177876383
0.09044565609215595
0.09061306887489567
0.09053212623316716
0.09019901250394248
0.08961090781312293
0.08876602214692741
0.08766362571154387
0.08630407536761096
0.08468883693882445
0.08282050320789082
0.08070280742807784
0.07834063219475063
0.07574001353845565
0.07290814011924959
0.06985334742106843
0.06658510686483347
0.06311400977973099
0.059451746193491986
0.05561107842457017
0.05160580948167136
0.04745074629913277
0.043161657860033786
0.03875522828253837
0.04408645320086987
0.04950591973591734
0.05499455899659344
0.06053262244311063
0.06609975201443806
0.07167505434179582
0.07723717880885399
0.08276439919744479
0.08823469863647442
0.09362585755137852
0.09891554429212145
0.1040814080993688
0.10910117405130691
0.11395273961760473
0.11861427243243833
0.12306430888531153
0.1272818531167612
0.13124647599600667
0.1349384136492205
0.13833866510051285
0.1414290885829082
0.14419249607369333
0.14661274560750895
0.1486748309215327
0.1503649679900763
0.15167067801090703
0.15258086641265198
0.1530858974617243
0.1531776640583514
0.1528496523244625
0.15209700060138195
0.15091655249246075
0.14930690360491544
0.14726844166616418
0.1448033797128464
0.14191578207534075
0.13861158290697223
0.13489859703503365
0.13078652294025583
0.12628693770222604
0.121413283780467
0.11618084753426483
0.11060672941874296
0.10470980583006476
0.09851068260872937
0.09203164024673113
0.08529657088153711
0.07833090719744112
0.07116154339251866
0.06381674840713653
0.07250478441458003
0.08131595559253438
0.09021847719163074
0.09917960849644358
0.1081657740467738
0.11714269065200536
0.12607549975328672
0.1349289046568878
0.143667312132144
0.15225497783920344
0.16065615502548852
0.16883524590541837
0.1767569551158309
0.18438644461963088
0.1916894894127981
0.19863263337496886
0.20518334459157736
0.21131016946608314
0.21698288493415616
0.22217264808802012
0.22685214251841915
0.23099572068404528
0.23457954162366845
0.23758170333478915
0.23998236915430216
0.24176388749149277
0.2429109042816293
0.24341046754945633
0.243252123495986
0.24242800354908192
0.240932901848339
0.2387643426676367
0.23592263731433166
0.23241093008229652
0.22823523287675243
0.22340444817191854
0.2179303800078396
0.2118277327800625
0.20511409762509328
0.19780992625540297
0.1899384921501776
0.1815258390615868
0.17260071685106443
0.16319450472560407
0.15334112200012306
0.1430769265684589
0.1324406013220259
0.1214730288116365
0.11021715450389988
0.09871783903903002
0.11201721351775759
0.12547320791709685
0.13903618917259164
0.15265529925552393
0.1662786499438256
0.17985352505803004
0.1933265894079674
0.20664410365495686
0.219752144256115
0.23259682762236655
0.24512453759004166
0.2572821552776021
0.2690172903745023
0.2802785128883173
0.2910155843595163
0.3011796875404675
0.3107236535268182
0.31960218532518053
0.3277720768412849
0.3351924262774893
0.3418248429377093
0.3476336464516319
0.3525860574483467
0.35665237873240035
0.3598061660425909
0.3620243875056199
0.3632875709328526
0.3635799381488632
0.36288952558499626
0.36120829041976676
0.35853220160034
0.3548613151354603
0.35019983310976277
0.34455614593228756
0.3379428573978711
0.3303767922087774
0.32187898567512535
0.3124746553860517
0.3021931547189733
0.2910679081312374
0.2791363282568397
0.26643971491010526
0.2530231361782603
0.23893529186499093
0.22422835962733415
0.20895782422804382
0.193182290404539
0.17696327993354313
0.1603650135468231
0.1434541784281261
0.16257713264898538
0.18187911317202304
0.20128750375603785
0.2207282779806943
0.24012629045664408
0.25940557665573793
0.2784896601898882
0.2973018663196144
0.3157656404302396
0.33380487017585136
0.35134420995830945
0.36830940638123866
0.3846276232972686
0.400227765050715
0.41504079650796294
0.4290000584636878
0.442041577013279
0.4541043654900537
0.46513071758048347
0.4750664902514211
0.4838613751503739
0.4914691571731362
0.4978479589324279
0.5029604699066159
0.5067741590988626
0.509261470094099
0.5103999974638117
0.5101726435365835
0.5085677546253861
0.5055792358805552
0.5012066440198382
0.49545525727367296
0.48833612197448373
0.4798660753130555
0.47006774388241823
0.4589695177299606
0.4466054997410466
0.4330154302820281
0.4182445871366609
0.4023436608770479
0.3853686059181275
0.36738046761254
0.3484451858504414
0.3286333757354886
0.3080200860138678
0.28668453603683625
0.26470983213881677
0.24218266441184413
0.21919298495264633
0.19583366875071703
0.22166174563722646
0.24766877109907842
0.2737551935996294
0.299820041694397
0.32576132951261955
0.3514764709163361
0.37686270066268757
0.4018175008472119
0.4262390308646351
0.45002655908998784
0.47308089445636975
0.4953048160871414
0.5166034991294182
0.5368849349328713
0.5560603437231321
0.5740445779323017
0.5907565143706754
0.6061194334532826
0.6200613837326625
0.632515530034899
0.643420483549607
0.6527206122858251
0.6603663303746236
0.6663143647753934
0.6705279980259405
0.6729772857664431
0.6736392478636474
0.672498032064053
0.6695450492128702
0.6647790791887747
0.658206346822532
0.649840567189921
0.6397029597955093
0.6278222312933186
0.6142345265225785
0.598983347771187
0.5821194423154594
0.5637006584218747
0.5437917701339336
0.5224642713046336
0.49979613947166607
0.4758715703075414
0.45078068351023165
0.4246192011303909
0.39748809945886443
0.36949323572173187
0.34074495094959256
0.3113576505022524
0.28144936383885333
0.25114128522669066
0.2839086557119332
0.31682268150870563
0.34975546994341467
0.3825779539387116
0.4151604180999015
0.4473730319356784
0.4790863880052694
0.5101720427448238
0.5405030576957495
0.5699545388376526
0.5984041717178571
0.6257327500692056
0.6518246956171561
0.6765685667969691
0.6998575541313213
0.7215899600583613
0.7416696610498801
0.7600065499184894
0.7765169562817729
0.791124043229536
0.8037581783277701
0.8143572771889849
0.8228671179431966
0.8292416250563693
0.833443121063272
0.8354425449089705
0.8352196357270129
0.8327630810222788
0.8280706283718798
0.8211491599077593
0.8120147289992369
0.8006925587118772
0.7872170017802025
0.771631461995175
0.7539882770722538
0.7343485632317118
0.7127820218887077
0.6893667090160421
0.6641887679063861
0.6373421262227736
0.6089281583852961
0.5790553144974668
0.547838717167333
0.5153997277247361
0.481865483477311
0.4473684077823199
0.41204569483953285
0.376038771230579
0.3394927363427144
0.302555783918771
0.3416041298644653
0.38073068172001095
0.41978146439950703
0.45860186339882003
0.4970372610301145
0.5349336764391741
0.572138406715039
0.6085006663810197
0.6438722225474748
0.6781080230099341
0.7110668145907838
0.7426117490496079
0.7726109739254342
0.8009382057243835
0.8274732829275082
0.8521026963665769
0.8747200945992392
0.8952267620095266
0.9135320674645878
0.9295538814732224
0.9432189599162127
0.9544632925516325
0.9632324146401592
0.9694816801849775
0.9731764954378321
0.9742925114862513
0.9728157749064478
0.9687428356410495
0.9620808114399761
0.9528474083856083
0.9410708972092267
0.9267900452935696
0.9100540044456643
0.8909221547137564
0.8694639047116071
0.8457584491017014
0.8198944840750576
0.7919698818489249
0.7620913253832745
0.7303739046925717
0.6969406762992726
0.6619221875397973
0.6254559675911598
0.5876859872363214
0.5487620895284012
0.508839393646723
0.46807767436162717
0.4266407196384012
0.3846956690141684
0.34241233547349953
0.386121679482053
0.4298095712541925
0.47330227946182624
0.5164262207085761
0.5590086768781201
0.600878511358207
0.6418668811083348
0.6818079415462928
0.7205395412496526
0.7579039035017959
0.7937482917587341
0.8279256561724563
0.8602952583784496
0.8907232718394332
0.9190833551334473
0.9452571956824771
0.9691350215365687
0.9906160789582081
1.009609073691382
1.0260325739490577
1.0398153733110924
1.0508968118909294
1.0592270543035485
1.064767323147824
1.067490086903359
1.0673792013338315
1.0644300036853918
1.0586493591686073
1.0500556594151607
1.0386787728049722
1.0245599467648603
1.0077516623452276
0.988317441585894
0.9663316083848972
0.9418790037842578
0.9150546567833121
0.8859634119822867
0.854719515545885
0.8214461611572962
0.7862749978072213
0.7493456014285876
0.7108049125457764
0.6708066422557933
0.6295106489979934
0.5870822886976591
0.5436917409862715
0.4995133143077784
0.4547247328141049
0.40950640803528887
0.3640406983783559
0.4099981106875199
0.4558173828284004
0.5013148029732786
0.5463077347052216
0.590615371077746
0.6340594818179868
0.6764651505134361
0.7176614986610655
0.7574823935118018
0.7957671367089221
0.8323611307993122
0.867116520787976
0.8998928080112316
0.9305574337199388
0.9589863298920348
0.9850644349318401
1.0086861720624343
1.029755888375353
1.0481882526690622
1.0639086103826463
1.0768532941138071
1.086969888399271
1.0942174476306172
1.098566666178235
1.1
1.0985117392181114
1.094108031356759
1.0868068551438113
1.0766379449906147
1.0636426664744247
1.0478738433570167
1.0293955368796124
1.0082827782777477
0.9846212556589391
0.9585069565804042
0.9300457678524052
0.8993530342747434
0.8665530781881435
0.8317786818886557
0.7951705351099565
0.7568766499267381
0.717051745568981
0.675856605764189
0.6334574113390237
0.5900250509159387
0.5457344126305452
0.5007636598742871
0.45529349413189146
0.4095064080352863
0.3635859317937117
0.40897439558784765
0.4541112686063201
0.4988144849624253
0.5429039592416312
0.5862023254020666
0.6285356633011655
0.6697342098029264
0.7096330514913107
0.7480727960972152
0.7849002198426318
0.819968888011903
0.853139746179348
0.8842816796511555
0.913272038819965
0.9399971282794823
0.9643526577051963
0.9862441526738543
1.0055873237688757
1.022308392499792
1.0363443727510482
1.0476433066676094
1.056164454081612
1.06187843478398
1.0647673231478247
1.0648246948144369
1.0620556253578808
1.056476641048991
1.048115622043542
1.0370116585213769
1.023214860502435
1.0067861222613768
0.9877968424534673
0.9663286012503635
0.9424727959640711
0.9163302368103735
0.8880107046281251
0.8576324725279995
0.8253217935921426
0.7912123568849064
0.7554447141626904
0.7181656797892225
0.6795277064683548
0.6396882395020558
0.5988090523634322
0.5570555664460988
0.5145961579084738
0.47160145457744707
0.4282436259078977
0.38469566901417107
0.34113069379554567
0.3832365994598134
0.42500131075490416
0.4662557265391878
0.5068334424036809
0.5465714254193849
0.5853106722476322
0.6228968479042924
0.6591809025621528
0.694019663878781
0.7272764024522802
0.7588213681306762
0.7885322950348446
0.8162948732962136
0.8420031856613206
0.8655601072722985
0.886877667096718
0.9058773696500428
0.9224904758292443
0.9366582418553828
0.9483321155060532
0.9574738890041976
0.9640558081174821
0.9680606372109936
0.9694816801849776
0.9683227574176435
0.9645981390200222
0.9583324348945478
0.9495604422707796
0.9383269515696702
0.9246865116210847
0.9087031554275953
0.8904500878295629
0.8700093365821862
0.8474713685033024
0.8229346724911792
0.7965053113431984
0.7682964444293423
0.7384278233875813
0.707025263111827
0.6742200903959475
0.6401485726799455
0.6049513294155672
0.5687727286290404
0.531760271306827
0.4940639662681037
0.45583569821231773
0.41722859164460135
0.37839637338301335
0.3394927363427126
0.30067070727012224
0.33736065521117237
0.37365849042306165
0.40941702311460954
0.4444921673989146
0.47874351522345077
0.5120348913771591
0.5442348873543036
0.5752173719586037
0.604861976643841
0.6330545537073736
0.6596876055809939
0.6846606835978615
0.7078807547550454
0.7292625351371833
0.7487287888178642
0.7662105912101722
0.7816475559963907
0.794988024927845
0.8061892199491997
0.8152173572655123
0.8220477231355721
0.8266647113394222
0.8290618224319533
0.8292416250563698
0.8272156797513209
0.8230044258421954
0.8166370321602547
0.8081512124821655
0.797593006726367
0.7850165290811849
0.770483684371883
0.7540638540996701
0.7358335537041919
0.7158760627122045
0.6942810295380748
0.6711440527965823
0.6465662410741257
0.6206537531817391
0.5935173209804178
0.5652717569277477
0.5360354485426342
0.5059298420239562
0.4750789172869429
0.44360865669998717
0.41164650981290696
0.3793208563664649
0.3467604698614157
0.31409398394460464
0.28144936383884844
0.248953385003673
0.27898347525999806
0.3086142925597266
0.33772577614307636
0.36620102587722986
0.3939267566454258
0.4207937337098087
0.44669718737718067
0.47153720539896077
0.4952191016458499
0.5176537597110865
0.5387579502155129
0.5584546207103509
0.5766731572004854
0.5933496164407455
0.6084269282901305
0.6218550675429904
0.6335911947917746
0.6435997660120634
0.6518526106970702
0.6583289785043299
0.663015554512257
0.6659064433170828
0.6670031223316469
0.666314364775393
0.6638561329697446
0.6596514426738489
0.6537301993122526
0.6461290070578626
0.6368909518400604
0.6260653594487838
0.613707530000201
0.5998784501181793
0.5846444842674211
0.5680770467490219
0.5502522559366233
0.531250572391525
0.5111564225472284
0.4900578096987887
0.4680459140685739
0.4452146837490015
0.42166041834294143
0.39748134713539207
0.3727772036340132
0.3476487983128565
0.32219759138198667
0.2965252673866688
0.27073331341279927
0.2449226026412948
0.21919298495264797
0.19364288623478362
0.2167300460352336
0.23944943160868493
0.2617092757199819
0.2834207191089282
0.30449814500017824
0.32485949635282774
0.34442657470116905
0.36312531952894284
0.3808860672147431
0.3976437886837641
0.41333830500213814
0.4279144802526497
0.4413223911352689
0.45351747284161237
0.4644606408590451
0.47411838846682
0.4824628597933061
0.48947189840925076
0.4951290715369128
0.49942367005812033
0.5023506846056285
0.5039107581210136
0.5041101153584631
0.5029604699066158
0.5004789093899906
0.4966877595968949
0.4916144283618649
0.4852912301073119
0.47775519202080524
0.46904784291115215
0.4592149858477814
0.44830645574385153
0.43637586309366067
0.4234803251191978
0.40968018561919445
0.3950387248461393
0.37962186076304644
0.36349784305164956
0.34673694125763205
0.32941112846601783
0.31159376190152055
0.29335926184401934
0.27478279023898194
0.2559399303661981
0.23690636890834493
0.21775758173326304
0.19856852467113742
0.17941333052954028
0.1603650135468266
0.14149518243647427
0.15816717631633115
0.17452923318878852
0.19051563277372163
0.206063100223221
0.22111103478260197
0.23560172416508027
0.24948054392523317
0.2626961411902936
0.2752006021838027
0.28694960305325384
0.2979025435913926
0.308022663519748
0.3172771410820707
0.32563717377460955
0.33307804111895956
0.33957914946153694
0.34512405886072617
0.34970049219879984
0.35330032672976064
0.3559195683466491
0.3575583089217661
0.35822066714087825
0.35791471331716534
0.35665237873240035
0.3544493501113586
0.351324949890463
0.3473020029930712
0.3424066908713536
0.3366683936183394
0.33011952099313113
0.3227953332376298
0.3147337525939661
0.3059751664584942
0.2965622231301962
0.2865396211291366
0.2759538930736026
0.26485318511341027
0.25328703292089694
0.24130613524116123
0.22896212599839028
0.21630734594650533
0.20339461483933174
0.19027700507864645
0.17700761777748844
0.1636393621516312
0.150224739123835
0.1368156299940222
0.12346309099351266
0.11021715450390228
0.09712663768024946
0.10843517745273519
0.11950309290046027
0.13028628910561896
0.14074256389948805
0.15083175271478216
0.16051586257646508
0.16975919483459204
0.17852845629756464
0.1867928584792299
0.19452420472890358
0.20169696506904197
0.20828833862091675
0.21427830355379202
0.21964965454773988
0.22438802781395686
0.22848191376924
0.23192265751259358
0.23470444730204085
0.23682429127789975
0.23828198272531517
0.23908005421316766
0.23922372098876998
0.23872081404760812
0.2375817033347889
0.23581921156967584
0.23344851921727003
0.23048706115919634
0.2269544156435303
0.2228721861161723
0.21826387655686824
0.21315476096039473
0.20757174761769193
0.2015432388629963
0.19509898696108507
0.1882699468139101
0.18108812616781966
0.17358643400171314
0.16579852777244064
0.15775866018712745
0.14950152616238882
0.14106211061823368
0.13247553773950146
0.12377692232037374
0.11500122378767669
0.10618310347677638
0.09735678570970499
0.08855592319915187
0.07981346727398772
0.07116154339251934
0.06263133237855345
0.06983620360617532
0.07686819893300226
0.08369960456101588
0.09030406117362806
0.09665664873613639
0.10273396367830723
0.10851418826942943
0.11397715203338579
0.11910438508825917
0.12387916333188635
0.1282865454313735
0.13231340161057795
0.13594843426509717
0.13918219046885008
0.14200706647017616
0.1444173043080068
0.14640898071020444
0.14797998846638571
0.14913001049638075
0.14986048686280257
0.15017457500193276
0.15007710347119382
0.14957451953378245
0.14867483092153286
0.1473875421356855
0.14572358566195212
0.14369524849099177
0.14131609434818634
0.13860088204733814
0.1355654803916784
0.13222678005226854
0.1286026028586438
0.12471160893923994
0.12057320214996001
0.11620743422805795
0.11163490810551266
0.10687668081116314
0.10195416638426666
0.09688903921374957
0.09170313820745686
0.08641837218409146
0.08105662686752521
0.07563967384867093
0.07018908186439209
0.06472613072587619
0.05927172821091665
0.05384633021533624
0.04846986443888541
0.04316165786003367
0.03794036823268672
0.04225203640634975
0.04644841086998272
0.05051317801361187
0.0544309232060981
0.05818717648658469
0.061768453312820326
0.06516229029419351
0.06835727586045585
0.07134307584003581
0.07411045394436731
0.07665128717676535
0.07895857620592636
0.0810264507651043
0.08285017015819558
0.08442611897348906
0.08575179812440403
0.08682581135429192
0.08764784735907033
0.08821865769721349
0.08854003067124484
0.08861476137841272
0.088446618140615
0.08804030553483654
0.08740142425536163
0.08653642804778909
0.08545257796242393
0.08415789418089886
0.08266110567493817
0.0809715979599678
0.079099359208868
0.07705492499249932
0.0748493219138235
0.07249401040139984
0.07000082692591947
0.06738192590014488
0.06464972151833591
0.06181682978584855
0.05889601098328953
0.05590011280232017
0.05284201438207978
0.049734571466202276
0.0465905628906934
0.04342263860246728
0.040243269397288214
0.03706469855414831
0.03389889553099189
0.0307575118739962
0.027651839479661305
0.024592771335559475
0.021590764852071506
0.024014373612718028
0.02636644695265505
0.028637992718857197
0.030820573373122623
0.03290632850926331
0.03488799439692261
0.03675892053653626
0.03851308322327449
0.04014509613085215
0.04165021793877075
0.043024357038860546
0.044264073368836164
0.04536657743197395
0.04632972657283845
0.047152018589313005
0.047832582770863656
0.04837116846207409
0.048768131258900595
0.049024416952886535
0.04914154334564407
0.04912158006229177
0.04896712649820176
0.04868128803834788
0.04826765069276108
0.047730254295075374
0.04707356441390748
0.046302443128838286
0.045422118824084985
0.04443815515355763
0.04335641933092382
0.04218304989754079
0.040924424119723045
0.039587125164757465
0.03817790920245073
0.03670367257574253
0.03517141918016156
0.033588228187571505
0.031961222244873314
0.03029753627307084
0.0286042869864175
0.026888543245313094
0.025157297350171363
0.02341743737677631
0.021675720646600272
0.019938748418327767
0.018212941879359384
0.01650451950846667
0.014819475873009505
0.01316356191631272
0.011542266782904336
0.012821873140316456
0.01406011763582074
0.01525236011935837
0.016394279018714437
0.017481881385376007
0.01851151128015984
0.019479856504555873
0.020383953690826354
0.021221191770709594
0.021989313849171504
0.02268641751591427
0.02331095363335822
0.023861723645463306
0.024337875457084986
0.024738897938526218
0.025064614114550802
0.025315173101342552
0.02549104085872887
0.025592989828425564
0.02562208753209777
0.025579684205664845
0.025467399548504136
0.02528710866803366
0.02504092730157366
0.02473119639840912
0.024360466145604224
0.02393147952136615
0.023447155459619187
0.022910571708956294
0.022324947468277265
0.0216936258802333
0.02102005646207101
0.020307777551642068
0.01956039884420877
0.018781584093276266
0.017975034046008937
0.017144469680887082
0.01629361581212208
0.015426185122024094
0.01454586267899496
0.013656290995152127
0.012761055673760735
0.01186367169273208
0.010967570366393672
0.010076087023640054
0.009192449436384935
0.008319767028045112
0.007461020887542435
0.006619054610097668
0.0057965659818773095
0.006431144727783603
0.007043408768464153
0.00763111717258991
0.00819219960339344
0.008724760302148185
0.009227081210341756
0.00969762424089291
0.010135032712223158
0.010538131962273605
0.010905929162693756
0.011237612356366508
0.011532548744209137
0.011790282249753955
0.012010530392395555
0.012193180502355523
0.012338285312387306
0.012446057962994984
0.012516866459482388
0.012551227620479498
0.012549800558708014
0.012513379735652462
0.012442887632495412
0.012339367080162308
0.012203973291602402
0.012037965639514757
0.011842699222616078
0.011619616263247557
0.011370237378634867
0.011096152767461195
0.010799013352588167
0.010480521919782331
0.010142424291171192
0.009786500570888302
0.009414556498962636
0.009028414947992067
0.008629907595508265
0.008220866803214901
0.007803117732459995
0.007378470723411503
0.006948713963439308
0.006515606468191654
0.006080871396783045
0.0056461897204187015
0.0052131942616471215
0.004783464119301374
0.004358519492037592
0.003939816911249812
0.0035287448920084904
0.0031266200085763346
0.0027346833989845883
0.003030272506477663
0.003314617568558678
0.0035867060733697632
0.0038456107525099087
0.004090490932215595
0.004320593469149603
0.0045352532792230825
0.004733893469421454
0.00491602508405675
0.005081246478231214
0.005229242332553558
0.005359782324315123
0.005472719471387087
0.005567988166057076
0.005645601916868278
0.005705650817268626
0.005748298760511907
0.005773780420781591
0.005782398020933559
0.005774517907572821
0.005750566954398399
0.005711028814867118
0.005656440045248187
0.005587386119065333
0.005504497353757076
0.005408444770131886
0.005299935904856032
0.005179710595794609
0.005048536759530637
0.00490720617982368
0.004756530325135847
0.0045973362126616665
0.004430462335546909
0.004256754669182215
0.004077062771607839
0.0038922359921805152
0.0037031198017266486
0.003510552256455023
0.003315360606919727
0.0031183580623285363
0.002920340719474771
0.0027220846645497265
0.0025243432550627397
0.0023278445880693115
0.002133289159882276
0.0019413477214285002
0.0017526593324110585
0.0015678296164550317
0.0013874292184514216
0.001211992464378586
0.0013413177839888758
0.001465347261650148
0.0015836530780216729
0.001695847190973942
0.001801581689017507
0.0019005489584445665
0.0019924816695010184
0.0020771525875366748
0.0021543742156691155
0.0022239982760323164
0.002285915037169962
0.002340052495571335
0.0023863754197363135
0.002424884265493641
0.0024556139715844415
0.0024786326447609384
0.0024940401438390096
0.002501966572283134
0.002502570688994624
0.0024960382470200103
0.002482580269897301
0.0024624312753144394
0.0024358474556695074
0.0024031048249966744
0.002364497341557894
0.002320335015200253
0.002270942008343952
0.002216654739199475
0.0021578199955154297
0.0020947930668349683
0.0020279359028886855
0.0019576153053806624
0.0018842011600312192
0.0018080647153307088
0.0017295769140322585
0.001649106782973887
0.0015670198863707344
0.001483676847262043
0.0013994319413335992
0.001314631766871692
0.0012296139941356356
0.0011447061969710052
0.0010602247690207846
0.0009764739264349173
0.00089374479852587
0.0008123146073763251
0.0007324459369723536
0.0006543860920160574
0.0005783665461646306
0.0005046024790521747
0.0005577483252343266
0.0006085612301090959
0.0006568722347953308
0.000702529724403594
0.0007453994686156693
0.0007853645845810282
0.0008223254250017756
0.000856199394511914
0.0008869206976710901
0.0009144400220828839
0.000938724160316938
0.0009597555744592174
0.0009775319072389559
0.0009920654437817725
0.0010033825281180362
0.0010115229386336215
0.0010165392266872405
0.0010184960226352218
0.0010174693135013408
0.0010135456965072048
0.0010068216126381646
0.0009974025643616066
0.0009854023215399338
0.0009709421194902606
0.0009541498530377016
0.0009351592702905585
0.0009141091697340349
0.0008911426040962931
0.0008664060942866724
0.0008400488565430567
0.0008122220457534138
0.0007830780177379478
0.0007527696130927735
0.0007214494650059745
0.0006892693332620472
0.0006563794664534628
0.0006229279942180781
0.0005890603511207206
0.0005549187335958826
0.0005206415911689588
0.0004863631529744203
0.0004522129903940263
0.0004183156164450303
0.0003847901223604912
0.0003517498516197826
0.0003193021115092471
0.00028754792212134074
0.00025658180253465963
0.00022649159375970107
0.00019735831788408645
0.0002178720209611167
0.0002374239904477734
0.000255951898921266
0.0002734004889329205
0.00028972154561193004
0.0003048738391554834
0.0003188230385820511
0.0003315415982034335
0.0003430086183402957
0.000353209681865683
0.0003621366682111687
0.0003697875465112823
0.00037616614959358485
0.00038128193054472317
0.0003851497035966536
0.0003877893710830553
0.0003892256382131861
0.00038948771740011793
0.0003886090238621548
0.000386626864191167
0.0003835821195496082
0.00037951892511956545
0.0003744843473829839
0.00036852806076225213
0.0003617020250954452
0.0003540601653608073
0.000345658055001316
0.0003365526041324452
0.0003268017538454549
0.0003164641777446462
0.00030559899178098435
0.0002942654733661704
0.0002825227906717942
0.0002704297429371798
0.00025804451252831907
0.00024542442940826914
0.00023262574859800604
0.00021970344112529907
0.00020671099887900388
0.00019370025370685798
0.00018072121101728633
0.0001678218980697043
0.00015504822706409715
0.00014244387306906666
0.00013005016675872726
0.00011790600186260449
0.00010604775716968415
9.4509232867713e-05
8.332160094234752e-05
7.251336930741702e-05
7.995051098691998e-05
8.701648052451477e-05
9.368981936802944e-05
9.995176430145144e-05
0.00010578622094840544
0.00011117972643031973
0.00011612140177624747
0.0001206028947045037
0.00012461831341564262
0.00012816415205201304
0.00013123920849116997
0.0001338444951489521
0.0001359831434730973
0.00013766030281004866
0.0001388830343261143
0.00013966020065961726
0.0001400023519732117
0.00013992160906530212
0.0001394315441865978
0.0001385470601925321
0.00013728426864463678
0.0001356603674542078
0.00013369351863991993
0.00013140272674757127
0.0001288077184551255
0.00012592882385971992
0.00012278685991567526
0.0001194030164637696
0.00011579874526246466
0.00011199565240142454
0.00010801539444687131
0.0001038795786370469
9.960966741469588e-05
9.52268875519423e-05
9.075214409161078e-05
8.620593929783497e-05
8.160829677809076e-05
7.697869090844571e-05
7.233598166423695e-05
6.769835492939169e-05
6.308326832961148e-05
5.8507402607413676e-05
5.398661853097029e-05
4.953591930361745e-05
4.5169418417119184e-05
4.090031286911244e-05
3.674086164390795e-05
3.270236933581095e-05
2.879517477558405e-05
2.502864450343469e-05
2.7561168140064168e-05
2.9959531830182197e-05
3.221684756376074e-05
3.432718866531114e-05
3.6285574810839805e-05
3.808795341949127e-05
3.9731177656250655e-05
4.121298128782889e-05
4.2531950638154604e-05
4.3687493892960814e-05
4.467980800467738e-05
4.5509843449346107e-05
4.617926708659766e-05
4.6690423371908415e-05
4.704629416745999e-05
4.7250457393997484e-05
4.730704476120845e-05
4.7220698808369994e-05
4.699652948039008e-05
4.664007045700274e-05
4.615723544479304e-05
4.5554274633019205e-05
4.483773150491838e-05
4.4014400186413917e-05
4.3091283503924646e-05
4.207555191241513e-05
4.097450344393938e-05
3.97955248158311e-05
3.854605382639439e-05
3.7233543154563055e-05
3.586542566852105e-05
3.444908133683844e-05
3.2991805824251676e-05
3.1500780842940864e-05
2.998304631898685e-05
2.8445474422763857e-05
2.6894745501303207e-05
2.5337325940254162e-05
2.3779447972948132e-05
2.222709144433843e-05
2.068596752820203e-05
1.9161504387052305e-05
1.7658834755665652e-05
1.6182785421089463e-05
1.473786856437971e-05
1.3328274922244722e-05
1.1957868720147834e-05
1.0630184322366249e-05
9.34842453890822e-06
8.115460524173859e-06
8.925459675442206e-06
9.690030098430127e-06
1.0407113180180997e-05
1.1074971168488318e-05
1.1692180372835719e-05
1.2257623242151679e-05
1.2770479405385677e-05
1.3230215761931942e-05
1.3636575709498336e-05
1.3989567597151665e-05
1.4289452490996209e-05
1.4536731339254077e-05
1.4732131622473109e-05
1.4876593573170893e-05
1.497125604748969e-05
1.5017442129378761e-05
1.5016644545490255e-05
1.497051096637155e-05
1.4880829266698133e-05
1.4749512814239306e-05
1.4578585854002972e-05
1.4370169050595647e-05
1.4126465248276157e-05
1.384974550450858e-05
1.3542335449043715e-05
1.3206602016711567e-05
1.2844940598201709e-05
1.2459762649175605e-05
1.205348379410069e-05
1.1628512457259087e-05
1.1187239049459104e-05
1.0732025735107227e-05
1.0265196800474538e-05
9.789029640254368e-06
9.30574637584528e-06
8.81750611524688e-06
8.326397861010401e-06
7.83443406937665e-06
7.343544860550171e-06
6.8555728770279705e-06
6.372268784014103e-06
5.895287403232647e-06
5.42618446888673e-06
4.9664139921268605e-06
4.517326218170754e-06
4.080166158180468e-06
3.65607267613233e-06
3.2460781092384947e-06
2.8511083989626143e-06
2.4719837083501863e-06
2.7153146248393806e-06
2.9442306159800306e-06
3.158159849856244e-06
3.3566307322945725e-06
3.5392692318681804e-06
3.705795883060748e-06
3.856022496452435e-06
3.989848604828683e-06
4.107257674003411e-06
4.208313106918024e-06
4.293154069215877e-06
4.361991164016822e-06
4.41510198303128e-06
4.452826560468232e-06
4.475562755412427e-06
4.4837615874812145e-06
4.4779225496308535e-06
4.458588920971658e-06
4.426343101380237e-06
4.381801988571981e-06
4.325612417128196e-06
4.258446677764747e-06
4.180998133891627e-06
4.0939769512530156e-06
3.998105955162196e-06
3.894116628560422e-06
3.7827452628430234e-06
3.664729272111839e-06
3.5408036802420103e-06
3.4116977888920124e-06
3.2781320333506044e-06
3.1408150319020126e-06
3.0004408332120457e-06
2.857686365089906e-06
2.713209086874474e-06
2.5676448466262102e-06
2.4216059432871678e-06
2.2756793929969488e-06
2.1304253978303677e-06
1.9863760143509602e-06
1.844034018559372e-06
1.7038719630517744e-06
1.5663314215008405e-06
1.431822414919697e-06
1.3007230135830497e-06
1.1733791079414746e-06
1.05010434139173e-06
0.0
0.0
0.0
0.0
0.0
0.0
0.0
0.0
0.0
0.0
0.0
0.0
0.0
0.0
0.0
0.0
0.0
0.0
0.0
0.0
0.0
0.0
0.0
0.0
0.0
0.0
0.0
0.0
0.0
0.0
0.0
0.0
0.0
0.0
0.0
0.0
0.0
0.0
0.0
0.0
0.0
0.0
0.0
0.0
0.0
0.0
0.0
0.0
0.0
0.0
0.0
0.0
0.0
0.0
0.0
0.0
0.0
0.0
0.0
0.0
0.0
0.0
0.0
0.0
0.0
0.0
0.0
0.0
0.0
0.0
0.0
0.0
0.0
0.0
0.0
0.0
0.0
0.0
0.0
0.0
0.0
0.0
0.0
0.0
0.0
0.0
0.0
0.0
0.0
0.0
0.0
0.0
0.0
0.0
0.0
0.0
0.0
0.0
0.0
0.0
0.0
0.0
0.0
0.0
0.0
0.0
0.0
0.0
0.0
0.0
0.0
0.0
0.0
0.0
0.0
0.0
0.0
0.0
0.0
0.0
0.0
0.0
0.0
0.0
0.0
0.0
0.0
0.0
0.0
0.0
0.0
0.0
0.0
0.0
0.0
0.0
0.0
0.0
0.0
0.0
0.0
0.0
0.0
0.0
0.0
0.0
0.0
0.0
0.0
0.0
0.0
0.0
0.0
0.0
0.0
0.0
0.0
0.0
0.0
0.0
0.0
0.0
0.0
0.0
0.0
0.0
0.0
0.0
0.0
0.0
0.0
0.0
0.0
0.0
0.0
0.0
0.0
0.0
0.0
0.0
0.0
0.0
0.0
0.0
0.0
0.0
0.0
0.0
0.0
0.0
0.0
0.0
0.0
0.0
0.0
0.0
0.0
0.0
0.0
0.0
0.0
0.0
0.0
0.0
0.0
0.0
0.0
0.0
0.0
0.0
0.0
0.0
0.0
0.0
0.0
0.0
0.0
0.0
0.0
0.0
0.0
0.0
0.0
0.0
0.0
0.0
0.0
0.0
0.0
0.0
0.0
0.0
0.0
0.0
0.0
0.0
0.0
0.0
0.0
0.0
0.0
0.0
0.0
0.0
0.0
0.0
0.0
0.0
0.0
0.0
0.0
0.0
0.0
0.0
0.0
0.0
0.0
0.0
0.0
0.0
0.0
0.0
0.0
0.0
0.0
0.0
0.0
0.0
0.0
0.0
0.0
0.0
0.0
0.0
0.0
0.0
0.0
0.0
0.0
0.0
0.0
0.0
0.0
0.0
0.0
0.0
0.0
0.0
0.0
0.0
0.0
0.0
0.0
0.0
0.0
0.0
0.0
0.0
0.0
0.0
0.0
0.0
0.0
0.0
0.0
0.0
0.0
0.0
0.0
0.0
0.0
0.0
0.0
0.0
0.0
0.0
0.0
0.0
0.0
0.0
0.0
0.0
0.0
0.0
0.0
0.0
0.0
0.0
0.0
0.0
0.0
0.0
0.0
0.0
0.0
0.0
0.0
0.0
0.0
0.0
0.0
0.0
0.0
0.0
0.0
0.0
0.0
0.0
0.0
0.0
0.0
0.0
0.0
0.0
0.0
0.0
0.0
0.0
0.0
0.0
0.0
0.0
0.0
0.0
0.0
0.0
0.0
0.0
0.0
0.0
0.0
0.0
0.0
0.0
0.0
0.0
0.0
0.0
0.0
0.0
0.0
0.0
0.0
0.0
0.0
0.0
0.0
0.0
0.0
0.0
0.0
0.0
0.0
0.0
0.0
0.0
0.0
0.0
0.0
0.0
0.0
0.0
0.0
0.0
0.0
0.0
0.0
0.0
0.0
0.0
0.0
0.0
0.0
0.0
0.0
0.0
0.0
0.0
0.0
0.0
0.0
0.0
0.0
0.0
0.0
0.0
0.0
0.0
0.0
0.0
0.0
0.0
0.0
0.0
0.0
0.0
0.0
0.0
0.0
0.0
0.0
0.0
0.0
0.0
0.0
0.0
0.0
0.0
0.0
0.0
0.0
0.0
0.0
0.0
0.0
0.0
0.0
0.0
0.0
0.0
0.0
0.0
0.0
0.0
0.0
0.0
0.0
0.0
0.0
0.0
0.0
0.0
0.0
0.0
0.0
0.0
0.0
0.0
0.0
0.0
0.0
0.0
0.0
0.0
0.0
0.0
0.0
0.0
0.0
0.0
0.0
0.0
0.0
0.0
0.0
0.0
0.0
0.0
0.0
0.0
0.0
0.0
0.0
0.0
0.0
0.0
0.0
0.0
0.0
0.0
0.0
0.0
0.0
0.0
0.0
0.0
0.0
0.0
0.0
0.0
0.0
0.0
0.0
0.0
0.0
0.0
0.0
0.0
0.0
0.0
0.0
0.0
0.0
0.0
0.0
0.0
0.0
0.0
0.0
0.0
0.0
0.0
0.0
0.0
0.0
0.0
0.0
0.0
0.0
0.0
0.0
0.0
0.0
0.0
0.0
0.0
0.0
0.0
0.0
0.0
0.0
0.0
0.0
0.0
0.0
0.0
0.0
0.0
0.0
0.0
0.0
0.0
0.0
0.0
0.0
0.0
0.0
0.0
0.0
0.0
0.0
0.0
0.0
0.0
0.0
0.0
0.0
0.0
0.0
0.0
0.0
0.0
0.0
0.0
0.0
0.0
0.0
0.0
0.0
0.0
0.0
0.0
0.0
0.0
0.0
0.0
0.0
0.0
0.0
0.0
0.0
0.0
0.0
0.0
0.0
0.0
0.0
0.0
0.0
0.0
0.0
0.0
0.0
0.0
0.0
0.0
0.0
0.0
0.0
0.0
0.0
0.0
0.0
0.0
0.0
0.0
0.0
0.0
0.0
0.0
0.0
0.0
0.0
0.0
0.0
0.0
0.0
0.0
0.0
0.0
0.0
0.0
0.0
0.0
0.0
0.0
0.0
0.0
0.0
0.0
0.0
0.0
0.0
0.0
0.0
0.0
0.0
0.0
0.0
0.0
0.0
0.0
0.0
0.0
0.0
0.0
0.0
0.0
0.0
0.0
0.0
0.0
0.0
0.0
0.0
0.0
0.0
0.0
0.0
0.0
0.0
0.0
0.0
0.0
0.0
0.0
0.0
0.0
0.0
0.0
0.0
0.0
0.0
0.0
0.0
0.0
0.0
0.0
0.0
0.0
0.0
0.0
0.0
0.0
0.0
0.0
0.0
0.0
0.0
0.0
0.0
0.0
0.0
0.0
0.0
0.0
0.0
0.0
0.0
0.0
0.0
0.0
0.0
0.0
0.0
0.0
0.0
0.0
0.0
0.0
0.0
0.0
0.0
0.0
0.0
0.0
0.0
0.0
0.0
0.0
0.0
0.0
0.0
0.0
0.0
0.0
0.0
0.0
0.0
0.0
0.0
0.0
0.0
0.0
0.0
0.0
0.0
0.0
0.0
0.0
0.0
0.0
0.0
0.0
0.0
0.0
0.0
0.0
0.0
0.0
0.0
0.0
0.0
0.0
0.0
0.0
0.0
0.0
0.0
0.0
0.0
0.0
0.0
0.0
0.0
0.0
0.0
0.0
0.0
0.0
0.0
0.0
0.0
0.0
0.0
0.0
0.0
0.0
0.0
0.0
0.0
0.0
0.0
0.0
0.0
0.0
0.0
0.0
0.0
0.0
0.0
0.0
0.0
0.0
0.0
0.0
0.0
0.0
0.0
0.0
0.0
0.0
0.0
0.0
0.0
0.0
0.0
0.0
0.0
0.0
0.0
0.0
0.0
0.0
0.0
0.0
0.0
0.0
0.0
0.0
0.0
0.0
0.0
0.0
0.0
0.0
0.0
0.0
0.0
0.0
0.0
0.0
0.0
0.0
0.0
0.0
0.0
0.0
0.0
0.0
0.0
0.0
0.0
0.0
0.0
0.0
0.0
0.0
0.0
0.0
0.0
0.0
0.0
0.0
0.0
0.0
0.0
0.0
0.0
0.0
0.0
0.0
0.0
0.0
0.0
0.0
0.0
0.0
0.0
0.0
0.0
0.0
0.0
0.0
0.0
0.0
0.0
0.0
0.0
0.0
0.0
0.0
0.0
0.0
0.0
0.0
0.0
0.0
0.0
0.0
0.0
0.0
0.0
0.0
0.0
0.0
0.0
0.0
0.0
0.0
0.0
0.0
0.0
0.0
0.0
0.0
0.0
0.0
0.0
0.0
0.0
0.0
0.0
0.0
0.0
0.0
0.0
0.0
0.0
0.0
0.0
0.0
0.0
0.0
0.0
0.0
0.0
0.0
0.0
0.0
0.0
0.0
0.0
0.0
0.0
0.0
0.0
0.0
0.0
0.0
0.0
0.0
0.0
0.0
0.0
0.0
0.0
0.0
0.0
0.0
0.0
0.0
0.0
0.0
0.0
0.0
0.0
0.0
0.0
0.0
0.0
0.0
0.0
0.0
0.0
0.0
0.0
0.0
0.0
0.0
0.0
0.0
0.0
0.0
0.0
0.0
0.0
0.0
0.0
0.0
0.0
0.0
0.0
0.0
0.0
0.0
0.0
0.0
0.0
0.0
0.0
0.0
0.0
0.0
0.0
0.0
0.0
0.0
0.0
0.0
0.0
0.0
0.0
0.0
0.0
0.0
0.0
0.0
0.0
0.0
0.0
0.0
0.0
0.0
0.0
0.0
0.0
0.0
0.0
0.0
0.0
0.0
0.0
0.0
0.0
0.0
0.0
0.0
0.0
0.0
0.0
0.0
0.0
0.0
0.0
0.0
0.0
0.0
0.0
0.0
0.0
0.0
0.0
0.0
0.0
0.0
0.0
0.0
0.0
0.0
0.0
0.0
0.0
0.0
0.0
0.0
0.0
0.0
0.0
0.0
0.0
0.0
0.0
0.0
0.0
0.0
0.0
0.0
0.0
0.0
0.0
0.0
0.0
0.0
0.0
0.0
0.0
0.0
0.0
0.0
0.0
0.0
0.0
0.0
0.0
0.0
0.0
0.0
0.0
0.0
0.0
0.0
0.0
0.0
0.0
0.0
0.0
0.0
0.0
0.0
0.0
0.0
0.0
0.0
0.0
0.0
0.0
0.0
0.0
0.0
0.0
0.0
0.0
0.0
0.0
0.0
0.0
0.0
0.0
0.0
0.0
0.0
0.0
0.0
0.0
0.0
0.0
0.0
0.0
0.0
0.0
0.0
0.0
0.0
0.0
0.0
0.0
0.0
0.0
0.0
0.0
0.0
0.0
0.0
0.0
0.0
0.0
0.0
0.0
0.0
0.0
0.0
0.0
0.0
0.0
0.0
0.0
0.0
0.0
0.0
0.0
0.0
0.0
0.0
0.0
0.0
0.0
0.0
0.0
0.0
0.0
0.0
0.0
0.0
0.0
0.0
0.0
0.0
0.0
0.0
0.0
0.0
0.0
0.0
0.0
0.0
0.0
0.0
0.0
0.0
0.0
0.0
0.0
0.0
0.0
0.0
0.0
0.0
0.0
0.0
0.0
0.0
0.0
0.0
0.0
0.0
0.0
0.0
0.0
0.0
0.0
0.0
0.0
0.0
0.0
0.0
0.0
0.0
0.0
0.0
0.0
0.0
0.0
0.0
0.0
0.0
0.0
0.0
0.0
0.0
0.0
0.0
0.0
0.0
0.0
0.0
0.0
0.0
0.0
0.0
0.0
0.0
0.0
0.0
0.0
0.0
0.0
0.0
0.0
0.0
0.0
0.0
0.0
0.0
0.0
0.0
0.0
0.0
0.0
0.0
0.0
0.0
0.0
0.0
0.0
0.0
0.0
0.0
0.0
0.0
0.0
0.0
0.0
0.0
0.0
0.0
0.0
0.0
0.0
0.0
0.0
0.0
0.0
0.0
0.0
0.0
0.0
0.0
0.0
0.0
0.0
0.0
0.0
0.0
0.0
0.0
0.0
0.0
0.0
0.0
0.0
0.0
0.0
0.0
0.0
0.0
0.0
0.0
0.0
0.0
0.0
0.0
0.0
0.0
0.0
0.0
0.0
0.0
0.0
0.0
0.0
0.0
0.0
0.0
0.0
0.0
0.0
0.0
0.0
0.0
0.0
0.0
0.0
0.0
0.0
0.0
0.0
0.0
0.0
0.0
0.0
0.0
0.0
0.0
0.0
0.0
0.0
0.0
0.0
0.0
0.0
0.0
0.0
0.0
0.0
0.0
0.0
0.0
0.0
0.0
0.0
0.0
0.0
0.0
0.0
0.0
0.0
0.0
0.0
0.0
0.0
0.0
0.0
0.0
0.0
0.0
0.0
0.0
0.0
0.0
0.0
0.0
0.0
0.0
0.0
0.0
0.0
0.0
0.0
0.0
0.0
0.0
0.0
0.0
0.0
0.0
0.0
0.0
0.0
0.0
0.0
0.0
0.0
0.0
0.0
0.0
0.0
0.0
0.0
0.0
0.0
0.0
0.0
0.0
0.0
0.0
0.0
0.0
0.0
0.0
0.0
0.0
0.0
0.0
0.0
0.0
0.0
0.0
0.0
0.0
0.0
0.0
0.0
0.0
0.0
0.0
0.0
0.0
0.0
0.0
0.0
0.0
0.0
0.0
0.0
0.0
0.0
0.0
0.0
0.0
0.0
0.0
0.0
0.0
0.0
0.0
0.0
0.0
0.0
0.0
0.0
0.0
0.0
0.0
0.0
0.0
0.0
0.0
0.0
0.0
0.0
0.0
0.0
0.0
0.0
0.0
0.0
0.0
0.0
0.0
0.0
0.0
0.0
0.0
0.0
0.0
0.0
0.0
0.0
0.0
0.0
0.0
0.0
0.0
0.0
0.0
0.0
0.0
0.0
0.0
0.0
0.0
0.0
0.0
0.0
0.0
0.0
0.0
0.0
0.0
0.0
0.0
0.0
0.0
0.0
0.0
0.0
0.0
0.0
0.0
0.0
0.0
0.0
0.0
0.0
0.0
0.0
0.0
0.0
0.0
0.0
0.0
0.0
0.0
0.0
0.0
0.0
0.0
0.0
0.0
0.0
0.0
0.0
0.0
0.0
0.0
0.0
0.0
0.0
0.0
0.0
0.0
0.0
0.0
0.0
0.0
0.0
0.0
0.0
0.0
0.0
0.0
0.0
0.0
0.0
0.0
0.0
0.0
0.0
0.0
0.0
0.0
0.0
0.0
0.0
0.0
0.0
0.0
0.0
0.0
0.0
0.0
0.0
0.0
0.0
0.0
0.0
0.0
0.0
0.0
0.0
0.0
0.0
0.0
0.0
0.0
0.0
0.0
0.0
0.0
0.0
0.0
0.0
0.0
0.0
0.0
0.0
0.0
0.0
0.0
0.0
0.0
0.0
0.0
0.0
0.0
0.0
0.0
0.0
0.0
0.0
0.0
0.0
0.0
0.0
0.0
0.0
0.0
0.0
0.0
0.0
0.0
0.0
0.0
0.0
0.0
0.0
0.0
0.0
0.0
0.0
0.0
0.0
0.0
0.0
0.0
0.0
0.0
0.0
0.0
0.0
0.0
0.0
0.0
0.0
0.0
0.0
0.0
0.0
0.0
0.0
0.0
0.0
0.0
0.0
0.0
0.0
0.0
0.0
0.0
0.0
0.0
0.0
0.0
0.0
0.0
0.0
0.0
0.0
0.0
0.0
0.0
0.0
0.0
0.0
0.0
0.0
0.0
0.0
0.0
0.0
0.0
0.0
0.0
0.0
0.0
0.0
0.0
0.0
0.0
0.0
0.0
0.0
0.0
0.0
0.0
0.0
0.0
0.0
0.0
0.0
0.0
0.0
0.0
0.0
0.0
0.0
0.0
0.0
0.0
0.0
0.0
0.0
0.0
0.0
0.0
0.0
0.0
0.0
0.0
0.0
0.0
0.0
0.0
0.0
0.0
0.0
0.0
0.0
0.0
0.0
0.0
0.0
0.0
0.0
0.0
0.0
0.0
0.0
0.0
0.0
0.0
0.0
0.0
0.0
0.0
0.0
0.0
0.0
0.0
0.0
0.0
0.0
0.0
0.0
0.0
0.0
0.0
0.0
0.0
0.0
0.0
0.0
0.0
0.0
0.0
0.0
0.0
0.0
0.0
0.0
0.0
0.0
0.0
0.0
0.0
0.0
0.0
0.0
0.0
0.0
0.0
0.0
0.0
0.0
0.0
0.0
0.0
0.0
0.0
0.0
0.0
0.0
0.0
0.0
0.0
0.0
0.0
0.0
0.0
0.0
0.0
0.0
0.0
0.0
0.0
0.0
0.0
0.0
0.0
0.0
0.0
0.0
0.0
0.0
0.0
0.0
0.0
0.0
0.0
0.0
0.0
0.0
0.0
0.0
0.0
0.0
0.0
0.0
0.0
0.0
0.0
0.0
0.0
0.0
0.0
0.0
0.0
0.0
0.0
0.0
0.0
0.0
0.0
0.0
0.0
0.0
0.0
0.0
0.0
0.0
0.0
0.0
0.0
0.0
0.0
0.0
0.0
0.0
0.0
0.0
0.0
0.0
0.0
0.0
0.0
0.0
0.0
0.0
0.0
0.0
0.0
0.0
0.0
0.0
0.0
0.0
0.0
0.0
0.0
0.0
0.0
0.0
0.0
0.0
0.0
0.0
0.0
0.0
0.0
0.0
0.0
0.0
0.0
0.0
0.0
0.0
0.0
0.0
0.0
0.0
0.0
0.0
0.0
0.0
0.0
0.0
0.0
0.0
0.0
0.0
0.0
0.0
0.0
0.0
0.0
0.0
0.0
0.0
0.0
0.0
0.0
0.0
0.0
0.0
0.0
0.0
0.0
0.0
0.0
0.0
0.0
0.0
0.0
0.0
0.0
0.0
0.0
0.0
0.0
0.0
0.0
0.0
0.0
0.0
0.0
0.0
0.0
0.0
0.0
0.0
0.0
0.0
0.0
0.0
0.0
0.0
0.0
0.0
0.0