0.0
0.0
0.0
0.0
0.0
0.0
0.0
0.0
0.0
0.0
0.0
0.0
0.0
0.0
0.0
0.0
0.0
0.0
0.0
0.0
0.0
0.0
0.0
0.0
0.0
0.0
0.0
0.0
0.0
0.0
0.0
0.0
0.0
0.0
0.0
0.0
0.0
0.0
0.0
0.0
0.0
0.0
0.0
0.0
0.0
0.0
0.0
0.0
0.0
0.0
0.0
0.0
0.0
0.0
0.0
0.0
0.0
0.0
0.0
0.0
0.0
0.0
0.0
0.0
0.0
0.0
0.0
0.0
0.0
0.0
0.0
0.0
0.0
0.0
0.0
0.0
0.0
0.0
0.0
0.0
0.0
0.0
0.0
0.0
0.0
0.0
0.0
0.0
0.0
0.0
0.0
0.0
0.0
0.0
0.0
0.0
0.0
0.0
0.0
0.0
0.0
0.0
0.0
0.0
0.0
0.0
0.0
0.0
0.0
0.0
0.0
0.0
0.0
0.0
0.0
0.0
0.0
0.0
0.0
0.0
0.0
0.0
0.0
0.0
0.0
0.0
0.0
0.0
0.0
0.0
0.0
0.0
0.0
0.0
0.0
0.0
0.0
0.0
0.0
0.0
0.0
0.0
0.0
0.0
0.0
0.0
0.0
0.0
0.0
0.0
0.0
0.0
0.0
0.0
0.0
0.0
0.0
0.0
0.0
0.0
0.0
0.0
0.0
0.0
0.0
0.0
0.0
0.0
0.0
0.0
0.0
0.0
0.0
0.0
0.0
0.0
0.0
0.0
0.0
0.0
0.0
0.0
0.0
0.0
0.0
0.0
0.0
0.0
0.0
0.0
0.0
0.0
0.0
0.0
0.0
0.0
0.0
0.0
0.0
0.0
0.0
0.0
0.0
0.0
0.0
0.0
0.0
0.0
0.0
0.0
0.0
0.0
0.0
0.0
0.0
0.0
0.0
0.0
0.0
0.0
0.0
0.0
0.0
0.0
0.0
0.0
0.0
0.0
0.0
0.0
0.0
0.0
0.0
0.0
0.0
0.0
0.0
0.0
0.0
0.0
0.0
0.0
0.0
0.0
0.0
0.0
0.0
0.0
0.0
0.0
0.0
0.0
0.0
0.0
0.0
0.0
0.0
0.0
0.0
0.0
0.0
0.0
0.0
0.0
0.0
0.0
0.0
0.0
0.0
0.0
0.0
0.0
0.0
0.0
0.0
0.0
0.0
0.0
0.0
0.0
0.0
0.0
0.0
0.0
0.0
0.0
0.0
0.0
0.0
0.0
0.0
0.0
0.0
0.0
0.0
0.0
0.0
0.0
0.0
0.0
0.0
0.0
0.0
0.0
0.0
0.0
0.0
0.0
0.0
0.0
0.0
0.0
0.0
0.0
0.0
0.0
0.0
0.0
0.0
0.0
0.0
0.0
0.0
0.0
0.0
0.0
0.0
0.0
0.0
0.0
0.0
0.0
0.0
0.0
0.0
0.0
0.0
0.0
0.0
0.0
0.0
0.0
0.0
0.0
0.0
0.0
0.0
0.0
0.0
0.0
0.0
0.0
0.0
0.0
0.0
0.0
0.0
0.0
0.0
0.0
0.0
0.0
0.0
0.0
0.0
0.0
0.0
0.0
0.0
0.0
0.0
0.0
0.0
0.0
0.0
0.0
0.0
0.0
0.0
0.0
0.0
0.0
0.0
0.0
0.0
0.0
0.0
0.0
0.0
0.0
0.0
0.0
0.0
0.0
0.0
0.0
0.0
0.0
0.0
0.0
0.0
0.0
0.0
0.0
0.0
0.0
0.0
0.0
0.0
0.0
0.0
0.0
0.0
0.0
0.0
0.0
0.0
0.0
0.0
0.0
0.0
0.0
0.0
0.0
0.0
0.0
0.0
0.0
0.0
0.0
0.0
0.0
0.0
0.0
0.0
0.0
0.0
0.0
0.0
0.0
0.0
0.0
0.0
0.0
0.0
0.0
0.0
0.0
0.0
0.0
0.0
0.0
0.0
0.0
0.0
0.0
0.0
0.0
0.0
0.0
0.0
0.0
0.0
0.0
0.0
0.0
0.0
0.0
0.0
0.0
0.0
0.0
0.0
0.0
0.0
0.0
0.0
0.0
0.0
0.0
0.0
0.0
0.0
0.0
0.0
0.0
0.0
0.0
0.0
0.0
0.0
0.0
0.0
0.0
0.0
0.0
0.0
0.0
0.0
0.0
0.0
0.0
0.0
0.0
0.0
0.0
0.0
0.0
0.0
0.0
0.0
0.0
0.0
0.0
0.0
0.0
0.0
0.0
0.0
0.0
0.0
0.0
0.0
0.0
0.0
0.0
0.0
0.0
0.0
0.0
0.0
0.0
0.0
0.0
0.0
0.0
0.0
0.0
0.0
0.0
0.0
0.0
0.0
0.0
0.0
0.0
0.0
0.0
0.0
0.0
0.0
0.0
0.0
0.0
0.0
0.0
0.0
0.0
0.0
0.0
0.0
0.0
0.0
0.0
0.0
0.0
0.0
0.0
0.0
0.0
0.0
0.0
0.0
0.0
0.0
0.0
0.0
0.0
0.0
0.0
0.0
0.0
0.0
0.0
0.0
0.0
0.0
0.0
0.0
0.0
0.0
0.0
0.0
0.0
0.0
0.0
0.0
0.0
0.0
0.0
0.0
0.0
0.0
0.0
0.0
0.0
0.0
0.0
0.0
0.0
0.0
0.0
0.0
0.0
0.0
0.0
0.0
0.0
0.0
0.0
0.0
0.0
0.0
0.0
0.0
0.0
0.0
0.0
0.0
0.0
0.0
0.0
0.0
0.0
0.0
0.0
0.0
0.0
0.0
0.0
0.0
0.0
0.0
0.0
0.0
0.0
0.0
0.0
0.0
0.0
0.0
0.0
0.0
0.0
0.0
0.0
0.0
0.0
0.0
0.0
0.0
0.0
0.0
0.0
0.0
0.0
0.0
0.0
0.0
0.0
0.0
0.0
0.0
0.0
0.0
0.0
0.0
0.0
0.0
0.0
0.0
0.0
0.0
0.0
0.0
0.0
0.0
0.0
0.0
0.0
0.0
0.0
0.0
0.0
0.0
0.0
0.0
0.0
0.0
0.0
0.0
0.0
0.0
0.0
0.0
0.0
0.0
0.0
0.0
0.0
0.0
0.0
0.0
0.0
0.0
0.0
0.0
0.0
0.0
0.0
0.0
0.0
0.0
0.0
0.0
0.0
0.0
0.0
0.0
0.0
0.0
0.0
0.0
0.0
0.0
0.0
0.0
0.0
0.0
0.0
0.0
0.0
0.0
0.0
0.0
0.0
0.0
0.0
0.0
0.0
0.0
0.0
0.0
0.0
0.0
0.0
0.0
0.0
0.0
0.0
0.0
0.0
0.0
0.0
0.0
0.0
0.0
0.0
0.0
0.0
0.0
0.0
0.0
0.0
0.0
0.0
0.0
0.0
0.0
0.0
0.0
0.0
0.0
0.0
0.0
0.0
0.0
0.0
0.0
0.0
0.0
0.0
0.0
0.0
0.0
0.0
0.0
0.0
0.0
0.0
0.0
0.0
0.0
0.0
0.0
0.0
0.0
0.0
0.0
0.0
0.0
0.0
0.0
0.0
0.0
0.0
0.0
0.0
0.0
0.0
0.0
0.0
0.0
0.0
0.0
0.0
0.0
0.0
0.0
0.0
0.0
0.0
0.0
0.0
0.0
0.0
0.0
0.0
0.0
0.0
0.0
0.0
0.0
0.0
0.0
0.0
0.0
0.0
0.0
0.0
0.0
0.0
0.0
0.0
0.0
0.0
0.0
0.0
0.0
0.0
0.0
0.0
0.0
0.0
0.0
0.0
0.0
0.0
0.0
0.0
0.0
0.0
0.0
0.0
0.0
0.0
0.0
0.0
0.0
0.0
0.0
0.0
0.0
0.0
0.0
0.0
0.0
0.0
0.0
0.0
0.0
0.0
0.0
0.0
0.0
0.0
0.0
0.0
0.0
0.0
0.0
0.0
0.0
0.0
0.0
0.0
0.0
0.0
0.0
0.0
0.0
0.0
0.0
0.0
0.0
0.0
0.0
0.0
0.0
0.0
0.0
0.0
0.0
0.0
0.0
0.0
0.0
0.0
0.0
0.0
0.0
0.0
0.0
0.0
0.0
0.0
0.0
0.0
0.0
0.0
0.0
0.0
0.0
0.0
0.0
0.0
0.0
0.0
0.0
0.0
0.0
0.0
0.0
0.0
0.0
0.0
0.0
0.0
0.0
0.0
0.0
0.0
0.0
0.0
0.0
0.0
0.0
0.0
0.0
0.0
0.0
0.0
0.0
0.0
0.0
0.0
0.0
0.0
0.0
0.0
0.0
0.0
0.0
0.0
0.0
0.0
0.0
0.0
0.0
0.0
0.0
0.0
0.0
0.0
0.0
0.0
0.0
0.0
0.0
0.0
6.09174969460634e-07
7.034469141737917e-07
8.018584656531694e-07
9.042212857024719e-07
1.0103199038308033e-06
1.1199114041021555e-06
1.232725231017905e-06
1.348463121475068e-06
1.4667991695754567e-06
1.5873800307447842e-06
1.709825271257653e-06
1.8337278688515095e-06
1.958654869651454e-06
2.0841482061166917e-06
2.2097256801600534e-06
2.334882114982532e-06
2.4590906785090187e-06
2.581804380606308e-06
2.7024577455153724e-06
2.8204686601344383e-06
2.935240397952658e-06
3.0461638175554123e-06
3.1526197337065754e-06
3.2539814580602422e-06
3.349617505570649e-06
3.438894461654335e-06
3.5211800041198274e-06
3.5958460728184665e-06
3.6622721788917607e-06
3.7198488443990818e-06
3.7679811620101223e-06
3.8060924633442797e-06
3.83362808343904e-06
3.85005920773802e-06
3.8548867869110376e-06
3.847645503761277e-06
3.827907775442785e-06
3.795287773213018e-06
3.7494454409856183e-06
3.690090493035529e-06
3.6169863703476847e-06
3.529954134300112e-06
3.428876275637999e-06
3.313700416034692e-06
3.1844428789553454e-06
3.0411921060458666e-06
2.884111894870667e-06
2.7134444335236814e-06
2.529513107445087e-06
2.332725053696719e-06
2.123573437988238e-06
2.4491404717095624e-06
2.7882853487551018e-06
3.1403015694172085e-06
3.5043919236248015e-06
3.8796679834498676e-06
4.265150013414428e-06
4.659767319305162e-06
5.0623590550524206e-06
5.47167550592824e-06
5.886379864863499e-06
6.305050517077434e-06
6.726183846454651e-06
7.14819757519561e-06
7.569434646211545e-06
7.988167655532742e-06
8.402603839659794e-06
8.81089062030904e-06
9.211121706400419e-06
9.601343750404135e-06
9.979563553322622e-06
1.0343755809632043e-05
1.0691871380463887e-05
1.1021846080172904e-05
1.1331609958234295e-05
1.1619097055140763e-05
1.1882255607657044e-05
1.2119058675434215e-05
1.2327515157616695e-05
1.2505681164699166e-05
1.2651671707527765e-05
1.2763672662007514e-05
1.2839952964793484e-05
1.28788769920241e-05
1.2878917070022114e-05
1.2838666063860714e-05
1.2756849986787092e-05
1.2632340570738342e-05
1.2464167735588246e-05
1.2251531892356484e-05
1.1993816013407797e-05
1.1690597400691715e-05
1.134165908134403e-05
1.0947000758506017e-05
1.050684924403933e-05
1.0021668298940953e-05
9.492167806710686e-06
8.919312204714007e-06
8.304328098728203e-06
7.648710986379485e-06
6.9542310160834346e-06
8.01037146473935e-06
9.10821575620523e-06
1.0245297671091616e-05
1.1418867339960212e-05
1.2625891401116216e-05
1.3863054521932546e-05
1.5126762339017952e-05
1.6413145868198346e-05
1.7718067430492483e-05
1.9037128135033455e-05
2.0365676954221353e-05
2.1698821420298518e-05
2.3031439966027562e-05
2.4358195925237466e-05
2.5673553201699994e-05
2.697179360712536e-05
2.8247035861045764e-05
2.9493256237008845e-05
3.070431083085931e-05
3.187395941797408e-05
3.299589085716536e-05
3.406374998961235e-05
3.5071165971663276e-05
3.601178197070223e-05
3.6879286143542736e-05
3.766744380703754e-05
3.837013070082409e-05
3.898136723241079e-05
3.9495353585193867e-05
3.9906505560534206e-05
4.020949101577674e-05
4.03992667510952e-05
4.0471115689380926e-05
4.042068418508667e-05
4.024401929007031e-05
3.993760579709965e-05
3.949840287484228e-05
3.892388010192803e-05
3.821205270209685e-05
3.7361515777582126e-05
3.637147733378753e-05
3.524178988504705e-05
3.3972980428863644e-05
3.2566278574551555e-05
3.1023642611710356e-05
2.9347783304475904e-05
2.7542185199068946e-05
2.5611125234832408e-05
2.3559688452750553e-05
2.139378060040065e-05
2.4612073989942273e-05
2.7950269354545953e-05
3.1400343631233085e-05
3.495344443941288e-05
3.859989586610878e-05
4.232920839092946e-05
4.613009308312821e-05
4.9990480188365376e-05
5.389754220686049e-05
5.783772154752238e-05
6.179676282440677e-05
6.575974984252308e-05
6.971114729961976e-05
7.36348472092108e-05
7.751422002777987e-05
8.133217044593444e-05
8.507119777930664e-05
8.871346087033406e-05
9.224084738675812e-05
9.563504737688243e-05
9.887763091540119e-05
0.00010195012964708663
0.00010483412200891033
0.00010751132188437684
0.0001099636704171314
0.00011217343068436373
0.00011412328490431716
0.00011579643382646588
0.00011717669792781385
0.00011824862001435755
0.00011899756880333763
0.00011940984303944771
0.00011947277567702861
0.00011917483764039254
0.00011850574065615673
0.00011745653863477454
0.00011601972706366607
0.00011418933986143858
0.00011196104313196352
0.0001093322252485307
0.00010630208269217974
0.00010287170106465336
9.904413069542883e-05
9.482445626397426e-05
9.021985986297929e-05
8.523967693576892e-05
7.989544453164922e-05
7.420094133651746e-05
6.81722189528293e-05
6.182762392295245e-05
7.103957635028599e-05
8.057406604989855e-05
9.040674130033754e-05
0.00010051098421203161
0.00011085794187064388
0.00012141656917536205
0.0001321536836481536
0.0001430340324445603
0.00015402037174829105
0.0001650735586806827
0.00017615265580227696
0.0001872150482273901
0.00019821657331380924
0.0002091116628288789
0.00021985349743035886
0.00023039417323584977
0.0002406848801884806
0.000250676091859213
0.0002603177662578222
0.00026955955715562464
0.0002783510353536801
0.0002866419192607827
0.00029438231407643455
0.000301522958805479
0.00030801548026353567
0.0003138126531661798
0.0003188686653303003
0.00032313938695365896
0.00032658264287870514
0.0003291584866895815
0.00033082947543737603
0.0003315609437383772
0.0003313212759438162
0.0003300821750376537
0.0003278189268817835
0.00032451065839595453
0.0003201405882330659
0.00031469626848966995
0.0003081698159767628
0.0003005581315676508
0.0002918631061380606
0.00028209181161902296
0.0002712566756956476
0.0002593756387048842
0.00024647229131300857
0.00023257599158894802
0.00021772196013287683
0.00020195135197079977
0.00018531130398520706
0.00016785495671932003
0.0001926234284730769
0.00021820322134744334
0.0002445253138107768
0.00027151489973014747
0.00029909150958736566
0.0003271691624377193
0.00035565654908184904
0.0003844572467930204
0.00041346996580747075
0.0004425888276448691
0.00047170367517966843
0.0005007004142327366
0.0005294613862966943
0.0005578657718483635
0.0005857900235383334
0.0006131083283814286
0.000639693097903633
0.0006654154850313908
0.000690145926338973
0.0007137547080995796
0.0007361125544168038
0.0007570912355458991
0.0007765641943497858
0.0007944071886738497
0.0008104989472671316
0.0008247218367264796
0.0008369625367954951
0.0008471127212125582
0.0008550697411728601
0.0008607373083489851
0.0008640261743042152
0.0008648548030331383
0.0008631500332762755
0.0008588477271801177
0.0008518934018119382
0.0008422428399909525
0.0008298626768643421
0.0008147309586392593
0.0007968376698807006
0.0007761852258006962
0.0007527889259971077
0.000726677366151112
0.0006978928042611572
0.0006664914780787301
0.0006325438705172597
0.0005961349199307143
0.0005573641723023918
0.000516345872547691
0.00047320899231651886
0.00042809719188188343
0.0004906529892824476
0.0005551158532566227
0.0006213029694821888
0.0006890177393293205
0.0007580501759967526
0.0008281773758289086
0.0008991640653337649
0.0009707632240892453
0.001042716783381227
0.0011147564000602165
0.0011866043047375507
0.0012579742230671709
0.00132857236847664
0.0013980985043233782
0.0014662470730598034
0.0015327083895968665
0.0015971698956601583
0.001659317471539156
0.0017188368012390814
0.0017754147866595649
0.0018287410060451202
0.0018785092115833433
0.0019244188606677454
0.0019661766749972795
0.0020034982213540916
0.0020361095075887357
0.0020637485870482826
0.0020861671644113343
0.002103132195644931
0.0021144274745758347
0.0021198551983723493
0.0021192375040668
0.0021124179681126115
0.002099263060867347
0.0020796635478238265
0.0020535358293786807
0.0020208232109311455
0.001981497095147526
0.0019355580883077656
0.001883037012772851
0.001823995817774159
0.0017585283809308915
0.0016867611931479052
0.0016088539198357993
0.0015249998317260623
0.0014354260989282936
0.0013403939422917117
0.0012401986365906776
0.0011351693605511637
0.0010256688892727548
0.0011740764706757115
0.0013266693557676195
0.0014829948011838986
0.0016425694247028143
0.0018048803467814523
0.001969386503048691
0.0021355201274596072
0.0023026884050233168
0.0024702752922030665
0.0026376435022564455
0.0028041366519378727
0.002969081565129236
0.0031317907281005284
0.003291564890234939
0.003447695803185757
0.0035994690905697705
0.003746167239447802
0.0038870727040017524
0.004021471110993559
0.004148654555788899
0.004267924976952168
0.004378597596673189
0.004480004413575039
0.00457149773378072
0.004652453725488302
0.004722275981724314
0.004780399075417284
0.004826292090462138
0.004859462112035085
0.004879457659071821
0.004885872041542846
0.004878346624951876
0.004856573984350052
0.004820300930102575
0.0047693313876686835
0.0047035291137621765
0.004622820231451268
0.004527195567033512
0.004416712771887052
0.004291498212952934
0.004151748616046814
0.0039977324468307264
0.0038297910149982903
0.003648339288037452
0.0034538664018338152
0.003246935856363063
0.003028185385790347
0.002798326493446348
0.0025581436433806232
0.0023084931014996685
0.0026392158754008567
0.002978505181105554
0.003325312177072671
0.0036785245643567548
0.004036969552435096
0.004399417186232348
0.00476458403043183
0.005131137205420038
0.005497698767441618
0.005862850423753293
0.006225138571764711
0.006583079649350377
0.006935165781716711
0.007279870708422158
0.007615655972383196
0.007940977350964443
0.008254291507556352
0.008554062840396962
0.008838770503805342
0.00910691557547116
0.009357028341998593
0.009587675673538564
0.009797468457075548
0.0099850690567656
0.010149198768666516
0.01028864523626024
0.010402269792355884
0.010489014692280776
0.010547910202729584
0.010578081510247788
0.010578755413089145
0.010549266760104991
0.010489064600408996
0.010397718007810896
0.010274921544438757
0.010120500328565185
0.009934414672431115
0.00971676425681197
0.009467791810207094
0.009187886261842927
0.008877585339173485
0.0085375775822264
0.008168703748985602
0.007771957588010636
0.007348485956671333
0.006899588265711419
0.006426715233348476
0.005931466934753712
0.005415590135534393
0.004880974900748105
0.005573269447459545
0.006281894189837178
0.007004575354031848
0.007738916867322569
0.008482407388906122
0.009232428048932397
0.009986260881174772
0.01074109793118892
0.011494051018266546
0.012242162125940011
0.012982414392263738
0.013711743667597413
0.014427050604169758
0.015125213238318773
0.01580310002300998
0.016457583265038538
0.017085552918249463
0.017683930681170596
0.01824968434467335
0.018779842332661716
0.01927150837637014
0.019721876260627977
0.020128244578451956
0.020488031428560267
0.02079878898888936
0.021058217897938575
0.02126418137479438
0.021414719007992366
0.02150806014298795
0.021542636797919613
0.0215170960375853
0.021430311736106933
0.021281395659647432
0.021069707801764967
0.02079486590554957
0.020456754108586172
0.02005553064902721
0.0195916345736355
0.01906579139157133
0.01847901762094113
0.017832624178695328
0.017128218568347328
0.01636770582417973
0.015553288175093188
0.014687463396026005
0.01377302181991416
0.012813041988456788
0.011810884925479626
0.01077018702243748
0.009694851531534428
0.011056094961729978
0.0124462771934249
0.013860783996167253
0.015294782209681279
0.016743235060668785
0.0182009187663551
0.0196624403842717
0.02112225686116342
0.022574695227355272
0.02401397387643327
0.025434224863723126
0.0268295171508215
0.028193880717371736
0.029521331455427045
0.03080589675611721
0.03204164169298974
0.03322269570133483
0.03434327964808355
0.03539773318249481
0.03638054225387027
0.03728636667896547
0.03811006763864027
0.03884673498063303
0.03949171420316815
0.04004063299245019
0.04048942718596574
0.04083436603293699
0.04107207662325419
0.041199567356779855
0.041214250326071226
0.041113962487322145
0.04089698549668323
0.04056206409209182
0.04010842290431742
0.03953578158512388
0.03884436814523625
0.0380349304001944
0.03710874542815356
0.03606762695023722
0.03491393055116445
0.03365055666551045
0.03228095126313263
0.030809104175937595
0.029239545017293964
0.027577336654936127
0.025828066208162234
0.023997833550445317
0.022093237309208806
0.020121358365457805
0.018089740867110467
0.020603930450141167
0.02316567269167162
0.02576620005245058
0.028396381872249087
0.031046755175551905
0.03370755763820116
0.03636876262019045
0.03902011615844746
0.04165117580233104
0.04425135116369643
0.04680994604286875
0.04931620198170405
0.051759343085220774
0.054128621944058604
0.05641336648134679
0.05860302753949195
0.06068722701494914
0.06265580634231045
0.06449887512303071
0.06620685968889971
0.0677705513859631
0.06918115436106687
0.07043033263055393
0.07151025620893225
0.0724136460745793
0.07313381774976851
0.07366472327353404
0.0740009913481276
0.07413796544309646
0.07407173964531857
0.07379919204868021
0.07331801548346421
0.0726267453929406
0.07172478467308134
0.07061242530077261
0.06929086658631091
0.06776222989736522
0.06602956971388187
0.06409688088661415
0.06196910198600916
0.05965211464302239
0.05715273879905598
0.05447872379850011
0.05163873527432535
0.04864233779467526
0.0454999732564665
0.04222293503045838
0.03882333788110863
0.035314083703664005
0.03170882314025866
0.03607073443707534
0.040504843420296005
0.04499554826994008
0.04952669108981779
0.054081615284540224
0.05864322627965112
0.06319405538906235
0.06771632661609119
0.07219202615711542
0.07660297436021879
0.08093089987537208
0.08515751571766537
0.08926459695106928
0.09323405968713114
0.0970480410810859
0.10068897999707306
0.1041396980046228
0.10738348036036909
0.11040415662208948
0.11318618053678323
0.11571470884056125
0.11797567860574909
0.11995588276978003
0.12164304348125402
0.1230258829009715
0.12409419109983302
0.1248388907012607
0.12525209792322897
0.12532717968410567
0.12505880644728748
0.12444300049203977
0.12347717931201334
0.12216019385856716
0.12049236136322522
0.11847549249232887
0.11611291260709698
0.11340947692388637
0.11037157939230025
0.10700715513293658
0.10332567630182131
0.09933814127492754
0.0950570570734894
0.09049641497897151
0.08567165931550752
0.0805996494071422
0.07529861474732547
0.06978810344853036
0.06408892407063364
0.058223080957515265
0.05221370324220261
0.05932209633920183
0.06653123639389176
0.07381511770224333
0.08114695240618111
0.0884992696746331
0.09584401962436802
0.1031526816163255
0.11039637653745366
0.11754598265357237
0.12457225459571189
0.13144594502085424
0.13813792846806958
0.14461932691295254
0.1508616365069707
0.15683685497410751
0.1625176091249745
0.16787728193856327
0.172890138654068
0.1775314513097641
0.18177762116292553
0.1856062984241611
0.18899649874149158
0.19192871587391055
0.19438503000119112
0.1963492111262472
0.19780681703849406
0.19874528532133304
0.19915401890410064
0.19902446467853396
0.1983501847219761
0.19712691969409554
0.19535264400079363
0.19302761234808954
0.19015439734006076
0.186737917808252
0.18278545759520606
0.17830667455186874
0.17331359954732387
0.16782062532962178
0.16184448511805696
0.1554042208501453
0.1485211410503892
0.14121876833268907
0.13352277659367606
0.12546091800010067
0.1170629399196482
0.10836049199074844
0.09938702357315712
0.09017767186682717
0.08076914103193364
0.09165044742361984
0.10265989738671559
0.11375688205030224
0.12489979029997411
0.1360461681358573
0.1471528841383882
0.1581763004247006
0.1690724484449647
0.17979720893682136
0.1903064953273908
0.2005564398463977
0.21050358159076538
0.2201050557609564
0.22931878327225957
0.2381036599305133
0.24641974435129155
0.2542284437946694
0.2614926970842386
0.26817715377923307
0.2742483487724912
0.27967487149448944
0.2844275289149716
0.28847950154864727
0.2918064916901457
0.2943868631257562
0.29620177159550715
0.2972352853086975
0.29747449484906985
0.29690961184226966
0.29553405579799097
0.29334452858209636
0.2903410760199221
0.28652713618071496
0.28190957394459887
0.27649870150734907
0.2703082845344542
0.26335553373419346
0.2556610816794968
0.24724894477006906
0.23814647028919422
0.22838426857377792
0.21799613038099522
0.20701892960039478
0.19549251152590166
0.18345956696781884
0.17096549255021767
0.1580582376037137
0.14478813812744437
0.1312077383564916
0.11737160053210316
0.13301765398553347
0.1488101835043825
0.1646897758003946
0.18059586380238624
0.19646696491907242
0.21224092635469466
0.2278551765189994
0.24324698153422997
0.25835370580655964
0.27311307559842385
0.2874634445113441
0.301344059766468
0.3146953281523106
0.3274590804960395
0.3395788335065151
0.35100004783392635
0.3616703811926828
0.371539935400953
0.3805614962022137
0.3886907647511627
0.3958865796684877
0.4021111285962023
0.40733014821744096
0.4115131117417766
0.41463340289906936
0.41666847553153546
0.4175999979249368
0.4174139810753865
0.4161008901480431
0.4136557384477269
0.41007816328895846
0.40537248322391417
0.39954773616094125
0.392617697983409
0.3846008813583422
0.3755205145063314
0.365404499788129
0.3542853520489321
0.3422001167481771
0.3291902679903119
0.3153015866602861
0.3005840189557145
0.28509151569581564
0.2688818528744907
0.2520164340113464
0.23456007493922965
0.216580771749941
0.19814945270059975
0.17933971496125609
0.16022754715967757
0.18135961006682164
0.2026380854447005
0.22398152203606042
0.24530730684087027
0.26653199687396145
0.28757165802245677
0.308342209633108
0.3287597734204461
0.34874102525288325
0.36820354834635366
0.3870661863733934
0.4052493949803884
0.4226755901967967
0.43926949221780376
0.4549584630461989
0.469672836490065
0.48334623903055257
0.4959159000981403
0.5073229503267238
0.51751270639219
0.526434941086042
0.534044137324766
0.5402997248519648
0.5451662984525946
0.5486138165666786
0.5506177792634535
0.5511593846157115
0.5502256625978615
0.547809585719621
0.5439101556999065
0.5385324655820716
0.5316877367917535
0.5233933307417803
0.5136727346945333
0.5025555217002915
0.4900772845400621
0.47627954371264863
0.4612096296178974
0.4449205392004912
0.4274707674310638
0.4089241141131813
0.38934946661526115
0.36882055923564405
0.34741571001577437
0.32521753592088903
0.3023126474086897
0.2787913235042121
0.2547471685927519
0.23027675223178906
0.20547923336729232
0.2322889001279453
0.25921855759803186
0.28616356631733925
0.3130183259498549
0.3396767057181012
0.36603248067464594
0.39197977200431133
0.4174134895184921
0.44222977447834044
0.46632644086717023
0.4896034132237012
0.5119631591475319
0.5333111145958549
0.553556100106611
0.5726107261074447
0.5903917855022955
0.6068206317680837
0.6218235408424003
0.6353320551396323
0.647283308096893
0.6576203277227209
0.6662923177000785
0.6732549146807971
0.6784704205006657
0.681908008142677
0.6835439003800667
0.6833615201402832
0.6813516117455009
0.6775123323042653
0.671849312651803
0.664375687363012
0.6551120934915359
0.6440866378201656
0.6313348325415068
0.616899499422753
0.6008306426441279
0.5831852906362154
0.5640273073767617
0.5434271737415887
0.5214617396368147
0.49821394776978767
0.47377253004338193
0.4482316776823633
0.4216906863202386
0.39425357739052713
0.36602869727644355
0.33712829577779957
0.30766808555229186
0.27776678428040263
0.24754564138808535
0.27949428807092613
0.31150692140728165
0.3434575617814148
0.37521970641721636
0.40666684993373
0.43767300799568787
0.4681132418577592
0.4978641815844707
0.5268045457206612
0.554815655189946
0.5817819392106413
0.6075914310405883
0.632136251393537
0.6553130774108592
0.6770235951225066
0.6971749333908356
0.7156800773993774
0.7324582598259762
0.7474353279255719
0.7605440848417273
0.7717246035678104
0.7809245120876993
0.7880992483419483
0.7932122837877088
0.7962353144491353
0.7971484184887511
0.7959401794689118
0.792607774615404
0.7871570275417986
0.7796024250427704
0.76996709771664
0.7582827643311023
0.744589640000998
0.7289363084021643
0.7113795584004058
0.6919841856286647
0.6708227596977744
0.647975357876393
0.6235292662226791
0.5975786492939222
0.5702241896994048
0.5415726988961977
0.5117367007564035
0.4808339895569902
0.448987164159601
0.41632314025640976
0.3829726426595131
0.34906967970414643
0.3147510019206832
0.2801555472055905
0.3159177377580434
0.3516623764807029
0.387247319559676
0.42253054421610775
0.4573707356275527
0.49162787292944204
0.5251638118159102
0.5578428612651486
0.5895323519315339
0.6201031937741966
0.6494304205298733
0.6773937186865551
0.7038779386732769
0.7287735860504454
0.7519772905637296
0.7733922510129357
0.7929286539844653
0.8105040646021703
0.8260437875656762
0.8394811968674109
0.8507580327090755
0.8598246642743967
0.8666403171574487
0.8711732643936742
0.8734009801936573
0.8733102556367711
0.8708972757425932
0.8661676575015876
0.8591364486124041
0.8498280868404318
0.8382763200803401
0.824524087373368
0.8086233612975496
0.7906349523149158
0.7706282758234837
0.7486810828227098
0.7248791552582345
0.6993159672648149
0.6720923136741515
0.6433159072968174
0.6131009466233899
0.5815676557192715
0.5488417982092855
0.5150541673619945
0.48034005438899374
0.4448386971705858
0.4086927117063641
0.3720475086660858
0.33505069748341815
0.2978514804913821
0.33545299965342534
0.3729414950414185
0.41016665697813703
0.44697905566790863
0.48323075815451944
0.5187759396692618
0.5534714867837205
0.587177589813599
0.6197583219642014
0.6510822027618454
0.6810227433812553
0.7094589715537984
0.7362759338273713
0.7613651730435862
0.7846251790025739
0.8059618103987782
0.8252886862329006
0.8425275450343797
0.8576085703655963
0.8704706812221651
0.8810617860931148
0.8893389995994034
0.8952688207886867
0.8988272723276467
0.9
0.8987823320875457
0.8951792983828029
0.8892056087540273
0.8808855913559573
0.8702530907518019
0.8573513263830137
0.84223271199241
0.8249586367727025
0.8055992091754957
0.7842329644748761
0.760946537333786
0.7358343007702446
0.7089979730630265
0.6805461942725365
0.6505940741808734
0.619262713576422
0.5866787009200753
0.5529735865343365
0.5182833365501103
0.4827477689312225
0.4465099739704461
0.4097157217153257
0.37251285883518387
0.3350506974834161
0.29747939874030954
0.3346154145718753
0.371545583405171
0.4081209422419843
0.4441941484704255
0.4796200844198727
0.5142564517918626
0.5479643534751216
0.5806088603110724
0.612059560443176
0.6421910889621533
0.6708836356461024
0.6980234286921937
0.7235031924418543
0.747222577216335
0.7690885595013947
0.7890158108497061
0.8069270340058808
0.8227532649018073
0.8364341393180116
0.8479181231599484
0.8571627054553167
0.8641345533395006
0.8688096284596201
0.8711732643936747
0.8712202048481756
0.8689546025655388
0.8643899790400835
0.8575491453083525
0.8484640842447628
0.8371757949565377
0.8237341000320354
0.8081974165528368
0.7906324919321155
0.7711141057887854
0.7497247392084874
0.726554212877557
0.7016992957047268
0.6752632856662985
0.6473555647240143
0.618091129769474
0.5875901016457274
0.5559772143831994
0.5233812868653184
0.4899346792064445
0.45577273618317166
0.4210332201069331
0.3858557355633658
0.3503811484700981
0.3147510019206854
0.2791069312872646
0.31355721773984735
0.34772834516310336
0.3814819580775172
0.41468190742119343
0.4471948026158603
0.47889055002078995
0.5096428755580574
0.5393298293690341
0.5678342704462753
0.5950443292791383
0.6208538466523714
0.645162786846691
0.667877623605993
0.6889116973592623
0.7081855423136988
0.725627182170042
0.741172393350035
0.7547649347693816
0.7663567433362223
0.7759080945049526
0.7833877273670707
0.7887729339143036
0.7920496122635401
0.7932122837877089
0.7922640742507991
0.7892166591981999
0.78409017400463
0.7769130891306378
0.7677220512842756
0.756561691326342
0.7434843998953052
0.7285500718605514
0.7118258208399705
0.6933856651390656
0.673310186583692
0.6516861638262531
0.6286061818058255
0.6041682191352937
0.5784752152733129
0.5516346194148661
0.5237579231017736
0.4949601786127368
0.4653595052419421
0.43507658561467666
0.4042341542193576
0.3729564803555327
0.34136884770921927
0.30959703276792
0.2777667842804012
0.24600330594828182
0.2760223542636865
0.30572058307341404
0.3349775643664987
0.36367540969002105
0.3916992397282779
0.4189376383994938
0.4452830896535211
0.4706323952388575
0.49488707179950625
0.5179537257605784
0.5397444045662677
0.5601769229437048
0.5791751629814007
0.5966693469304226
0.6125962817600706
0.6268995746265045
0.6395298185425015
0.6504447476682368
0.6596093617766179
0.6669960195808736
0.6725845007472863
0.6763620365504364
0.6783233092625072
0.6784704205006662
0.6768128288874444
0.6733672575072507
0.6681575717674811
0.661214628394499
0.652576096412482
0.642286251066424
0.6303957417588133
0.6169613351724573
0.6020456348488843
0.5857167785827128
0.5680481150766067
0.5491178613790219
0.5290087426970119
0.5078076162396047
0.4856050808021599
0.46249507384997535
0.43857445789851884
0.41394259801960054
0.38870093232568054
0.3629525372999895
0.3368016898469239
0.3103534279361985
0.28371311170479463
0.25698598686376745
0.23027675223178506
0.20368913318482335
0.2282592070309075
0.25250260300341265
0.27632108957160795
0.29961902117227895
0.3223037099826211
0.3442857821262071
0.365479516944966
0.3858031680536952
0.40517926498296813
0.42353489430907076
0.4408019592672378
0.4569174169448325
0.4718234922549426
0.48546786799697356
0.4978038504191976
0.5087905098079012
0.5183927957387247
0.5265816267371427
0.5333339542066938
0.5386328005944517
0.5424672718736648
0.5448325445321587
0.5457298273622566
0.5451662984525942
0.5431550178843364
0.539714816733149
0.5348701630736612
0.5286510057746148
0.5210925969600494
0.5122352940944594
0.5021243427274371
0.490809641005783
0.47834548712789
0.46479031097647244
0.4502063912208736
0.43465955922942945
0.418218891175005
0.4009563897535544
0.38294665696519675
0.3642665594310012
0.34499488773513387
0.32521201129259353
0.3049995302460108
0.28443992589233713
0.26361621113071637
0.24261158240727443
0.22150907461047212
0.20039122034287754
0.17933971496125742
0.15843508873755024
0.17732458311973656
0.19591317131619676
0.21412577104362154
0.23188967927094123
0.24913484590923674
0.2657941333795863
0.2818035611191383
0.2971025341600441
0.3116340549938807
0.3253449180139888
0.3381858859108403
0.3501118474794407
0.3610819563834018
0.3710597505067737
0.380013251611946
0.3879150451092163
0.3947423398308868
0.40047700778938694
0.4051056039847468
0.40861936641118934
0.4110141964955142
0.4122906202808293
0.4124537307478334
0.41151311174177657
0.409482744046356
0.4063808942156413
0.4022299868415258
0.39705646099689157
0.3908906116533861
0.3837664169273063
0.3757213520572757
0.36679619106315126
0.35703479707663144
0.3464839023702527
0.33519287914297724
0.3232135021468412
0.31059970426067435
0.29740732613316784
0.28369386102897165
0.2695181960176509
0.2549403506466986
0.24002121423601583
0.2248222829228034
0.2094053975723439
0.1938324836522822
0.17816529414539703
0.16246515654911242
0.14679272497871476
0.1312077383564945
0.11576878562984258
0.12940950789518002
0.1427966453362815
0.15587642681486316
0.16859708200081716
0.18090902845849252
0.1927650470441566
0.20412044502973622
0.21493320642842204
0.22516412905947494
0.2347769479526622
0.24373844475659395
0.2520185428797938
0.25959038815805785
0.2664304149064987
0.2725183972791487
0.27783748592307567
0.28237422997695777
0.28611858452629074
0.28906390368798596
0.29120691955634925
0.2925477072996268
0.29308963675162764
0.29283931089586257
0.2918064916901457
0.2900040137274752
0.2874476862740152
0.28415618426705824
0.28015092889474386
0.2754559584150049
0.27009778990347094
0.2641052726489698
0.2575094339405177
0.25034331801149523
0.24264181892470596
0.23444150819656628
0.2257804579693112
0.21669806054733567
0.2072348451170975
0.197432292470041
0.18733264854413748
0.17697873759259525
0.16641377577763505
0.155681185973438
0.1448244145452178
0.1338867508513346
0.12291115019222862
0.11194006090419996
0.10101525626741943
0.09017767186682912
0.07946724901111318
0.08871969064314697
0.0977752578276493
0.10659787290459731
0.11515300682685385
0.12340779767573086
0.13133116028983505
0.13889388668284802
0.1460687369707347
0.15283052057391538
0.15915616750546654
0.16502478960194342
0.17041773159893187
0.1753186119985571
0.17971335372087807
0.1835902045750556
0.18693974762937818
0.18975490160121292
0.19203091142894252
0.1937653292273725
0.19495798586616694
0.19561095344713716
0.1957284989908118
0.19531702967531572
0.19438503000119092
0.19294299128428022
0.1910033339050391
0.18858032276661518
0.1856899764356157
0.1823499704586864
0.17857953536471036
0.1743993498766866
0.16983142986902064
0.16489901361517878
0.15962644387725142
0.15403904739319918
0.14816301231912518
0.14202526418321984
0.13565334090472417
0.12907526742583153
0.12231943049649993
0.11541445414219119
0.10838907633231938
0.10127202735303305
0.09409191037173546
0.08687708466281704
0.07965555194430408
0.07245484625385153
0.06530192776962632
0.05822308095751583
0.051243817400634634
0.05713871204141616
0.06289216276336548
0.06848149464083117
0.07388514096024114
0.0790827126022934
0.08405506119134228
0.0887843358568059
0.0932540334818611
0.09744904234493931
0.10135567908972519
0.10496171898930559
0.10825641949956377
0.1112305371259886
0.11387633765633187
0.11618759983923503
0.11815961261564192
0.11978916603562181
0.12107453601795194
0.12201546313340242
0.12261312561502027
0.12287010681976315
0.12279035738552221
0.122379152345822
0.12164304348125414
0.12058980720192448
0.11922838826886992
0.1175688396744478
0.11562225901215245
0.11340072167509484
0.11091721122955504
0.10818554731549244
0.10522031142979947
0.10203677095028722
0.09865080175905817
0.0950788098229565
0.09133765208632853
0.08744455702731528
0.0834170452234909
0.0792728502657951
0.0750298403515556
0.070705940877893
0.06631905834615699
0.0618870058761853
0.057427430616320795
0.05295774332117142
0.048495050354386345
0.04405608835800237
0.03965716181363352
0.03531408370366391
0.031042119463107313
0.03456984796883161
0.03800324525725859
0.0413289638293188
0.04453439171408027
0.0476076898526602
0.05053782543776208
0.053314601149794694
0.055928680249463875
0.05837160750548384
0.060635825954482345
0.06271468950826256
0.06460247144121248
0.0662943688078126
0.06778650285670547
0.06907591552376377
0.07016056210178512
0.07103930019896611
0.07171187511196662
0.07217890175226557
0.07244184327647304
0.07250298658233767
0.07236541484232135
0.07203297725577534
0.07151025620893224
0.07080253203910017
0.06991574560561958
0.06885645887528088
0.06763181373404033
0.06624948923997366
0.06471765753452836
0.06304493863022671
0.06124035429312832
0.05931328123750895
0.057273403848479565
0.05513066664557309
0.052895226696820286
0.050577406188421534
0.04818764534996416
0.04573645592917105
0.04323437540351981
0.040691922108710955
0.038119551456021875
0.03552761340201868
0.03292631132505399
0.030325662453394072
0.02773545997990245
0.025165236987815073
0.022624232301541064
0.02012135836545775
0.017665171242603958
0.01964812386495111
0.02157254750671777
0.02343108495179225
0.025216832759827598
0.026923359689397252
0.028544722688391228
0.030075480438984212
0.0315107044554064
0.03284598774342448
0.03407745104081243
0.035201746668158625
0.03621606002904777
0.03711810880797868
0.037906139923231455
0.038578924300347005
0.03913574953979754
0.0395764105598788
0.03990119830273685
0.04011088659781625
0.04020671728279969
0.04019038368732963
0.0400640125894378
0.03983014475864826
0.03949171420316815
0.0390520262414253
0.03851473452046976
0.037883817105413144
0.03716355176516044
0.03635849058018351
0.03547343399802858
0.034513404461624285
0.033483619734318855
0.03238946604389247
0.031236471165641506
0.03003027756197116
0.02877661569285946
0.027481277608013045
0.02615009092762362
0.024788893314330686
0.02340350753434159
0.021999717200710714
0.020583243286503843
0.019159721490089706
0.017734680529036585
0.016313521433177262
0.014901497901294039
0.013503697779654548
0.012125025714280504
0.010770187022437679
0.009443672822376275
0.010490623478440736
0.01150373261112606
0.012479203734020483
0.01341350101531181
0.014303357497125824
0.015145781956494415
0.01593806441281844
0.01667778029249429
0.01736279326694421
0.017991256785685774
0.018561614331202583
0.019072598427293086
0.019523228437197247
0.01991280719216044
0.020240916495157812
0.020507411548268836
0.020712414355643905
0.0208563061571418
0.020939718950530005
0.020963526162625448
0.0209288325319076
0.020836963266957928
0.020689452546572992
0.020488031428560264
0.020234615235062006
0.01993129048276709
0.019580301426572303
0.01918403628514297
0.018745013216418787
0.01826586611040867
0.017749330265645426
0.017198228014421734
0.01661545436043442
0.016003962690716265
0.015366750621771489
0.014706846037643674
0.014027293375271248
0.013331140209918062
0.012621424190746985
0.011901160373723149
0.011173328996033557
0.010440863733076964
0.0097066404758717
0.008973466663413003
0.008244071201160044
0.007521094993405856
0.006807082113855091
0.0061044716352619925
0.005415590135534456
0.004742644894263253
0.0052618456863684025
0.00576278899237976
0.006243641323028107
0.006702708766412814
0.007138440247212151
0.007549430081188709
0.007934419833457836
0.008292299491818946
0.00862210796913295
0.008923032951294891
0.009194410109754416
0.009435721699807475
0.009646594567980508
0.009826797593778181
0.009976238592836336
0.010094960710135069
0.010183138333359532
0.010241072557758317
0.01026918623493777
0.01026801863894292
0.010238219783715651
0.010180544426587154
0.01009584579286007
0.0099850690567656
0.009849244614148437
0.009689481182140428
0.009506958760838909
0.009302921491610345
0.009078670446104614
0.008835556379390317
0.008574972479821908
0.008298347147321883
0.008007136830726793
0.0077028189536967025
0.007386884957448054
0.007060833487234035
0.006726163748084919
0.006384369053830904
0.006036930591882138
0.00568531142463216
0.005330950746702263
0.004975258415549764
0.004619609771251664
0.004265340759529463
0.003913743370337487
0.0035660614025762117
0.0032234865637498465
0.00288715491164331
0.0025581436433806375
0.002237468235532845
0.0024793138689362696
0.0027119598288207363
0.0029345776963934428
0.0031464087975081067
0.003346765308176396
0.003535031020213311
0.0037106617739097944
0.0038731855658902807
0.0040222023415009776
0.0041573834821891755
0.0042784709993620015
0.0043852764471669185
0.004477679567498526
0.004555626681319426
0.004619128841074045
0.004668259759583421
0.004703153531327923
0.004724002162457665
0.004731052926218366
0.004724605560741399
0.004705009326325963
0.004672659939436733
0.004627996400657607
0.004571497733780726
0.004503679653073971
0.0044250911755624525
0.004336311194882207
0.004237945032922861
0.0041306209850705215
0.004014986874401193
0.003891706629656602
0.0037614569012686364
0.0036249237290838345
0.003482799274785448
0.0033357786313155044
0.0031845567208749668
0.003029825292321803
0.0028722700280086554
0.002712567769297958
0.0025513838691778932
0.002389369679570267
0.0022271601800861397
0.0020653717541422416
0.0019046001175112548
0.0017454184035400437
0.0015883754084415
0.0014339939992454114
0.0012827696861904805
0.001135169360551163
0.000991630198127934
0.0010974418232636257
0.0011989204868046665
0.001295716154745005
0.001387511338069589
0.0014740213819234146
0.001554994602363736
0.0016302122750462876
0.0016994884807118248
0.0017626698128201854
0.0018196349531173497
0.0018702941213208778
0.0019145884054674557
0.0019524889797842564
0.0019839962172220698
0.002009138704023634
0.002027972163895313
0.002040578299504644
0.002047063559140746
0.0020475578364501468
0.00204221311119819
0.0020312020390068825
0.0020147164979845414
0.0019929661000932333
0.001966176674997279
0.0019345887340019134
0.0018984559215274798
0.0018580434613723244
0.00181362660479957
0.001765489087239897
0.0017139216001377012
0.0016592202841816518
0.0016016852498569054
0.001541619130934634
0.0014793256761796707
0.0014151083842082115
0.0013492691860695436
0.0012821071797578735
0.0012139174204871261
0.0011449897701820357
0.001075607809258657
0.001006047813383702
0.0009365777975217314
0.0008674566291988237
0.0007989332125376596
0.0007312457442484391
0.0006646210423988115
0.0005992739484319257
0.0005354068025585924
0.00047320899231651593
0.00041285657376996114
0.0004563395388280854
0.0004979137337256239
0.0005374409193779979
0.0005747970472393042
0.0006098722925037294
0.0006425710237481139
0.0006728117113650891
0.0007005267773279296
0.0007256623890036191
0.0007481781998859959
0.0007680470402593129
0.0007852545609211778
0.0007997988331955092
0.0008116899085487229
0.000820949341187484
0.0008276096770638722
0.0008317139127441059
0.0008333149276106359
0.0008324748928647333
0.000829264660778622
0.0008237631376130436
0.0008160566435685871
0.0008062382630781276
0.0007944071886738495
0.0007806680615763013
0.0007651303120559114
0.0007479075025096649
0.0007291166760787852
0.0007088777135072775
0.0006873127008079554
0.0006645453101618839
0.0006407001963310482
0.0006159024107122692
0.0005902768350048882
0.0005639476363053114
0.0005370377452801059
0.0005096683589057002
0.0004819584690987714
0.0004540244183966311
0.00042597948368369357
0.000397933488797253
0.0003699924466860215
0.00034225823163684297
0.00031482828193131094
0.0002877953331434585
0.00026124718214392943
0.00023526648173564243
0.00020993056571017607
0.00018531130398520996
0.0001614749873597071
0.00017825892624091365
0.00019425599218454186
0.00020941519002649035
0.00022369130912693492
0.00023704490095521546
0.00024944223203630456
0.0002608552133853145
0.00027126130762099103
0.0002806434150056965
0.00028898973970828607
0.0002962936376273198
0.0003025534471455946
0.00030777230421293305
0.0003119579431729553
0.0003151224847608984
0.000317282212704318
0.00031845734035624315
0.0003186717687819147
0.0003179528377053994
0.0003163310707018639
0.00031383991599513397
0.00031051548418873536
0.00030639628422244133
0.000301522958805479
0.00029593802053263694
0.0002896855898406605
0.0002828111359101676
0.0002753612215629097
0.0002673832531462813
0.00025892523633652865
0.00025003553872989627
0.00024076266002686668
0.00023115501054964978
0.00022126069876678348
0.00021112732843226107
0.00020080180587949293
0.00019033015794382312
0.00017975736092069923
0.00016912718090100314
0.0001584820257601565
0.00014786280901414337
0.0001373088256933944
0.00012685764032517038
0.00011654498705650908
0.00010640468189350413
9.646854697849459e-05
8.676634677519613e-05
7.732573598267427e-05
6.817221895282978e-05
5.93291203424321e-05
6.541405444384362e-05
7.119530224733026e-05
7.665530675566045e-05
8.177871624664209e-05
8.65523625941499e-05
9.096523071571614e-05
9.500841963511157e-05
9.86750956673212e-05
0.00010196043824916215
0.00010486157895164702
0.00010737753422004816
0.00010950913239459717
0.00011125893556889778
0.00011263115684458525
0.00011363157353954806
0.00011426743690332321
0.0001145473788871732
0.00011448131650797444
0.00011408035433448911
0.0001133566856120717
0.00011232349252743008
0.00011099484609889729
0.00010938560615993449
0.00010751132188437649
0.00010538813328146632
0.00010303267406704357
0.00010046197629464338
9.769337710672058e-05
9.474442794201654e-05
9.163280651025643e-05
8.837623182016744e-05
8.499238252122019e-05
8.149881879384208e-05
7.791290799704369e-05
7.425175425677245e-05
7.053213215277406e-05
6.67704246366197e-05
6.29825652887283e-05
5.918398499801205e-05
5.538956312404774e-05
5.161358317877302e-05
4.786969304242937e-05
4.4170869707157514e-05
4.0529388521141546e-05
3.695679688673388e-05
3.346389234745563e-05
3.006070498137923e-05
2.675648400202714e-05
2.3559688452750584e-05
2.0477981866446564e-05
2.25500466600525e-05
2.4512344224694523e-05
2.6359238915804237e-05
2.8085881635254568e-05
2.9688197572505293e-05
3.116287097958376e-05
3.250732717329599e-05
3.3719711962769095e-05
3.479886870394468e-05
3.574431318514976e-05
3.655620654928149e-05
3.7235326458555906e-05
3.778303670721626e-05
3.820125548610688e-05
3.849242250064909e-05
3.8659465140543395e-05
3.8705763895534186e-05
3.8635117206848175e-05
3.8451705938500976e-05
3.81600576466386e-05
3.7765010818467035e-05
3.7271679245197526e-05
3.66854166858423e-05
3.601178197070229e-05
3.525650468502926e-05
3.442545156470328e-05
3.352459372685949e-05
3.2559974849316354e-05
3.153768040341359e-05
3.046380803555159e-05
2.9344439183335402e-05
2.818561200286781e-05
2.6993295674387735e-05
2.5773366144224344e-05
2.453158335189833e-05
2.3273569982261336e-05
2.200479177379353e-05
2.0730539405662494e-05
1.9455911977866654e-05
1.818580209082235e-05
1.6924882523074387e-05
1.567759449849734e-05
1.4448137527362805e-05
1.3240460799073197e-05
1.2058256098128854e-05
1.0904952209109318e-05
9.783710771030044e-06
8.697423536481475e-06
7.648710986379453e-06
6.639922247051339e-06
7.302648825361804e-06
7.928206444170103e-06
8.514910783784453e-06
9.061340046944987e-06
9.566329395956496e-06
1.0028964470851373e-05
1.0448574058951918e-05
1.0824721987035226e-05
1.1157198307771365e-05
1.1446009852214998e-05
1.1691370219905988e-05
1.1893689277571517e-05
1.2053562236568908e-05
1.2171758378048913e-05
1.2249209493400655e-05
1.228699810585535e-05
1.2286345537219298e-05
1.2248599881576722e-05
1.217522394548029e-05
1.206778321165034e-05
1.1927933880547884e-05
1.1757411041396439e-05
1.1558017021316855e-05
1.1331609958234292e-05
1.1080092640126677e-05
1.0805401650036736e-05
1.0509496853074126e-05
1.0194351258416404e-05
9.861941286082383e-06
9.514237465030162e-06
9.153195585921086e-06
8.780748328724093e-06
8.39879738220644e-06
8.009206069299027e-06
7.613792489327956e-06
7.214323185201992e-06
6.812507340826691e-06
6.409991511308169e-06
6.008354885904686e-06
5.609105081204703e-06
5.213674459647903e-06
4.823416966281257e-06
4.4396054745436876e-06
4.0634296299219765e-06
3.695994178503344e-06
3.3383177657840186e-06
2.991332189562815e-06
2.65588208937695e-06
2.3327250536966844e-06
2.0225321250137885e-06
2.2216210566867656e-06
2.4089159585291156e-06
2.5839489680641997e-06
2.746334235513741e-06
2.8957657351648747e-06
3.032014813413339e-06
3.1549274970974467e-06
3.264421585768922e-06
3.3604835514573364e-06
3.443165269296565e-06
3.512580602085718e-06
3.568901861468308e-06
3.6123561679346833e-06
3.6432217312921894e-06
3.661824072610167e-06
3.6685322079391755e-06
3.6637548133343343e-06
3.6479363898859016e-06
3.6215534465838303e-06
3.58511071792253e-06
3.5391374321957963e-06
3.4841836454438833e-06
3.42081665500224e-06
3.349617505570649e-06
3.2711775996781607e-06
3.1860954233676177e-06
3.0949733968715644e-06
2.9984148590005956e-06
2.897021192925281e-06
2.7913891000025554e-06
2.682108027286858e-06
2.5697577533743736e-06
2.454906136264401e-06
2.33810702598265e-06
2.219898343806388e-06
2.1008003290578084e-06
1.981313953598592e-06
1.86191950336114e-06
1.7430753254975735e-06
1.625216739014422e-06
1.5087551060940317e-06
1.3940770606787245e-06
1.2815438903188695e-06
1.1714910667524792e-06
1.0642279202043134e-06
9.600374519521156e-07
8.591762793205064e-07
0.0
0.0
0.0
0.0
0.0
0.0
0.0
0.0
0.0
0.0
0.0
0.0
0.0
0.0
0.0
0.0
0.0
0.0
0.0
0.0
0.0
0.0
0.0
0.0
0.0
0.0
0.0
0.0
0.0
0.0
0.0
0.0
0.0
0.0
0.0
0.0
0.0
0.0
0.0
0.0
0.0
0.0
0.0
0.0
0.0
0.0
0.0
0.0
0.0
0.0
0.0
0.0
0.0
0.0
0.0
0.0
0.0
0.0
0.0
0.0
0.0
0.0
0.0
0.0
0.0
0.0
0.0
0.0
0.0
0.0
0.0
0.0
0.0
0.0
0.0
0.0
0.0
0.0
0.0
0.0
0.0
0.0
0.0
0.0
0.0
0.0
0.0
0.0
0.0
0.0
0.0
0.0
0.0
0.0
0.0
0.0
0.0
0.0
0.0
0.0
0.0
0.0
0.0
0.0
0.0
0.0
0.0
0.0
0.0
0.0
0.0
0.0
0.0
0.0
0.0
0.0
0.0
0.0
0.0
0.0
0.0
0.0
0.0
0.0
0.0
0.0
0.0
0.0
0.0
0.0
0.0
0.0
0.0
0.0
0.0
0.0
0.0
0.0
0.0
0.0
0.0
0.0
0.0
0.0
0.0
0.0
0.0
0.0
0.0
0.0
0.0
0.0
0.0
0.0
0.0
0.0
0.0
0.0
0.0
0.0
0.0
0.0
0.0
0.0
0.0
0.0
0.0
0.0
0.0
0.0
0.0
0.0
0.0
0.0
0.0
0.0
0.0
0.0
0.0
0.0
0.0
0.0
0.0
0.0
0.0
0.0
0.0
0.0
0.0
0.0
0.0
0.0
0.0
0.0
0.0
0.0
0.0
0.0
0.0
0.0
0.0
0.0
0.0
0.0
0.0
0.0
0.0
0.0
0.0
0.0
0.0
0.0
0.0
0.0
0.0
0.0
0.0
0.0
0.0
0.0
0.0
0.0
0.0
0.0
0.0
0.0
0.0
0.0
0.0
0.0
0.0
0.0
0.0
0.0
0.0
0.0
0.0
0.0
0.0
0.0
0.0
0.0
0.0
0.0
0.0
0.0
0.0
0.0
0.0
0.0
0.0
0.0
0.0
0.0
0.0
0.0
0.0
0.0
0.0
0.0
0.0
0.0
0.0
0.0
0.0
0.0
0.0
0.0
0.0
0.0
0.0
0.0
0.0
0.0
0.0
0.0
0.0
0.0
0.0
0.0
0.0
0.0
0.0
0.0
0.0
0.0
0.0
0.0
0.0
0.0
0.0
0.0
0.0
0.0
0.0
0.0
0.0
0.0
0.0
0.0
0.0
0.0
0.0
0.0
0.0
0.0
0.0
0.0
0.0
0.0
0.0
0.0
0.0
0.0
0.0
0.0
0.0
0.0
0.0
0.0
0.0
0.0
0.0
0.0
0.0
0.0
0.0
0.0
0.0
0.0
0.0
0.0
0.0
0.0
0.0
0.0
0.0
0.0
0.0
0.0
0.0
0.0
0.0
0.0
0.0
0.0
0.0
0.0
0.0
0.0
0.0
0.0
0.0
0.0
0.0
0.0
0.0
0.0
0.0
0.0
0.0
0.0
0.0
0.0
0.0
0.0
0.0
0.0
0.0
0.0
0.0
0.0
0.0
0.0
0.0
0.0
0.0
0.0
0.0
0.0
0.0
0.0
0.0
0.0
0.0
0.0
0.0
0.0
0.0
0.0
0.0
0.0
0.0
0.0
0.0
0.0
0.0
0.0
0.0
0.0
0.0
0.0
0.0
0.0
0.0
0.0
0.0
0.0
0.0
0.0
0.0
0.0
0.0
0.0
0.0
0.0
0.0
0.0
0.0
0.0
0.0
0.0
0.0
0.0
0.0
0.0
0.0
0.0
0.0
0.0
0.0
0.0
0.0
0.0
0.0
0.0
0.0
0.0
0.0
0.0
0.0
0.0
0.0
0.0
0.0
0.0
0.0
0.0
0.0
0.0
0.0
0.0
0.0
0.0
0.0
0.0
0.0
0.0
0.0
0.0
0.0
0.0
0.0
0.0
0.0
0.0
0.0
0.0
0.0
0.0
0.0
0.0
0.0
0.0
0.0
0.0
0.0
0.0
0.0
0.0
0.0
0.0
0.0
0.0
0.0
0.0
0.0
0.0
0.0
0.0
0.0
0.0
0.0
0.0
0.0
0.0
0.0
0.0
0.0
0.0
0.0
0.0
0.0
0.0
0.0
0.0
0.0
0.0
0.0
0.0
0.0
0.0
0.0
0.0
0.0
0.0
0.0
0.0
0.0
0.0
0.0
0.0
0.0
0.0
0.0
0.0
0.0
0.0
0.0
0.0
0.0
0.0
0.0
0.0
0.0
0.0
0.0
0.0
0.0
0.0
0.0
0.0
0.0
0.0
0.0
0.0
0.0
0.0
0.0
0.0
0.0
0.0
0.0
0.0
0.0
0.0
0.0
0.0
0.0
0.0
0.0
0.0
0.0
0.0
0.0
0.0
0.0
0.0
0.0
0.0
0.0
0.0
0.0
0.0
0.0
0.0
0.0
0.0
0.0
0.0
0.0
0.0
0.0
0.0
0.0
0.0
0.0
0.0
0.0
0.0
0.0
0.0
0.0
0.0
0.0
0.0
0.0
0.0
0.0
0.0
0.0
0.0
0.0
0.0
0.0
0.0
0.0
0.0
0.0
0.0
0.0
0.0
0.0
0.0
0.0
0.0
0.0
0.0
0.0
0.0
0.0
0.0
0.0
0.0
0.0
0.0
0.0
0.0
0.0
0.0
0.0
0.0
0.0
0.0
0.0
0.0
0.0
0.0
0.0
0.0
0.0
0.0
0.0
0.0
0.0
0.0
0.0
0.0
0.0
0.0
0.0
0.0
0.0
0.0
0.0
0.0
0.0
0.0
0.0
0.0
0.0
0.0
0.0
0.0
0.0
0.0
0.0
0.0
0.0
0.0
0.0
0.0
0.0
0.0
0.0
0.0
0.0
0.0
0.0
0.0
0.0
0.0
0.0
0.0
0.0
0.0
0.0
0.0
0.0
0.0
0.0
0.0
0.0
0.0
0.0
0.0
0.0
0.0
0.0
0.0
0.0
0.0
0.0
0.0
0.0
0.0
0.0
0.0
0.0
0.0
0.0
0.0
0.0
0.0
0.0
0.0
0.0
0.0
0.0
0.0
0.0
0.0
0.0
0.0
0.0
0.0
0.0
0.0
0.0
0.0
0.0
0.0
0.0
0.0
0.0
0.0
0.0
0.0
0.0
0.0
0.0
0.0
0.0
0.0
0.0
0.0
0.0
0.0
0.0
0.0
0.0
0.0
0.0
0.0
0.0
0.0
0.0
0.0
0.0
0.0
0.0
0.0
0.0
0.0
0.0
0.0
0.0
0.0
0.0
0.0
0.0
0.0
0.0
0.0
0.0
0.0
0.0
0.0
0.0
0.0
0.0
0.0
0.0
0.0
0.0
0.0
0.0
0.0
0.0
0.0
0.0
0.0
0.0
0.0
0.0
0.0
0.0
0.0
0.0
0.0
0.0
0.0
0.0
0.0
0.0
0.0
0.0
0.0
0.0
0.0
0.0
0.0
0.0
0.0
0.0
0.0
0.0
0.0
0.0
0.0
0.0
0.0
0.0
0.0
0.0
0.0
0.0
0.0
0.0
0.0
0.0
0.0
0.0
0.0
0.0
0.0
0.0
0.0
0.0
0.0
0.0
0.0
0.0
0.0
0.0
0.0
0.0
0.0
0.0
0.0
0.0
0.0
0.0
0.0
0.0
0.0
0.0
0.0
0.0
0.0
0.0
0.0
0.0
0.0
0.0
0.0
0.0
0.0
0.0
0.0
0.0
0.0
0.0
0.0
0.0
0.0
0.0
0.0
0.0
0.0
0.0
0.0
0.0
0.0
0.0
0.0
0.0
0.0
0.0
0.0
0.0
0.0
0.0
0.0
0.0
0.0
0.0
0.0
0.0
0.0
0.0
0.0
0.0
0.0
0.0
0.0
0.0
0.0
0.0
0.0
0.0
0.0
0.0
0.0
0.0
0.0
0.0
0.0
0.0
0.0
0.0
0.0
0.0
0.0
0.0
0.0
0.0
0.0
0.0
0.0
0.0
0.0
0.0
0.0
0.0
0.0
0.0
0.0
0.0
0.0
0.0
0.0
0.0
0.0
0.0
0.0
0.0
0.0
0.0
0.0
0.0
0.0
0.0
0.0
0.0
0.0
0.0
0.0
0.0
0.0
0.0
0.0
0.0
0.0
0.0
0.0
0.0
0.0
0.0
0.0
0.0
0.0
0.0
0.0
0.0
0.0
0.0
0.0
0.0
0.0
0.0
0.0
0.0
0.0
0.0
0.0
0.0
0.0
0.0
0.0
0.0
0.0
0.0
0.0
0.0
0.0
0.0
0.0
0.0
0.0
0.0
0.0
0.0
0.0
0.0
0.0
0.0
0.0
0.0
0.0
0.0
0.0
0.0
0.0
0.0
0.0
0.0
0.0
0.0
0.0
0.0
0.0
0.0
0.0
0.0
0.0
0.0
0.0
0.0
0.0
0.0
0.0
0.0
0.0
0.0
0.0
0.0
0.0
0.0
0.0
0.0
0.0
0.0
0.0
0.0
0.0
0.0
0.0
0.0
0.0
0.0
0.0
0.0
0.0
0.0
0.0
0.0
0.0
0.0
0.0
0.0
0.0
0.0
0.0
0.0
0.0
0.0
0.0
0.0
0.0
0.0
0.0
0.0
0.0
0.0
0.0
0.0
0.0
0.0
0.0
0.0
0.0
0.0
0.0
0.0
0.0
0.0
0.0
0.0
0.0
0.0
0.0
0.0
0.0
0.0
0.0
0.0
0.0
0.0
0.0
0.0
0.0
0.0
0.0
0.0
0.0
0.0
0.0
0.0
0.0
0.0
0.0
0.0
0.0
0.0
0.0
0.0
0.0
0.0
0.0
0.0
0.0
0.0
0.0
0.0
0.0
0.0
0.0
0.0
0.0
0.0
0.0
0.0
0.0
0.0
0.0
0.0
0.0
0.0
0.0
0.0
0.0
0.0
0.0
0.0
0.0
0.0
0.0
0.0
0.0
0.0
0.0
0.0
0.0
0.0
0.0
0.0
0.0
0.0
0.0
0.0
0.0
0.0
0.0
0.0
0.0
0.0
0.0
0.0
0.0
0.0
0.0
0.0
0.0
0.0
0.0
0.0
0.0
0.0
0.0
0.0
0.0
0.0
0.0
0.0
0.0
0.0
0.0
0.0
0.0
0.0
0.0
0.0
0.0
0.0
0.0
0.0
0.0
0.0
0.0
0.0
0.0
0.0
0.0
0.0
0.0
0.0
0.0
0.0
0.0
0.0
0.0
0.0
0.0
0.0
0.0
0.0
0.0
0.0
0.0
0.0
0.0
0.0
0.0
0.0
0.0
0.0
0.0
0.0
0.0
0.0
0.0
0.0
0.0
0.0
0.0
0.0
0.0
0.0
0.0
0.0
0.0
0.0
0.0
0.0
0.0
0.0
0.0
0.0
0.0
0.0
0.0
0.0
0.0
0.0
0.0
0.0
0.0
0.0
0.0
0.0
0.0
0.0
0.0
0.0
0.0
0.0
0.0
0.0
0.0
0.0
0.0
0.0
0.0
0.0
0.0
0.0
0.0
0.0
0.0
0.0
0.0
0.0
0.0
0.0
0.0
0.0
0.0
0.0
0.0
0.0
0.0
0.0
0.0
0.0
0.0
0.0
0.0
0.0
0.0
0.0
0.0
0.0
0.0
0.0
0.0
0.0
0.0
0.0
0.0
0.0
0.0
0.0
0.0
0.0
0.0
0.0
0.0
0.0
0.0
0.0
0.0
0.0
0.0
0.0
0.0
0.0
0.0
0.0
0.0
0.0
0.0
0.0
0.0
0.0
0.0
0.0
0.0
0.0
0.0
0.0
0.0
0.0
0.0
0.0
0.0
0.0
0.0
0.0
0.0
0.0
0.0
0.0
0.0
0.0
0.0
0.0
0.0
0.0
0.0
0.0
0.0
0.0
0.0
0.0
0.0
0.0
0.0
0.0
0.0
0.0
0.0
0.0
0.0
0.0
0.0
0.0
0.0
0.0
0.0
0.0
0.0
0.0
0.0
0.0
0.0
0.0
0.0
0.0
0.0
0.0
0.0
0.0
0.0
0.0
0.0
0.0
0.0
0.0
0.0
0.0
0.0
0.0
0.0
0.0
0.0
0.0
0.0
0.0
0.0
0.0
0.0
0.0
0.0
0.0
0.0
0.0
0.0
0.0
0.0
0.0
0.0
0.0
0.0
0.0
0.0
0.0
0.0
0.0
0.0
0.0
0.0
0.0
0.0
0.0
0.0
0.0
0.0
0.0
0.0
0.0
0.0
0.0
0.0
0.0
0.0
0.0
0.0
0.0
0.0
0.0
0.0
0.0
0.0
0.0
0.0
0.0
0.0
0.0
0.0
0.0
0.0
0.0
0.0
0.0
0.0
0.0
0.0
0.0
0.0
0.0
0.0
0.0
0.0
0.0
0.0
0.0
0.0
0.0
0.0
0.0
0.0
0.0
0.0
0.0
0.0
0.0
0.0
0.0
0.0
0.0
0.0
0.0
0.0
0.0
0.0
0.0
0.0
0.0
0.0
0.0
0.0
0.0
0.0
0.0
0.0
0.0
0.0
0.0
0.0
0.0
0.0
0.0
0.0
0.0
0.0
0.0
0.0
0.0
0.0
0.0
0.0
0.0
0.0
0.0
0.0
0.0
0.0
0.0
0.0
0.0
0.0
0.0
0.0
0.0
0.0
0.0
0.0
0.0
0.0
0.0
0.0
0.0
0.0
0.0
0.0
0.0
0.0
0.0
0.0
0.0
0.0
0.0
0.0
0.0
0.0
0.0
0.0
0.0
0.0
0.0
0.0
0.0
0.0
0.0
0.0
0.0
0.0
0.0
0.0
0.0
0.0
0.0
0.0
0.0
0.0
0.0
0.0
0.0
0.0
0.0
0.0
0.0
0.0
0.0
0.0
0.0
0.0
0.0
0.0
0.0
0.0
0.0
0.0
0.0
0.0
0.0
0.0
0.0
0.0
0.0
0.0
0.0
0.0
0.0
0.0
0.0
0.0
0.0
0.0
0.0
0.0
0.0
0.0
0.0
0.0
0.0
0.0
0.0
0.0
0.0
0.0
0.0
0.0
0.0
0.0
0.0
0.0
0.0
0.0
0.0
0.0
0.0
0.0
0.0
0.0
0.0
0.0
0.0
0.0
0.0
0.0
0.0
0.0
0.0
0.0
0.0
0.0
0.0
0.0
0.0
0.0
0.0
0.0
0.0
0.0
0.0
0.0
0.0
0.0
0.0
0.0
0.0
0.0
0.0
0.0
0.0
0.0
0.0
0.0
0.0
0.0
0.0
0.0
0.0
0.0
0.0
0.0
0.0
0.0
0.0
0.0
0.0
0.0
0.0
0.0
0.0
0.0
0.0
0.0
0.0
0.0
0.0
0.0
0.0
0.0
0.0
0.0
0.0
0.0
0.0
0.0
0.0
0.0
0.0
0.0
0.0
0.0
0.0
0.0
0.0
0.0
0.0
0.0
0.0
0.0
0.0
0.0
0.0
0.0
0.0
0.0
0.0
0.0
0.0
0.0
0.0
0.0
0.0
0.0
0.0
0.0
0.0
0.0
0.0
0.0
0.0
0.0
0.0
0.0
0.0
0.0
0.0
0.0
0.0
0.0
0.0
0.0
0.0
0.0
0.0
0.0
0.0
0.0
0.0
0.0
0.0
0.0
0.0
0.0
0.0
0.0
0.0
0.0
0.0
0.0
0.0
0.0
0.0
0.0
0.0
0.0
0.0
0.0
0.0
0.0
0.0
0.0
0.0
0.0
0.0
0.0
0.0
0.0
0.0
0.0
0.0
0.0
0.0
0.0
0.0
0.0
0.0
0.0
0.0
0.0
0.0
0.0
0.0
0.0
0.0
0.0
0.0
0.0
0.0
0.0
0.0
0.0
0.0
0.0
0.0
0.0
0.0
0.0
0.0
0.0
0.0
0.0
0.0
0.0
0.0
0.0
0.0
0.0
0.0
0.0
0.0
0.0
0.0
0.0
0.0
0.0
0.0
0.0
0.0
0.0
0.0
0.0
0.0
0.0
0.0
0.0
0.0
0.0
0.0
0.0
0.0
0.0
0.0
0.0
0.0
0.0
0.0
0.0
0.0
0.0
0.0
0.0
0.0
0.0
0.0
0.0
0.0
0.0
0.0
0.0
0.0
0.0
0.0
0.0
0.0
0.0
0.0
0.0
0.0
0.0
0.0
0.0
0.0
0.0
0.0
0.0
0.0
0.0
0.0
0.0
0.0
0.0
0.0
0.0
0.0
0.0
0.0
0.0
0.0
0.0
0.0
0.0
0.0
0.0
0.0
0.0
0.0
0.0
0.0
0.0
0.0
0.0
0.0
0.0
0.0
0.0
0.0
0.0
0.0
0.0
0.0
0.0
0.0
0.0
0.0
0.0
0.0
0.0
0.0
0.0
0.0
0.0
0.0
0.0
0.0
0.0
0.0
0.0
0.0
0.0
0.0
0.0
0.0
0.0
0.0
0.0
0.0
0.0
0.0
0.0
0.0
0.0
0.0
0.0
0.0
0.0
0.0
0.0
0.0
0.0
0.0
0.0
0.0
0.0
0.0
0.0
0.0
0.0
0.0
0.0
0.0
0.0
0.0
0.0
0.0
0.0
0.0
0.0
0.0
0.0
0.0
0.0
0.0
0.0
0.0
0.0
0.0
0.0
0.0
0.0
0.0
0.0
0.0
0.0
0.0
0.0
0.0
0.0
0.0
0.0
0.0
0.0
0.0
0.0