0.0
0.0
0.0
0.0
0.0
0.0
0.0
0.0
0.0
0.0
0.0
0.0
0.0
0.0
0.0
0.0
0.0
0.0
0.0
0.0
0.0
0.0
0.0
0.0
0.0
0.0
0.0
0.0
0.0
0.0
0.0
0.0
0.0
0.0
0.0
0.0
0.0
0.0
0.0
0.0
0.0
0.0
0.0
0.0
0.0
0.0
0.0
0.0
0.0
0.0
0.0
0.0
0.0
0.0
0.0
0.0
0.0
0.0
0.0
0.0
0.0
0.0
0.0
0.0
0.0
0.0
0.0
0.0
0.0
0.0
0.0
0.0
0.0
0.0
0.0
0.0
0.0
0.0
0.0
0.0
0.0
0.0
0.0
0.0
0.0
0.0
0.0
0.0
0.0
0.0
0.0
0.0
0.0
0.0
0.0
0.0
0.0
0.0
0.0
0.0
0.0
0.0
0.0
0.0
0.0
0.0
0.0
0.0
0.0
0.0
0.0
0.0
0.0
0.0
0.0
0.0
0.0
0.0
0.0
0.0
0.0
0.0
0.0
0.0
0.0
0.0
0.0
0.0
0.0
0.0
0.0
0.0
0.0
0.0
0.0
0.0
0.0
0.0
0.0
0.0
0.0
0.0
0.0
0.0
0.0
0.0
0.0
0.0
0.0
0.0
0.0
0.0
0.0
0.0
0.0
0.0
0.0
0.0
0.0
0.0
0.0
0.0
0.0
0.0
0.0
0.0
0.0
0.0
0.0
0.0
0.0
0.0
0.0
0.0
0.0
0.0
0.0
0.0
0.0
0.0
0.0
0.0
0.0
0.0
0.0
0.0
0.0
0.0
0.0
0.0
0.0
0.0
0.0
0.0
0.0
0.0
0.0
0.0
0.0
0.0
0.0
0.0
0.0
0.0
0.0
0.0
0.0
0.0
0.0
0.0
0.0
0.0
0.0
0.0
0.0
0.0
0.0
0.0
0.0
0.0
0.0
0.0
0.0
0.0
0.0
0.0
0.0
0.0
0.0
0.0
0.0
0.0
0.0
0.0
0.0
0.0
0.0
0.0
0.0
0.0
0.0
0.0
0.0
0.0
0.0
0.0
0.0
0.0
0.0
0.0
0.0
0.0
0.0
0.0
0.0
0.0
0.0
0.0
0.0
0.0
0.0
0.0
0.0
0.0
0.0
0.0
0.0
0.0
0.0
0.0
0.0
0.0
0.0
0.0
0.0
0.0
0.0
0.0
0.0
0.0
0.0
0.0
0.0
0.0
0.0
0.0
0.0
0.0
0.0
0.0
0.0
0.0
0.0
0.0
0.0
0.0
0.0
0.0
0.0
0.0
0.0
0.0
0.0
0.0
0.0
0.0
0.0
0.0
0.0
0.0
0.0
0.0
0.0
0.0
0.0
0.0
0.0
0.0
0.0
0.0
0.0
0.0
0.0
0.0
0.0
0.0
0.0
0.0
0.0
0.0
0.0
0.0
0.0
0.0
0.0
0.0
0.0
0.0
0.0
0.0
0.0
0.0
0.0
0.0
0.0
0.0
0.0
0.0
0.0
0.0
0.0
0.0
0.0
0.0
0.0
0.0
0.0
0.0
0.0
0.0
0.0
0.0
0.0
0.0
0.0
0.0
0.0
0.0
0.0
0.0
0.0
0.0
0.0
0.0
0.0
0.0
0.0
0.0
0.0
0.0
0.0
0.0
0.0
0.0
0.0
0.0
0.0
0.0
0.0
0.0
0.0
0.0
0.0
0.0
0.0
0.0
0.0
0.0
0.0
0.0
0.0
0.0
0.0
0.0
0.0
0.0
0.0
0.0
0.0
0.0
0.0
0.0
0.0
0.0
0.0
0.0
0.0
0.0
0.0
0.0
0.0
0.0
0.0
0.0
0.0
0.0
0.0
0.0
0.0
0.0
0.0
0.0
0.0
0.0
0.0
0.0
0.0
0.0
0.0
0.0
0.0
0.0
0.0
0.0
0.0
0.0
0.0
0.0
0.0
0.0
0.0
0.0
0.0
0.0
0.0
0.0
0.0
0.0
0.0
0.0
0.0
0.0
0.0
0.0
0.0
0.0
0.0
0.0
0.0
0.0
0.0
0.0
0.0
0.0
0.0
0.0
0.0
0.0
0.0
0.0
0.0
0.0
0.0
0.0
0.0
0.0
0.0
0.0
0.0
0.0
0.0
0.0
0.0
0.0
0.0
0.0
0.0
0.0
0.0
0.0
0.0
0.0
0.0
0.0
0.0
0.0
0.0
0.0
0.0
0.0
0.0
0.0
0.0
0.0
0.0
0.0
0.0
0.0
0.0
0.0
0.0
0.0
0.0
0.0
0.0
0.0
0.0
0.0
0.0
0.0
0.0
0.0
0.0
0.0
0.0
0.0
0.0
0.0
0.0
0.0
0.0
0.0
0.0
0.0
0.0
0.0
0.0
0.0
0.0
0.0
0.0
0.0
0.0
0.0
0.0
0.0
0.0
0.0
0.0
0.0
0.0
0.0
0.0
0.0
0.0
0.0
0.0
0.0
0.0
0.0
0.0
0.0
0.0
0.0
0.0
0.0
0.0
0.0
0.0
0.0
0.0
0.0
0.0
0.0
0.0
0.0
0.0
0.0
0.0
0.0
0.0
0.0
0.0
0.0
0.0
0.0
0.0
0.0
0.0
0.0
0.0
0.0
0.0
0.0
0.0
0.0
0.0
0.0
0.0
0.0
0.0
0.0
0.0
0.0
0.0
0.0
0.0
0.0
0.0
0.0
0.0
0.0
0.0
0.0
0.0
0.0
0.0
0.0
0.0
0.0
0.0
0.0
0.0
0.0
0.0
0.0
0.0
0.0
0.0
0.0
0.0
0.0
0.0
0.0
0.0
0.0
0.0
0.0
0.0
0.0
0.0
0.0
0.0
0.0
0.0
0.0
0.0
0.0
0.0
0.0
0.0
0.0
0.0
0.0
0.0
0.0
0.0
0.0
0.0
0.0
0.0
0.0
0.0
0.0
0.0
0.0
0.0
0.0
0.0
0.0
0.0
0.0
0.0
0.0
0.0
0.0
0.0
0.0
0.0
0.0
0.0
0.0
0.0
0.0
0.0
0.0
0.0
0.0
0.0
0.0
0.0
0.0
0.0
0.0
0.0
0.0
0.0
0.0
0.0
0.0
0.0
0.0
0.0
0.0
0.0
0.0
0.0
0.0
0.0
0.0
0.0
0.0
0.0
0.0
0.0
0.0
0.0
0.0
0.0
0.0
0.0
0.0
0.0
0.0
0.0
0.0
0.0
0.0
0.0
0.0
0.0
0.0
0.0
0.0
0.0
0.0
0.0
0.0
0.0
0.0
0.0
0.0
0.0
0.0
0.0
0.0
0.0
0.0
0.0
0.0
0.0
0.0
0.0
0.0
0.0
0.0
0.0
0.0
0.0
0.0
0.0
0.0
0.0
0.0
0.0
0.0
0.0
0.0
0.0
0.0
0.0
0.0
0.0
0.0
0.0
0.0
0.0
0.0
0.0
0.0
0.0
0.0
0.0
0.0
0.0
0.0
0.0
0.0
0.0
0.0
0.0
0.0
0.0
0.0
0.0
0.0
0.0
0.0
0.0
0.0
0.0
0.0
0.0
0.0
0.0
0.0
0.0
0.0
0.0
0.0
0.0
0.0
0.0
0.0
0.0
0.0
0.0
0.0
0.0
0.0
0.0
0.0
0.0
0.0
0.0
0.0
0.0
0.0
0.0
0.0
0.0
0.0
0.0
0.0
0.0
0.0
0.0
0.0
0.0
0.0
0.0
0.0
0.0
0.0
0.0
0.0
0.0
0.0
0.0
0.0
0.0
0.0
0.0
0.0
0.0
0.0
0.0
0.0
0.0
0.0
0.0
0.0
0.0
0.0
0.0
0.0
0.0
0.0
0.0
0.0
0.0
0.0
0.0
0.0
0.0
0.0
0.0
0.0
0.0
0.0
0.0
0.0
0.0
0.0
0.0
0.0
0.0
0.0
0.0
0.0
0.0
0.0
0.0
0.0
0.0
0.0
0.0
0.0
0.0
0.0
0.0
0.0
0.0
0.0
0.0
0.0
0.0
0.0
0.0
0.0
0.0
0.0
0.0
0.0
0.0
0.0
0.0
0.0
0.0
0.0
0.0
0.0
0.0
0.0
0.0
0.0
0.0
0.0
0.0
0.0
0.0
0.0
0.0
0.0
0.0
0.0
0.0
0.0
0.0
0.0
0.0
0.0
0.0
0.0
0.0
0.0
0.0
0.0
0.0
0.0
0.0
0.0
0.0
0.0
0.0
0.0
0.0
0.0
0.0
0.0
0.0
0.0
0.0
0.0
0.0
0.0
0.0
0.0
0.0
0.0
0.0
0.0
0.0
0.0
0.0
0.0
0.0
0.0
0.0
0.0
0.0
0.0
0.0
0.0
0.0
0.0
0.0
0.0
0.0
0.0
2.0305832315354462e-07
2.3448230472459723e-07
2.6728615521772313e-07
3.0140709523415733e-07
3.3677330127693443e-07
3.7330380136738515e-07
4.109084103393016e-07
4.4948770715835596e-07
4.889330565251522e-07
5.291266769149281e-07
5.699417570858843e-07
6.112426229505032e-07
6.528849565504846e-07
6.947160687055639e-07
7.365752267200178e-07
7.782940383275107e-07
8.196968928363395e-07
8.606014602021026e-07
9.008192485051241e-07
9.401562200448126e-07
9.784134659842193e-07
1.0153879391851373e-06
1.0508732445688583e-06
1.0846604860200808e-06
1.1165391685235496e-06
1.1462981538847781e-06
1.1737266680399425e-06
1.1986153576061556e-06
1.2207573929639202e-06
1.239949614799694e-06
1.2559937206700408e-06
1.2686974877814263e-06
1.2778760278130134e-06
1.2833530692460067e-06
1.2849622623036792e-06
1.2825485012537587e-06
1.2759692584809284e-06
1.2650959244043392e-06
1.249815146995206e-06
1.2300301643451761e-06
1.2056621234492282e-06
1.1766513781000375e-06
1.1429587585459996e-06
1.1045668053448972e-06
1.0614809596517819e-06
1.0137307020152886e-06
9.613706316235555e-07
9.04481477841227e-07
8.431710358150289e-07
7.775750178989063e-07
7.078578126627459e-07
8.163801572365208e-07
9.294284495850339e-07
1.046767189805736e-06
1.1681306412082672e-06
1.2932226611499559e-06
1.4217166711381427e-06
1.5532557731017206e-06
1.6874530183508067e-06
1.8238918353094132e-06
1.9621266216211662e-06
2.1016835056924777e-06
2.2420612821515503e-06
2.3827325250652035e-06
2.5231448820705146e-06
2.662722551844247e-06
2.8008679465532647e-06
2.9369635401030126e-06
3.0703739021334728e-06
3.2004479168013784e-06
3.3265211844408735e-06
3.4479186032106807e-06
3.5639571268212956e-06
3.673948693390968e-06
3.7772033194114313e-06
3.873032351713587e-06
3.960751869219014e-06
4.039686225144738e-06
4.109171719205565e-06
4.168560388233054e-06
4.2172239025092546e-06
4.2545575540025045e-06
4.279984321597828e-06
4.292958997341367e-06
4.292972356674038e-06
4.2795553546202374e-06
4.25228332892903e-06
4.210780190246114e-06
4.154722578529416e-06
4.083843964118828e-06
3.997938671135932e-06
3.896865800230571e-06
3.7805530271146762e-06
3.6490002528353386e-06
3.502283081346443e-06
3.340556099646984e-06
3.1640559355702283e-06
2.9731040682380018e-06
2.768109366242734e-06
2.5495703287931617e-06
2.3180770053611446e-06
2.6701238215797834e-06
3.0360719187350764e-06
3.415099223697205e-06
3.8062891133200705e-06
4.2086304670387385e-06
4.621018173977515e-06
5.042254113005984e-06
5.471048622732782e-06
5.906022476830827e-06
6.345709378344485e-06
6.788558984740451e-06
7.2329404734328385e-06
7.67714665534252e-06
8.119398641745822e-06
8.55785106723333e-06
8.990597869041786e-06
9.415678620348587e-06
9.831085412336281e-06
1.0234770276953103e-05
1.0624653139324692e-05
1.0998630285721786e-05
1.1354583329870781e-05
1.1690388657221091e-05
1.200392732356741e-05
1.229309538118091e-05
1.2555814602345846e-05
1.2790043566941365e-05
1.2993789077470264e-05
1.3165117861731288e-05
1.3302168520178068e-05
1.3403163671925578e-05
1.3466422250365066e-05
1.3490371896460308e-05
1.3473561395028888e-05
1.3414673096690102e-05
1.3312535265699884e-05
1.3166134291614091e-05
1.2974626700642676e-05
1.2737350900698948e-05
1.2453838592527375e-05
1.2123825777929174e-05
1.1747263295015682e-05
1.1324326809621213e-05
1.0855426191517184e-05
1.0341214203903451e-05
9.7825944348253e-06
9.180728399689649e-06
8.537041744944136e-06
7.853229484250185e-06
7.131260200133549e-06
8.204024663314092e-06
9.316756451515317e-06
1.0466781210411028e-05
1.1651148146470959e-05
1.2866631955369594e-05
1.4109736130309819e-05
1.5376697694376068e-05
1.6663493396121793e-05
1.7965847402286828e-05
1.9279240515840794e-05
2.059892094146892e-05
2.1919916614174358e-05
2.3237049099873254e-05
2.4544949069736934e-05
2.583807334259329e-05
2.7110723481978146e-05
2.8357065926435548e-05
2.9571153623444686e-05
3.0746949128919366e-05
3.187834912562748e-05
3.295921030513373e-05
3.398337654902888e-05
3.4944707336303444e-05
3.5837107294792276e-05
3.6654556805710465e-05
3.7391143561454576e-05
3.804109496810572e-05
3.859881127548863e-05
3.905889930927128e-05
3.941620667145252e-05
3.96658562677792e-05
3.980328101314923e-05
3.9824258559009534e-05
3.972494588013084e-05
3.950191355205224e-05
3.915217954492485e-05
3.8673242354555357e-05
3.806311328714619e-05
3.73203477106545e-05
3.644407508284357e-05
3.5434027564059914e-05
3.4290567021551117e-05
3.30147102318096e-05
3.160815208799142e-05
3.0073286620993095e-05
2.8413225645256302e-05
2.6631814843883072e-05
2.4733647112172483e-05
2.272407298427643e-05
2.060920797431748e-05
2.367985878342866e-05
2.6858022016632847e-05
3.0135580433445843e-05
3.3503661404010534e-05
3.695264729021463e-05
4.0472189725120686e-05
4.4051227882717866e-05
4.7678010814853434e-05
5.1340123916097015e-05
5.5024519560227564e-05
5.8717551934092316e-05
6.240501607579668e-05
6.607219110460308e-05
6.97038876096263e-05
7.328449914345294e-05
7.679805774528325e-05
8.02282933961602e-05
8.355869728640433e-05
8.677258875260739e-05
8.985318571854153e-05
9.27836784512267e-05
9.55473064202609e-05
9.812743802547817e-05
0.00010050765293515965
0.00010267182675451188
0.00010460421772205992
0.0001062895551101001
0.00010771312898455298
0.00010886088095956838
0.00010971949556319383
0.00011027649181245868
0.00011052031457945906
0.0001104404253146054
0.00011002739167921788
0.00010927297562726117
0.00010817021946531817
0.00010671352941102196
0.00010489875616322332
0.00010272327199225427
0.00010018604385588358
9.728770204602019e-05
9.403060387300765e-05
9.041889189854918e-05
8.645854623496139e-05
8.215743043766951e-05
7.752533052964933e-05
7.257398671095894e-05
6.731711732359992e-05
6.177043466173568e-05
5.595165223977334e-05
6.420780949102563e-05
7.273440711581445e-05
8.15084379369256e-05
9.050496657671583e-05
9.969716986245521e-05
0.00010905638747923976
0.00011855218302728301
0.00012815241559767347
0.0001378233219358236
0.00014752960921495634
0.00015723455839322282
0.00016690013807757888
0.00017648712876556477
0.0001859552572827878
0.00019526334117944444
0.00020436944279380952
0.00021323103263454432
0.00022180516167713026
0.00023004864211299098
0.00023791823603319315
0.00024537085147226793
0.00025236374518196634
0.00025885473144992855
0.00026480239622461656
0.0002701663157557105
0.0002749072789088265
0.000278987512265165
0.0002823709070708527
0.00028502324705762005
0.00028691243611632833
0.0002880087247680717
0.00028828493434437946
0.0002877166777587585
0.0002862825757267059
0.00028396446727064605
0.0002807476133303175
0.00027662089228811405
0.0002715769862130864
0.0002656125566269002
0.00025872840860023205
0.0002509296419990359
0.00024222578871703734
0.00023263093475371904
0.00022216382602624336
0.00021084795683908654
0.00019871163997690477
0.0001857880574341306
0.0001721152908492303
0.00015773633077217295
0.00014269906396062782
0.0001635509964274825
0.00018503861775220754
0.00020710098982739625
0.00022967257977644017
0.0002526833919989175
0.00027605912527630283
0.00029972135511125494
0.0003235877413630818
0.0003475722611270756
0.0003715854666867388
0.00039553476824585025
0.0004193247410223903
0.00044285745615887993
0.0004660328347744593
0.0004887490243532677
0.0005109027965322888
0.0005323899652200527
0.0005531058238463853
0.0005729456004130271
0.0005918049288865217
0.0006095803353483734
0.0006261697371944477
0.000641472953555915
0.0006553922249990931
0.0006678327404513639
0.0006787031691962452
0.0006879161956827609
0.000695389054803778
0.000701044065214977
0.0007048091581919448
0.0007066183994574497
0.0007064125013556
0.0007041393227042037
0.0006997543536224488
0.0006932211826079422
0.0006845119431262269
0.0006736077369770484
0.000660499031715842
0.0006451860294359219
0.000627679004257617
0.0006079986059247196
0.0005861761269769639
0.0005622537310493017
0.0005362846399452664
0.0005083332772420208
0.00047847536630943115
0.00044679798076390387
0.0004133995455302258
0.0003783897868503879
0.00034188962975758495
0.0003913588235585705
0.0004422231185892065
0.0004943316003946329
0.0005475231415676047
0.0006016267822604841
0.000656462167682897
0.0007118400424865357
0.0007675628016744388
0.0008234250974010221
0.0008792145007521484
0.0009347122173126241
0.0009896938550430787
0.0010439302427001761
0.0010971882967449795
0.0011492319343952523
0.0011998230301899235
0.0012487224131492675
0.0012956909013339174
0.0013404903703311865
0.001382884851929633
0.0014226416589840558
0.0014595325322243962
0.0014933348045250128
0.0015238325779269066
0.0015508179084961007
0.0015740919939081048
0.001593466358472428
0.0016087640301540459
0.0016198207040116952
0.0016264858863572736
0.001628624013847615
0.0016261155416506252
0.0016188579947833506
0.0016067669767008584
0.0015897771292228944
0.0015678430379207253
0.0015409400771504223
0.0015090651890111706
0.0014722375906290174
0.0014304994043176447
0.0013839162053489377
0.0013325774822769089
0.0012765970049994299
0.001216113096012484
0.0011512888006112718
0.001082311952121021
0.0010093951285967823
0.0009327754978154493
0.0008527145477935411
0.0007694977004998895
0.0008797386251336188
0.000992835060368518
0.0011084373923575571
0.001226174854785585
0.0013456565174783655
0.0014664723954107826
0.00158819467681061
0.0017103790684733459
0.0018325662558138726
0.0019542834745844306
0.002075046190588237
0.002194359883116792
0.0023117219272389034
0.0024266235694740523
0.0025385519907943984
0.002646992450321481
0.0027514305025187836
0.00285135428013232
0.0029462568346017804
0.0030356385251570535
0.0031190094473328637
0.003195891891179521
0.003265822819025182
0.0033283563522552
0.003383066256222172
0.0034295484120867464
0.003467423264118628
0.0034963382307602584
0.0035159700675765275
0.0035260271700825957
0.003526251804363048
0.00351642225336833
0.0034963548668029984
0.003465906002603632
0.0034249738481462524
0.003373500109521728
0.0033114715574770383
0.0032389214189373233
0.0031559306034023645
0.003062628753947642
0.002959195113057828
0.0028458591940754667
0.0027229012496618674
0.0025906525293368787
0.0024494953188904443
0.0022998627552371395
0.0021422384111161583
0.0019771556449179038
0.0018051967118447977
0.0016269916335827017
0.0018577564824865146
0.002093964729945726
0.002334858451343949
0.0025796389557741894
0.0028274691296353736
0.003077476016310799
0.003328753627058257
0.0035803659770629725
0.003831350339422182
0.00408072070864667
0.0043274714640879125
0.004570581222532471
0.004809016868056585
0.005041737746106257
0.005267700007669993
0.005485861088346179
0.0056951843060831535
0.005894643560390198
0.006083228114891116
0.006259947444220571
0.006423836125456713
0.006573958753542658
0.006709414859483985
0.006829343809520089
0.00693292966296312
0.007019405965979524
0.007088060458264793
0.007138239669330788
0.007169353380995983
0.007180878932639871
0.007172365345861766
0.007143437245368978
0.00709379855321581
0.007023235933921655
0.006931621968516523
0.006818918036195391
0.00668517688300907
0.0065305448578785
0.006355263797190443
0.006159672540313709
0.005944208059565109
0.005709406189449109
0.005455901941393244
0.00518442939169773
0.004895821132008669
0.00459100727330472
0.004271013996152263
0.003936961641826542
0.003590062340812493
0.0032316171771781424
0.0036853649872433253
0.004148759064474966
0.004620261332055751
0.005098260736560427
0.005581078353556261
0.006066972922118367
0.006554146794757233
0.007040752287054473
0.0075248984091184235
0.00800465795881109
0.008478074954574375
0.008943172383607166
0.00939796023912391
0.009840443818475682
0.01026863225203907
0.01068054723099658
0.011074231900444943
0.011447759882694516
0.011799244394164935
0.012126847417956756
0.012428788892988488
0.012703355879546756
0.01294891166021101
0.013163904734389383
0.013346877664150063
0.013496475728655245
0.013611455344312328
0.013690692207751397
0.013733189118926618
0.013738083442023742
0.013704654162440714
0.013632328498894411
0.013520688030697272
0.013369474301439139
0.013178593861707959
0.012948122715078749
0.012678310133398133
0.012369581809384519
0.01202254231674574
0.011637976850388148
0.011216852221836816
0.010760317087710875
0.010269701391979197
0.009746515005764653
0.009192445551645376
0.008609355402720745
0.007999277850148439
0.007364412436402935
0.0067071194551526015
0.006029913622370155
0.006867976816713722
0.007721890897223874
0.008588733350816861
0.009465460624083029
0.010348918391850636
0.011235852546067052
0.012122920873396816
0.013006705386149151
0.01388372526744368
0.01475045038789881
0.015603315347622916
0.01643873399390135
0.01725311436174026
0.018042873981352868
0.018804455493782263
0.019534342513163983
0.020229075671649714
0.020885268780770152
0.021499625041010235
0.022068953229633235
0.02259018379532103
0.023060384787022287
0.023476777543517974
0.023836752069644085
0.024137882024859763
0.024377939249922837
0.02455490775784468
0.02466699711604253
0.02471265514769882
0.024690579881772857
0.024599730682893402
0.02443933849448807
0.0242089151309802
0.02390826155769378
0.023537475100257534
0.0230969555287703
0.022587409965788403
0.022009856571293954
0.021365626962204714
0.02065636732866972
0.0198840382143408
0.019050912933018662
0.018159574599500038
0.01721291175810845
0.016214112598225083
0.0151666577521555
0.014074311676819459
0.012941112627036209
0.011771361234554667
0.010569607713419554
0.01202357814569178
0.013501614473432
0.014998516089980027
0.01650889702993926
0.01802720509484674
0.019547742093217038
0.02106468512968745
0.022572108872030396
0.024064008719038472
0.025534324786739594
0.026976966625124027
0.028385838572555125
0.029754865650356427
0.031078019895710376
0.03234934702702863
0.03356299333235768
0.034713232668207604
0.03579449345345636
0.036801385540696493
0.037728726845594404
0.038571569613520415
0.03932522620191636
0.03998529425659334
0.04054768116041801
0.04100862763365716
0.04136473036661101
0.041612963567086894
0.041750699307742986
0.041775726561368555
0.04168626881576249
0.04148100016401325
0.04115905977067111
0.040720064619522385
0.040164120454408404
0.03949183083077629
0.038704304202365654
0.03780315897462879
0.03679052646410008
0.03566905171097886
0.0344418921006071
0.033112713758309174
0.03168568569116313
0.03016547165965717
0.02855721977183584
0.026866549802380735
0.02509953824910849
0.023262701149510116
0.02136297469021121
0.01940769365250509
0.01740456774740087
0.019774032113067278
0.022177078797963917
0.024605039234081107
0.027048984135393705
0.02949975655821103
0.031948006541456006
0.03438422720544183
0.03679879217915122
0.03918199421785745
0.041524084865237294
0.04381531500695141
0.04604597615602319
0.04820644230431751
0.050287212168990236
0.05227895165803584
0.0541725363749915
0.05595909397952109
0.05763004621802266
0.059177150436588034
0.06059254038764184
0.06186876614138703
0.06299883291383052
0.06397623862463685
0.06479501000039703
0.0654497370420824
0.06593560567949802
0.06624842844044435
0.06638467296803353
0.06634148822617798
0.0661167282406587
0.06570897323136517
0.06511754800026454
0.06434253744936318
0.06338479911335358
0.06224597260275066
0.06092848586506869
0.059435558183956246
0.057771199849107946
0.055940208443207254
0.05394816170601899
0.05180140695004843
0.049507047016796396
0.04707292277756302
0.044507592197892014
0.04182030600003356
0.03902097997321607
0.03612016399691615
0.033129007857719044
0.030059223955609053
0.026923047010644546
0.03055014914120661
0.03421996579557186
0.037918960683434075
0.0416332634333247
0.04534872271195243
0.04905096137946273
0.0527254334749002
0.05635748281498823
0.059932402978940445
0.0634354984424636
0.0668521466154659
0.07016786053025512
0.0733683519203188
0.07643959442408652
0.07936788664350443
0.08213991478376384
0.08474281459822312
0.08716423236141287
0.08939238459307769
0.09141611625749707
0.09322495716482981
0.09480917630499051
0.09615983384954908
0.0972688305633819
0.09812895437525206
0.09873392386516905
0.0990784284362325
0.09915816494968994
0.09896987061408989
0.09851135193266365
0.09778150952736545
0.09678035867330735
0.09550904539357165
0.09396985798153296
0.09216623383578301
0.09010276151148473
0.08778517791139782
0.08522036055983226
0.08241631492335634
0.07938215676306475
0.07612808952459263
0.07266537679366507
0.06900630986679825
0.06516417050863389
0.06115318898927294
0.05698849751673922
0.0526860792012379
0.04826271270914812
0.0437359127854972
0.039123866844034384
0.04433921799517782
0.049603394501460826
0.05489659193346486
0.060198621267462074
0.06548898830635747
0.07074697545156489
0.07595172550633313
0.08108232717807666
0.08611790193551987
0.09103769186614127
0.09582114817044803
0.10044801992215599
0.10489844271743687
0.10915302683201317
0.11319294450217168
0.1170000159446421
0.12055679373089426
0.12384664513365098
0.12685383206740455
0.12956358825038758
0.13196219322282923
0.13403704286540077
0.13577671607248032
0.13717103724725888
0.13821113429968976
0.13888949184384514
0.13919999930831226
0.1391379936917955
0.13870029671601436
0.1378852461492423
0.13669272109631947
0.13512416107463807
0.13318257872031372
0.13087256599446967
0.12820029378611406
0.1251735048354438
0.12180149992937632
0.11809511734964401
0.11406670558272569
0.10973008933010396
0.10510052888676204
0.10019467298523817
0.09503050523193854
0.0896272842914969
0.08400547800378212
0.07818669164640989
0.07219359058331366
0.06604981756686658
0.05977990498708535
0.05340918238655919
0.06045320335560721
0.06754602848156684
0.07466050734535347
0.08176910228029008
0.08884399895798714
0.09585721934081892
0.10278073654436932
0.1095865911401487
0.11624700841762774
0.12273451611545122
0.12902206212446446
0.13508313166012945
0.14089186339893223
0.14642316407260125
0.15165282101539962
0.15655761216335498
0.1611154130101842
0.1653053000327134
0.16910765010890794
0.17250423546406335
0.17547831369534733
0.17801471244158865
0.18009990828398822
0.18172209948419818
0.18287127218889287
0.18353925975448449
0.1837197948719038
0.18340855419928717
0.18260319523987364
0.18130338523330217
0.1795108218606905
0.17722924559725114
0.1744644435805934
0.17122424489817778
0.16751850723343048
0.16335909484668734
0.15875984790421618
0.1537365432059658
0.1483068464001637
0.1424902558103546
0.1363080380377271
0.12978315553842037
0.12294018641188134
0.11580523667192479
0.10840584530696301
0.10077088246956323
0.0929304411680707
0.08491572286425064
0.07675891741059634
0.06849307778909744
0.07742963337598177
0.0864061858660106
0.09538785543911307
0.10433944198328496
0.1132255685727004
0.12201082689154864
0.1306599240014371
0.13913782983949735
0.14740992482611348
0.1554421469557234
0.16320113774123374
0.1706543863825106
0.17777037153195163
0.18451870003553703
0.19087024203581487
0.1967972618340985
0.20227354392269453
0.20727451361413343
0.21177735171321074
0.21576110269896434
0.21920677590757362
0.22209743923335948
0.22441830489359904
0.22615680683355524
0.22730266938089233
0.22784796679335556
0.22778717338009438
0.22711720391516693
0.22583744410142176
0.22394977088393433
0.22145856245433732
0.21837069783051194
0.2146955459400552
0.21044494418050225
0.205633166474251
0.20027688088137593
0.19439509687873843
0.18800910245892055
0.18114239124719622
0.17382057987893823
0.16607131592326255
0.15792417668112732
0.14941055922745444
0.1405635621067462
0.1314178591301757
0.1220095657588145
0.11237609859259985
0.10255602851743062
0.09258892809346754
0.08251521379602846
0.09316476269030871
0.10383564046909388
0.11448585392713825
0.12507323547240545
0.13555561664457666
0.14589100266522928
0.1560377472859197
0.16595472719482354
0.17560151524022036
0.184938551729982
0.19392731307021374
0.20253047701352941
0.21071208379784567
0.21843769247028638
0.2256745317075022
0.23239164446361185
0.23856002579979246
0.2441527532753254
0.24914510930852393
0.25351469494724244
0.25724153452260345
0.2603081706958998
0.2626997494473161
0.2644040945959029
0.26541177148304507
0.26571613949625034
0.2653133931563039
0.264202591538468
0.2623856758472662
0.2598674750142568
0.25665569923888
0.25276092144370077
0.24819654666699933
0.24297876946738806
0.2371265194668019
0.2306613952095549
0.2236075865659248
0.21599178595879767
0.20784308874089305
0.19919288309797406
0.1900747298998016
0.18052423296539924
0.17057890025213449
0.16027799651899674
0.1496623880532003
0.1387743800854699
0.12765754755317102
0.11635655990138213
0.10491700064022773
0.0933851824018635
0.10530591258601445
0.1172207921602343
0.12908243985322532
0.14084351473870257
0.1524569118758509
0.16387595764314736
0.17505460393863673
0.18594762042171617
0.19651078397717794
0.2067010645913989
0.2164768068432911
0.22579790622885168
0.23462597955775893
0.24292452868348177
0.2506590968545765
0.2577974170043119
0.2643095513281551
0.2701680215340567
0.2753479291885587
0.27982706562247023
0.28358601090302515
0.2866082214247989
0.28888010571914957
0.2903910881312247
0.29113366006455244
0.29110341854559035
0.2902990919141977
0.2887225525005292
0.2863788162041347
0.2832760289468106
0.27942544002678005
0.27484136245778934
0.2695411204325165
0.2635449841049719
0.2568760919411612
0.24956036094090328
0.24162638508607814
0.23310532242160498
0.22403077122471712
0.21443863576560582
0.20436698220779662
0.19385588523975716
0.1829472660697618
0.17168472245399816
0.1601133514629979
0.14827956572352857
0.13623090390212136
0.1240158362220286
0.11168356582780604
0.09928382683046069
0.11181766655114178
0.12431383168047282
0.13672221899271234
0.14899301855596953
0.1610769193848398
0.17292531322308727
0.18449049559457348
0.19572586327119967
0.20658610732140045
0.2170274009206151
0.2270075811270851
0.23648632385126614
0.24542531127579043
0.2537883910145287
0.2615417263341913
0.2686539367995927
0.27509622874430023
0.28084251501145985
0.2858695234551988
0.2901568937407217
0.2936872620310383
0.2964463331998011
0.29842294026289556
0.2996090907758822
0.3
0.29959411069584857
0.2983930994609343
0.29640186958467574
0.2936285304519858
0.29008436358393397
0.28578377546100453
0.28074423733080334
0.27498621225756753
0.26853306972516516
0.26141098815829206
0.2536488457779287
0.24527810025674818
0.23633265768767547
0.2268487314241788
0.21686469139362446
0.20642090452547399
0.19555956697335844
0.18432452884477882
0.1727611121833701
0.16091592297707416
0.1488366579901487
0.1365719072384419
0.12417095294506128
0.11168356582780535
0.09915979958010317
0.11153847152395843
0.12384852780172366
0.13604031408066142
0.1480647161568085
0.1598733614732909
0.1714188172639542
0.1826547844917072
0.19353628677035747
0.20401985348105867
0.21406369632071773
0.2236278785487008
0.23267447623073123
0.24116773081395143
0.24907419240544498
0.25636285316713153
0.26300527028323534
0.26897567800196026
0.2742510883006024
0.2788113797726705
0.28263937438664943
0.2857209018184389
0.28804485111316686
0.28960320948654
0.2903910881312249
0.29040673494939184
0.2896515341885129
0.2881299930133612
0.2858497151027841
0.2828213614149209
0.2790585983188459
0.2745780333440118
0.2693991388509456
0.2635441639773718
0.25703803526292845
0.2499082464028291
0.2421847376258523
0.2338997652349089
0.22508776188876614
0.2157851882413381
0.20603037658982465
0.19586336721524247
0.1853257381277331
0.1744604289551061
0.1633115597354815
0.15192424539439056
0.14034440670231102
0.1286185785211219
0.11679371615669937
0.10491700064022846
0.09303564376242153
0.10451907257994911
0.11590944838770112
0.12716065269250573
0.13822730247373113
0.14906493420528674
0.1596301833402633
0.16988095851935245
0.179776609789678
0.18927809014875843
0.19834810975971276
0.20695128221745712
0.21505426228223032
0.22262587453533098
0.2296372324530874
0.23606184743789957
0.24187572739001398
0.24705746445001164
0.25158831158979383
0.25545224777874076
0.2586360315016508
0.26112924245569025
0.26292431130476784
0.26401653742118003
0.26440409459590297
0.2640880247502664
0.2630722197327333
0.2613633913348766
0.25897102971021263
0.2559073504280918
0.252187230442114
0.24782813329843506
0.24285002395351712
0.23727527361332346
0.23112855504635518
0.22443672886123067
0.2172287212754177
0.20953539393527518
0.20138940637843122
0.19282507175777097
0.18387820647162204
0.17458597436725787
0.1649867262042456
0.15511983508064736
0.14502552853822553
0.1347447180731192
0.12431882678517756
0.11378961590307309
0.10319901092263999
0.09258892809346705
0.0820011019827606
0.09200745142122882
0.10190686102447134
0.11165918812216623
0.12122513656334033
0.13056641324275928
0.13964587946649792
0.1484276965511737
0.15687746507961917
0.16496235726650207
0.1726512419201928
0.17991480152208922
0.18672564098123492
0.1930583876604669
0.19888978231014087
0.2041987605866902
0.2089665248755015
0.2131766061808338
0.21681491588941226
0.2198697872588726
0.22233200652695786
0.22419483358242873
0.22545401218347877
0.22610776975416905
0.22615680683355538
0.22560427629581478
0.2244557525024169
0.22271919058916037
0.22040487613149964
0.21752536547082735
0.21409541702214133
0.21013191391960442
0.2056537783908191
0.2006818782829614
0.19523892619423758
0.1893493716922022
0.18303928712634063
0.17633624756567062
0.16926920541320153
0.16186836026738663
0.15416502461665846
0.14619148596617293
0.1379808660065335
0.12956697744189352
0.12098417909999648
0.11226722994897462
0.10345114264539951
0.09457103723493153
0.0856619956212558
0.07675891741059501
0.06789637772827445
0.07608640234363583
0.08416753433447088
0.09210702985720264
0.09987300705742631
0.10743456999420703
0.11476192737540236
0.12182650564832198
0.12860105601789837
0.13505975499432268
0.1411782981030236
0.1469339864224126
0.1523058056482775
0.1572744974183142
0.16182262266565783
0.16593461680639918
0.16959683660263372
0.17279759857957486
0.17552720891238088
0.1777779847355646
0.17954426686481725
0.18082242395788828
0.1816108481773862
0.1819099424540855
0.18172209948419807
0.18105167262811211
0.17990493891104967
0.17829005435788706
0.17621700192487158
0.17369753232001647
0.17074509803148646
0.16737478090914568
0.16360321366859434
0.15944849570929664
0.15493010365882415
0.1500687970736245
0.14488651974314315
0.139406297058335
0.13365212991785144
0.12764888565506557
0.1214221864770004
0.11499829591171129
0.10840400376419783
0.10166651008200359
0.09481330863077904
0.08787207037690545
0.08087052746909147
0.0738363582034907
0.06679707344762585
0.059779904987085804
0.052811696245850075
0.05910819437324552
0.06530439043873225
0.07137525701454052
0.0772965597569804
0.08304494863641225
0.0885980444598621
0.09393452037304609
0.09903417805334803
0.10387801833129356
0.10844830600466292
0.11272862863694676
0.11670394915981355
0.12036065212780059
0.12368658350225789
0.12667108387064865
0.12930501503640543
0.13158077994362893
0.13349233592979565
0.13503520132824892
0.13620645547039645
0.1370047321651714
0.13743020676027642
0.13748457691594446
0.13717103724725885
0.13649424801545199
0.1354602980718804
0.1340766622805086
0.1323521536656305
0.13029687055112868
0.12792213897576876
0.12524045068575856
0.12226539702105041
0.1190115990255438
0.11549463412341757
0.11173095971432574
0.10773783404894706
0.10353323475355812
0.0991357753777226
0.09456462034299054
0.08983939867255031
0.08498011688223288
0.08000707141200526
0.0749407609742678
0.06980179919078129
0.06461082788409406
0.059388431381799
0.05415505218303747
0.048930908326238254
0.04373591278549816
0.03858959520994753
0.04313650263172667
0.047598881778760496
0.051958808938287714
0.05619902733360572
0.06030300948616417
0.06425501568138552
0.0680401483432454
0.07164440214280735
0.07505470968649164
0.0782589826508874
0.08124614825219799
0.08400618095993127
0.08653012938601927
0.08881013830216623
0.09083946575971624
0.09261249530769187
0.09412474332565259
0.09537286150876358
0.09635463456266198
0.09706897318544974
0.09751590243320893
0.09769654558387587
0.09761310363195418
0.0972688305633819
0.09666800457582507
0.09581589542467171
0.0947187280890194
0.09338364296491462
0.09181865280500164
0.0900325966344903
0.08803509088298994
0.08583647798017255
0.08344777267049841
0.08088060630823532
0.07814716939885542
0.07526015265643705
0.07223268684911188
0.06907828170569916
0.06581076415668033
0.06244421618137916
0.05899291253086508
0.055471258592545016
0.05189372865781266
0.04827480484840593
0.044628916950444866
0.040970383397409535
0.03731335363473332
0.03367175208913981
0.030059223955609705
0.026489083003704395
0.02957323021438232
0.03259175260921643
0.03553262430153244
0.038384335608951284
0.04113593255857695
0.04377705342994501
0.046297962227616
0.0486895789902449
0.05094350685797179
0.053052055835155515
0.055008263200647806
0.05680591053297729
0.05843953733285236
0.059904451240292686
0.061196734858351864
0.062313249209792726
0.06325163386707097
0.06401030380964749
0.06458844307579083
0.06498599528872231
0.06520365114904572
0.06524283299693727
0.06510567655843857
0.06479501000039696
0.06431433042809341
0.06366777796834636
0.06286010758887173
0.061896658811871896
0.060783323486228794
0.059526511788236786
0.05813311662556219
0.056610476623006875
0.05496633787172626
0.053208814625750465
0.051346349131066386
0.04938767077304172
0.047341754727739944
0.045217780301574716
0.04302508914194384
0.040773143498833306
0.038471484714063725
0.036129692110773125
0.033757342451011016
0.031363970123911816
0.02895902822093901
0.02655185064810136
0.024151615417950505
0.021767309256542106
0.019407693652505276
0.01708127246687821
0.01904623734713872
0.02096405425445516
0.022827164880277057
0.02462838032008038
0.026360904200764465
0.028018353730447424
0.029594778618935298
0.031084677827287032
0.032483014114979766
0.03378522636324173
0.03498723966310186
0.036085473166521255
0.03707684570866286
0.037958779218777286
0.03872919994641168
0.0393865375385473
0.03992972201187394
0.040358178672650645
0.04067182104446747
0.04087104187167342
0.04095670227325438
0.04093011912850741
0.04079305078194067
0.04054768116041805
0.0401966024006415
0.039742796089623306
0.039189613224815935
0.03854075300405081
0.03780024055836494
0.036972403743185014
0.03606184910516414
0.03507343714326649
0.03401225698342907
0.03288360058635272
0.03169293660765216
0.030445884028776175
0.029148185675771758
0.027805681741163633
0.0264242834219317
0.025009946783851867
0.023568646959297668
0.02210635278205233
0.02062900195872843
0.01914247687210693
0.017652581107057138
0.016165016784795448
0.01468536278600079
0.013219053937877838
0.011771361234554635
0.010347373154369104
0.011523282656277204
0.012667748419086194
0.013776321276439598
0.014844797238026754
0.015869229950886733
0.016845941812587358
0.01777153371659823
0.018642893416487956
0.019457202501827944
0.02021194198482745
0.020904896502754185
0.021534157147070826
0.022098122935937534
0.022595500952235156
0.023025305174587923
0.023386854033928373
0.023679766732988702
0.02390395837065554
0.024059633917421858
0.02414728109215768
0.024167662194112555
0.02412180494744045
0.024010992418591778
0.023836752069644078
0.023600844013033386
0.023305248535206526
0.022952152958426963
0.022543937911346772
0.022083163079991218
0.021572552511509455
0.021014979543408904
0.02041345143104277
0.019771093745836316
0.019091134616159855
0.018376888881857695
0.01763174223227343
0.01685913539614051
0.016062548449988053
0.01524548530972368
0.014411458467839937
0.013563974036236983
0.012706517152007291
0.011842537800672893
0.010975437108351329
0.010108554151131356
0.00924515332663415
0.00838841232927169
0.007541410767180354
0.006707119455152583
0.0058883904142013185
0.00654937462165037
0.007190849168905922
0.007810361650597416
0.008405610919942533
0.008974453229799083
0.009514907562797076
0.010025160146328071
0.010503568151802133
0.010948662581141492
0.011359150346937475
0.011733915556052875
0.012072020009682589
0.012372702935992894
0.012635379974410485
0.012859641433449
0.013045249846599178
0.013192136853292935
0.013300399434245614
0.013370295532605417
0.013402239094266563
0.013396794562443208
0.013354670863145934
0.01327671491954942
0.013163904734389383
0.0130173420804751
0.012838244840156585
0.012627939035137713
0.012387850588386812
0.01211949686006117
0.01182447799934286
0.01150446815387476
0.011161206578106285
0.01079648868129749
0.010412157055213835
0.010010092520657052
0.009592205230953152
0.009160425869337682
0.008716696975874539
0.008262964438110228
0.007801169178113862
0.0073332390669035704
0.00686108109550128
0.006386573830029902
0.005911560176345528
0.005437840477725754
0.004967165967098013
0.004501232593218183
0.004041675238093501
0.0035900623408125594
0.0031478909407920913
0.003496874492813578
0.00383457753704202
0.004159734578006827
0.004471167005103937
0.004767785832375274
0.0050485939854981385
0.005312688137606147
0.005559260097498095
0.00578759775564807
0.005997085595228591
0.0061872047770675275
0.006357532809097695
0.006507742812399082
0.006637602397386814
0.006746972165052604
0.006835803849422945
0.006904138118547968
0.006952102052380601
0.006979906316843335
0.006987842054208482
0.0069762775106358655
0.006945654422319309
0.006896484182190997
0.006829343809520088
0.006744871745020669
0.006643763494255697
0.006526767142190767
0.006394678761714323
0.0062483377388062615
0.00608862203680289
0.0059164434218818085
0.005732742671473911
0.0055384847868114725
0.005334654230238755
0.005122250207257163
0.0049022820125478915
0.004675764458423749
0.004443713403306021
0.004207141396915661
0.003967053457907716
0.0037244429986778523
0.0034802879110256545
0.0032355468252905665
0.002991155554471001
0.0027480237337200145
0.0025070316644686184
0.00226902737128503
0.0020348238784206637
0.0018051967118448183
0.0015808816314210842
0.0017539485621228007
0.0019209296641265867
0.0020812137743427025
0.002234236255470938
0.0023794800824040504
0.0025164766937295696
0.0026448066111526116
0.0027640998306063154
0.0028740359897109834
0.002974344317098297
0.0030648033699181387
0.0031452405666024916
0.003215531522660169
0.0032755991979260602
0.0033254128642787786
0.003364986903378356
0.0033943794444531773
0.0034136908525861055
0.0034230620783125896
0.0034226728796476398
0.0034127399279052168
0.0033935148088623844
0.0033652819309533564
0.0033283563522552
0.003283081538049479
0.0032298270607134757
0.0031689862536129695
0.003100973830536781
0.0030262234820348714
0.002945185459796772
0.0028583241599406356
0.002766115715773961
0.002669045610242264
0.0025676063178989004
0.002462294985816018
0.002353611162411345
0.002242054582694973
0.0021281230179436344
0.002012310197294046
0.0018951038082107201
0.0017769835822340873
0.0016584194718499213
0.0015398699237505547
0.0014217802531764877
0.001304581123445829
0.0011886871341920706
0.0010744955212499488
0.00096238497054777
0.0008527145477935457
0.0007458227451776149
0.0008264379563120898
0.0009039866096069121
0.0009781925654644807
0.0010488029325027022
0.0011155884360587985
0.001178343673404437
0.0012368872579699313
0.00129106185529676
0.0013407341138336592
0.0013857944940630583
0.0014261569997873337
0.001461758815722306
0.0014925598558328417
0.0015185422271064752
0.0015397096136913482
0.0015560865865278067
0.0015677178437759744
0.0015746673874858883
0.0015770176420727888
0.001574868520247133
0.0015683364421086542
0.0015575533131455775
0.0015426654668858689
0.0015238325779269087
0.001501226551024657
0.0014750303918541507
0.0014454370649607357
0.0014126483443076202
0.0013768736616901738
0.001338328958133731
0.0012972355432188671
0.0012538189670895452
0.0012083079096946114
0.0011609330915951493
0.0011119262104385013
0.0010615189069583223
0.0010099417641072676
0.0009574233426695517
0.0009041892564326527
0.0008504612897259643
0.0007964565598567556
0.0007423867266953798
0.0006884572513807471
0.000634866705837085
0.0005818061345133479
0.0005294584694805
0.00047799799974847045
0.0004275898953968268
0.00037838978685038766
0.00033054339937597796
0.0003658139410878752
0.0003996401622682221
0.0004319053849150016
0.0004625037793565296
0.0004913404606411381
0.0005183315341212453
0.0005434040916820958
0.0005664961602372749
0.0005875566042733951
0.0006065449843724499
0.0006234313737736259
0.0006381961351558184
0.0006508296599280855
0.0006613320724073566
0.0006697129013412112
0.0006759907212984377
0.0006801927665015479
0.0006823545197135819
0.0006825192788167156
0.00068073770373273
0.0006770673463356275
0.000671572165994847
0.0006643220333644111
0.000655392224999093
0.000644862911333971
0.0006328186405091599
0.0006193478204574414
0.0006045422015998567
0.000588496362413299
0.0005713072000459004
0.0005530734280605505
0.0005338950832856351
0.0005138730436448779
0.0004931085587265569
0.00047170279473607047
0.0004497563953565145
0.00042736905991929113
0.00040463914016237534
0.00038166325672734524
0.0003585359364195523
0.0003353492711279006
0.0003121925991739105
0.00028915220973294123
0.00026631107084588654
0.00024374858141614633
0.00022154034746627046
0.00019975798281064188
0.00017846893418619743
0.00015773633077217198
0.00013761885792332035
0.0001521131796093618
0.00016597124457520796
0.00017914697312599928
0.0001915990157464347
0.00020329076416790976
0.0002141903412493713
0.00022427057045502967
0.00023350892577597652
0.00024188746300120637
0.0002493927332953319
0.00025601568008643764
0.0002617515203070592
0.0002665996110651697
0.0002705633028495743
0.00027364978039582803
0.00027586989235462404
0.00027723797091470194
0.00027777164253687864
0.0002774916309549111
0.000276421553592874
0.0002745877125376812
0.000272018881189529
0.00026874608769270915
0.0002648023962246165
0.00026022268719210043
0.0002550434373519705
0.0002493025008365549
0.00024303889202626172
0.00023629257116909247
0.00022910423360265178
0.00022151510338729464
0.0002135667321103494
0.00020530080357075638
0.0001967589450016294
0.0001879825454351038
0.0001790125817600353
0.00016988945296856673
0.00016065282303292377
0.00015134147279887705
0.00014199316122789785
0.00013264449626575097
0.00012333081556200714
0.00011408607721228098
0.00010494276064377031
9.593177771448617e-05
8.708239404797648e-05
7.842216057854746e-05
6.997685523672535e-05
6.177043466173666e-05
5.382499578656903e-05
5.941964208030454e-05
6.475199739484729e-05
6.980506334216345e-05
7.45637697089783e-05
7.901496698507182e-05
8.314741067876818e-05
8.695173779510484e-05
9.042043587366368e-05
9.354780500189882e-05
9.632991323609535e-05
9.876454587577326e-05
0.00010085114904853152
0.00010259076807097769
0.00010398598105765176
0.00010504082825363279
0.00010576073756810599
0.00010615244678541438
0.00010622392292730488
0.00010598427923513312
0.00010544369023395463
0.00010461330533171131
0.00010350516139624512
0.00010213209474081378
0.00010050765293515965
9.864600684421231e-05
9.656186328022016e-05
9.427037863672252e-05
9.178707385430321e-05
8.912775104876043e-05
8.630841211217621e-05
8.334517957663208e-05
8.025422000895556e-05
7.705167018321658e-05
7.375356625559448e-05
7.037577614408702e-05
6.69339352931643e-05
6.344338598127438e-05
5.991912030689974e-05
5.637572696700104e-05
5.282734192005217e-05
4.928760300471445e-05
4.57696085644648e-05
4.2285880108390124e-05
3.884832901883636e-05
3.54682272978347e-05
3.2156182326164856e-05
2.892211559173204e-05
2.5775245327558086e-05
2.2724072984276593e-05
1.9776373447477367e-05
2.1804684814614538e-05
2.3731767415776753e-05
2.5551768918553483e-05
2.7259572082214027e-05
2.8850787531383297e-05
3.032174357190538e-05
3.166947321170385e-05
3.289169855577373e-05
3.398681274972071e-05
3.4953859650549004e-05
3.579251140668272e-05
3.650304413153239e-05
3.708631185629926e-05
3.754371894819508e-05
3.7877191179849346e-05
3.808914563444107e-05
3.818245962905773e-05
3.816043883599148e-05
3.802678477816303e-05
3.7785561870690563e-05
3.744116417581002e-05
3.699828203296576e-05
3.6461868719978164e-05
3.583710729479216e-05
3.512937776048877e-05
3.434422468901452e-05
3.348732543154779e-05
3.2564459035573525e-05
3.1581475980672175e-05
3.054426883675214e-05
2.945874394005581e-05
2.833079417374006e-05
2.7166272931280692e-05
2.5970969332347896e-05
2.475058475225748e-05
2.351071071759135e-05
2.2256808212206567e-05
2.09941884295761e-05
1.972799499933735e-05
1.8463187708015912e-05
1.7204527726257672e-05
1.5956564347476456e-05
1.472362323571917e-05
1.3509796173713848e-05
1.2318932295577958e-05
1.1154630782485208e-05
1.0020234993793077e-05
8.918828000675712e-06
7.853229484250195e-06
6.825993955482188e-06
7.5166822200174995e-06
8.170781408231508e-06
8.786412971934744e-06
9.361960545084855e-06
9.896065857501764e-06
1.0387623659861253e-05
1.0835775724431995e-05
1.1239903987589697e-05
1.1599622901314891e-05
1.1914771061716585e-05
1.218540218309383e-05
1.2411775486185301e-05
1.2594345569072086e-05
1.2733751828702293e-05
1.283080750021636e-05
1.2886488380181131e-05
1.2901921298511394e-05
1.2878372402282723e-05
1.281723531283366e-05
1.27200192155462e-05
1.258833693948901e-05
1.2423893081732509e-05
1.2228472228614101e-05
1.200392732356743e-05
1.1752168228343084e-05
1.147515052156776e-05
1.117486457561983e-05
1.0853324949772118e-05
1.0512560134471195e-05
1.0154602678517196e-05
9.781479727778467e-06
9.395204000955936e-06
8.997765224795912e-06
8.59112204807478e-06
8.177194450632777e-06
7.757856660753779e-06
7.33493059126451e-06
6.910179801887498e-06
6.485303992622217e-06
6.061934030274116e-06
5.641627507691462e-06
5.225864832832446e-06
4.816045842454268e-06
4.413486933024399e-06
4.019418699376284e-06
3.6349840697031056e-06
3.2612369236766815e-06
2.899141178827158e-06
2.5495703287931507e-06
2.2133074156837796e-06
2.434216275120601e-06
2.642735481390034e-06
2.838303594594817e-06
3.0204466823149955e-06
3.188776465318832e-06
3.3429881569504576e-06
3.482858019650639e-06
3.608240662345075e-06
3.7190661025904546e-06
3.815336617404999e-06
3.89712340663533e-06
3.964563092523839e-06
4.017854078856302e-06
4.05725279268297e-06
4.083069831133551e-06
4.0956660352851165e-06
4.095448512406432e-06
4.0828666271922406e-06
4.058407981826763e-06
4.0225944038834464e-06
3.975977960182628e-06
3.919137013798812e-06
3.8526723404389515e-06
3.7772033194114305e-06
3.6933642133755585e-06
3.601800550012245e-06
3.503165617691375e-06
3.3981170861388012e-06
3.287313762027461e-06
3.171412488343387e-06
3.0510651953070282e-06
2.9269161095746976e-06
2.7995991274021464e-06
2.669735356433009e-06
2.5379308297759853e-06
2.404774395067331e-06
2.2708357802755637e-06
2.136663837102723e-06
2.002784961968228e-06
1.8697016937349008e-06
1.7378914865493006e-06
1.6078056554270856e-06
1.4798684915145625e-06
1.3544765433073254e-06
1.2319980595011145e-06
1.1127725885946729e-06
9.971107298542717e-07
8.852940297923166e-07
7.775750178988947e-07
6.741773750045961e-07
7.405403522289219e-07
8.029719861763718e-07
8.613163226880665e-07
9.154447451712469e-07
9.652552450549583e-07
1.010671604471113e-06
1.0516424990324821e-06
1.0881405285896407e-06
1.120161183819112e-06
1.1477217564321884e-06
1.1708602006952393e-06
1.1896339538227693e-06
1.2041187226448944e-06
1.214407243764063e-06
1.220608024203389e-06
1.2228440693130583e-06
1.2212516044447781e-06
1.2159787966286338e-06
1.2071844821946102e-06
1.1950369059741765e-06
1.1797124773985988e-06
1.1613945484812944e-06
1.1402722183340799e-06
1.1165391685235496e-06
1.0903925332260535e-06
1.0620318077892058e-06
1.0316577989571881e-06
9.99471619666865e-07
9.656737309750937e-07
9.304630333341851e-07
8.940360090956192e-07
8.565859177914579e-07
8.183020454214669e-07
7.793690086608833e-07
7.399661146021292e-07
7.002667763526027e-07
6.604379845328639e-07
6.206398344537132e-07
5.810251084991912e-07
5.417389130048073e-07
5.029183686980105e-07
4.6469235355957477e-07
4.271812967729565e-07
3.9049702225082637e-07
3.547426400681044e-07
3.200124839840385e-07
2.863920931068354e-07
0.0
0.0
0.0
0.0
0.0
0.0
0.0
0.0
0.0
0.0
0.0
0.0
0.0
0.0
0.0
0.0
0.0
0.0
0.0
0.0
0.0
0.0
0.0
0.0
0.0
0.0
0.0
0.0
0.0
0.0
0.0
0.0
0.0
0.0
0.0
0.0
0.0
0.0
0.0
0.0
0.0
0.0
0.0
0.0
0.0
0.0
0.0
0.0
0.0
0.0
0.0
0.0
0.0
0.0
0.0
0.0
0.0
0.0
0.0
0.0
0.0
0.0
0.0
0.0
0.0
0.0
0.0
0.0
0.0
0.0
0.0
0.0
0.0
0.0
0.0
0.0
0.0
0.0
0.0
0.0
0.0
0.0
0.0
0.0
0.0
0.0
0.0
0.0
0.0
0.0
0.0
0.0
0.0
0.0
0.0
0.0
0.0
0.0
0.0
0.0
0.0
0.0
0.0
0.0
0.0
0.0
0.0
0.0
0.0
0.0
0.0
0.0
0.0
0.0
0.0
0.0
0.0
0.0
0.0
0.0
0.0
0.0
0.0
0.0
0.0
0.0
0.0
0.0
0.0
0.0
0.0
0.0
0.0
0.0
0.0
0.0
0.0
0.0
0.0
0.0
0.0
0.0
0.0
0.0
0.0
0.0
0.0
0.0
0.0
0.0
0.0
0.0
0.0
0.0
0.0
0.0
0.0
0.0
0.0
0.0
0.0
0.0
0.0
0.0
0.0
0.0
0.0
0.0
0.0
0.0
0.0
0.0
0.0
0.0
0.0
0.0
0.0
0.0
0.0
0.0
0.0
0.0
0.0
0.0
0.0
0.0
0.0
0.0
0.0
0.0
0.0
0.0
0.0
0.0
0.0
0.0
0.0
0.0
0.0
0.0
0.0
0.0
0.0
0.0
0.0
0.0
0.0
0.0
0.0
0.0
0.0
0.0
0.0
0.0
0.0
0.0
0.0
0.0
0.0
0.0
0.0
0.0
0.0
0.0
0.0
0.0
0.0
0.0
0.0
0.0
0.0
0.0
0.0
0.0
0.0
0.0
0.0
0.0
0.0
0.0
0.0
0.0
0.0
0.0
0.0
0.0
0.0
0.0
0.0
0.0
0.0
0.0
0.0
0.0
0.0
0.0
0.0
0.0
0.0
0.0
0.0
0.0
0.0
0.0
0.0
0.0
0.0
0.0
0.0
0.0
0.0
0.0
0.0
0.0
0.0
0.0
0.0
0.0
0.0
0.0
0.0
0.0
0.0
0.0
0.0
0.0
0.0
0.0
0.0
0.0
0.0
0.0
0.0
0.0
0.0
0.0
0.0
0.0
0.0
0.0
0.0
0.0
0.0
0.0
0.0
0.0
0.0
0.0
0.0
0.0
0.0
0.0
0.0
0.0
0.0
0.0
0.0
0.0
0.0
0.0
0.0
0.0
0.0
0.0
0.0
0.0
0.0
0.0
0.0
0.0
0.0
0.0
0.0
0.0
0.0
0.0
0.0
0.0
0.0
0.0
0.0
0.0
0.0
0.0
0.0
0.0
0.0
0.0
0.0
0.0
0.0
0.0
0.0
0.0
0.0
0.0
0.0
0.0
0.0
0.0
0.0
0.0
0.0
0.0
0.0
0.0
0.0
0.0
0.0
0.0
0.0
0.0
0.0
0.0
0.0
0.0
0.0
0.0
0.0
0.0
0.0
0.0
0.0
0.0
0.0
0.0
0.0
0.0
0.0
0.0
0.0
0.0
0.0
0.0
0.0
0.0
0.0
0.0
0.0
0.0
0.0
0.0
0.0
0.0
0.0
0.0
0.0
0.0
0.0
0.0
0.0
0.0
0.0
0.0
0.0
0.0
0.0
0.0
0.0
0.0
0.0
0.0
0.0
0.0
0.0
0.0
0.0
0.0
0.0
0.0
0.0
0.0
0.0
0.0
0.0
0.0
0.0
0.0
0.0
0.0
0.0
0.0
0.0
0.0
0.0
0.0
0.0
0.0
0.0
0.0
0.0
0.0
0.0
0.0
0.0
0.0
0.0
0.0
0.0
0.0
0.0
0.0
0.0
0.0
0.0
0.0
0.0
0.0
0.0
0.0
0.0
0.0
0.0
0.0
0.0
0.0
0.0
0.0
0.0
0.0
0.0
0.0
0.0
0.0
0.0
0.0
0.0
0.0
0.0
0.0
0.0
0.0
0.0
0.0
0.0
0.0
0.0
0.0
0.0
0.0
0.0
0.0
0.0
0.0
0.0
0.0
0.0
0.0
0.0
0.0
0.0
0.0
0.0
0.0
0.0
0.0
0.0
0.0
0.0
0.0
0.0
0.0
0.0
0.0
0.0
0.0
0.0
0.0
0.0
0.0
0.0
0.0
0.0
0.0
0.0
0.0
0.0
0.0
0.0
0.0
0.0
0.0
0.0
0.0
0.0
0.0
0.0
0.0
0.0
0.0
0.0
0.0
0.0
0.0
0.0
0.0
0.0
0.0
0.0
0.0
0.0
0.0
0.0
0.0
0.0
0.0
0.0
0.0
0.0
0.0
0.0
0.0
0.0
0.0
0.0
0.0
0.0
0.0
0.0
0.0
0.0
0.0
0.0
0.0
0.0
0.0
0.0
0.0
0.0
0.0
0.0
0.0
0.0
0.0
0.0
0.0
0.0
0.0
0.0
0.0
0.0
0.0
0.0
0.0
0.0
0.0
0.0
0.0
0.0
0.0
0.0
0.0
0.0
0.0
0.0
0.0
0.0
0.0
0.0
0.0
0.0
0.0
0.0
0.0
0.0
0.0
0.0
0.0
0.0
0.0
0.0
0.0
0.0
0.0
0.0
0.0
0.0
0.0
0.0
0.0
0.0
0.0
0.0
0.0
0.0
0.0
0.0
0.0
0.0
0.0
0.0
0.0
0.0
0.0
0.0
0.0
0.0
0.0
0.0
0.0
0.0
0.0
0.0
0.0
0.0
0.0
0.0
0.0
0.0
0.0
0.0
0.0
0.0
0.0
0.0
0.0
0.0
0.0
0.0
0.0
0.0
0.0
0.0
0.0
0.0
0.0
0.0
0.0
0.0
0.0
0.0
0.0
0.0
0.0
0.0
0.0
0.0
0.0
0.0
0.0
0.0
0.0
0.0
0.0
0.0
0.0
0.0
0.0
0.0
0.0
0.0
0.0
0.0
0.0
0.0
0.0
0.0
0.0
0.0
0.0
0.0
0.0
0.0
0.0
0.0
0.0
0.0
0.0
0.0
0.0
0.0
0.0
0.0
0.0
0.0
0.0
0.0
0.0
0.0
0.0
0.0
0.0
0.0
0.0
0.0
0.0
0.0
0.0
0.0
0.0
0.0
0.0
0.0
0.0
0.0
0.0
0.0
0.0
0.0
0.0
0.0
0.0
0.0
0.0
0.0
0.0
0.0
0.0
0.0
0.0
0.0
0.0
0.0
0.0
0.0
0.0
0.0
0.0
0.0
0.0
0.0
0.0
0.0
0.0
0.0
0.0
0.0
0.0
0.0
0.0
0.0
0.0
0.0
0.0
0.0
0.0
0.0
0.0
0.0
0.0
0.0
0.0
0.0
0.0
0.0
0.0
0.0
0.0
0.0
0.0
0.0
0.0
0.0
0.0
0.0
0.0
0.0
0.0
0.0
0.0
0.0
0.0
0.0
0.0
0.0
0.0
0.0
0.0
0.0
0.0
0.0
0.0
0.0
0.0
0.0
0.0
0.0
0.0
0.0
0.0
0.0
0.0
0.0
0.0
0.0
0.0
0.0
0.0
0.0
0.0
0.0
0.0
0.0
0.0
0.0
0.0
0.0
0.0
0.0
0.0
0.0
0.0
0.0
0.0
0.0
0.0
0.0
0.0
0.0
0.0
0.0
0.0
0.0
0.0
0.0
0.0
0.0
0.0
0.0
0.0
0.0
0.0
0.0
0.0
0.0
0.0
0.0
0.0
0.0
0.0
0.0
0.0
0.0
0.0
0.0
0.0
0.0
0.0
0.0
0.0
0.0
0.0
0.0
0.0
0.0
0.0
0.0
0.0
0.0
0.0
0.0
0.0
0.0
0.0
0.0
0.0
0.0
0.0
0.0
0.0
0.0
0.0
0.0
0.0
0.0
0.0
0.0
0.0
0.0
0.0
0.0
0.0
0.0
0.0
0.0
0.0
0.0
0.0
0.0
0.0
0.0
0.0
0.0
0.0
0.0
0.0
0.0
0.0
0.0
0.0
0.0
0.0
0.0
0.0
0.0
0.0
0.0
0.0
0.0
0.0
0.0
0.0
0.0
0.0
0.0
0.0
0.0
0.0
0.0
0.0
0.0
0.0
0.0
0.0
0.0
0.0
0.0
0.0
0.0
0.0
0.0
0.0
0.0
0.0
0.0
0.0
0.0
0.0
0.0
0.0
0.0
0.0
0.0
0.0
0.0
0.0
0.0
0.0
0.0
0.0
0.0
0.0
0.0
0.0
0.0
0.0
0.0
0.0
0.0
0.0
0.0
0.0
0.0
0.0
0.0
0.0
0.0
0.0
0.0
0.0
0.0
0.0
0.0
0.0
0.0
0.0
0.0
0.0
0.0
0.0
0.0
0.0
0.0
0.0
0.0
0.0
0.0
0.0
0.0
0.0
0.0
0.0
0.0
0.0
0.0
0.0
0.0
0.0
0.0
0.0
0.0
0.0
0.0
0.0
0.0
0.0
0.0
0.0
0.0
0.0
0.0
0.0
0.0
0.0
0.0
0.0
0.0
0.0
0.0
0.0
0.0
0.0
0.0
0.0
0.0
0.0
0.0
0.0
0.0
0.0
0.0
0.0
0.0
0.0
0.0
0.0
0.0
0.0
0.0
0.0
0.0
0.0
0.0
0.0
0.0
0.0
0.0
0.0
0.0
0.0
0.0
0.0
0.0
0.0
0.0
0.0
0.0
0.0
0.0
0.0
0.0
0.0
0.0
0.0
0.0
0.0
0.0
0.0
0.0
0.0
0.0
0.0
0.0
0.0
0.0
0.0
0.0
0.0
0.0
0.0
0.0
0.0
0.0
0.0
0.0
0.0
0.0
0.0
0.0
0.0
0.0
0.0
0.0
0.0
0.0
0.0
0.0
0.0
0.0
0.0
0.0
0.0
0.0
0.0
0.0
0.0
0.0
0.0
0.0
0.0
0.0
0.0
0.0
0.0
0.0
0.0
0.0
0.0
0.0
0.0
0.0
0.0
0.0
0.0
0.0
0.0
0.0
0.0
0.0
0.0
0.0
0.0
0.0
0.0
0.0
0.0
0.0
0.0
0.0
0.0
0.0
0.0
0.0
0.0
0.0
0.0
0.0
0.0
0.0
0.0
0.0
0.0
0.0
0.0
0.0
0.0
0.0
0.0
0.0
0.0
0.0
0.0
0.0
0.0
0.0
0.0
0.0
0.0
0.0
0.0
0.0
0.0
0.0
0.0
0.0
0.0
0.0
0.0
0.0
0.0
0.0
0.0
0.0
0.0
0.0
0.0
0.0
0.0
0.0
0.0
0.0
0.0
0.0
0.0
0.0
0.0
0.0
0.0
0.0
0.0
0.0
0.0
0.0
0.0
0.0
0.0
0.0
0.0
0.0
0.0
0.0
0.0
0.0
0.0
0.0
0.0
0.0
0.0
0.0
0.0
0.0
0.0
0.0
0.0
0.0
0.0
0.0
0.0
0.0
0.0
0.0
0.0
0.0
0.0
0.0
0.0
0.0
0.0
0.0
0.0
0.0
0.0
0.0
0.0
0.0
0.0
0.0
0.0
0.0
0.0
0.0
0.0
0.0
0.0
0.0
0.0
0.0
0.0
0.0
0.0
0.0
0.0
0.0
0.0
0.0
0.0
0.0
0.0
0.0
0.0
0.0
0.0
0.0
0.0
0.0
0.0
0.0
0.0
0.0
0.0
0.0
0.0
0.0
0.0
0.0
0.0
0.0
0.0
0.0
0.0
0.0
0.0
0.0
0.0
0.0
0.0
0.0
0.0
0.0
0.0
0.0
0.0
0.0
0.0
0.0
0.0
0.0
0.0
0.0
0.0
0.0
0.0
0.0
0.0
0.0
0.0
0.0
0.0
0.0
0.0
0.0
0.0
0.0
0.0
0.0
0.0
0.0
0.0
0.0
0.0
0.0
0.0
0.0
0.0
0.0
0.0
0.0
0.0
0.0
0.0
0.0
0.0
0.0
0.0
0.0
0.0
0.0
0.0
0.0
0.0
0.0
0.0
0.0
0.0
0.0
0.0
0.0
0.0
0.0
0.0
0.0
0.0
0.0
0.0
0.0
0.0
0.0
0.0
0.0
0.0
0.0
0.0
0.0
0.0
0.0
0.0
0.0
0.0
0.0
0.0
0.0
0.0
0.0
0.0
0.0
0.0
0.0
0.0
0.0
0.0
0.0
0.0
0.0
0.0
0.0
0.0
0.0
0.0
0.0
0.0
0.0
0.0
0.0
0.0
0.0
0.0
0.0
0.0
0.0
0.0
0.0
0.0
0.0
0.0
0.0
0.0
0.0
0.0
0.0
0.0
0.0
0.0
0.0
0.0
0.0
0.0
0.0
0.0
0.0
0.0
0.0
0.0
0.0
0.0
0.0
0.0
0.0
0.0
0.0
0.0
0.0
0.0
0.0
0.0
0.0
0.0
0.0
0.0
0.0
0.0
0.0
0.0
0.0
0.0
0.0
0.0
0.0
0.0
0.0
0.0
0.0
0.0
0.0
0.0
0.0
0.0
0.0
0.0
0.0
0.0
0.0
0.0
0.0
0.0
0.0
0.0
0.0
0.0
0.0
0.0
0.0
0.0
0.0
0.0
0.0
0.0
0.0
0.0
0.0
0.0
0.0
0.0
0.0
0.0
0.0
0.0
0.0
0.0
0.0
0.0
0.0
0.0
0.0
0.0
0.0
0.0
0.0
0.0
0.0
0.0
0.0
0.0
0.0
0.0
0.0
0.0
0.0
0.0
0.0
0.0
0.0
0.0
0.0
0.0
0.0
0.0
0.0
0.0
0.0
0.0
0.0
0.0
0.0
0.0
0.0
0.0
0.0
0.0
0.0
0.0
0.0
0.0
0.0
0.0
0.0
0.0
0.0
0.0
0.0
0.0
0.0
0.0
0.0
0.0
0.0
0.0
0.0
0.0
0.0
0.0
0.0
0.0
0.0
0.0
0.0
0.0
0.0
0.0
0.0
0.0
0.0
0.0
0.0
0.0
0.0
0.0
0.0
0.0
0.0
0.0
0.0
0.0
0.0
0.0
0.0
0.0
0.0
0.0
0.0
0.0
0.0
0.0
0.0
0.0
0.0
0.0
0.0
0.0
0.0
0.0
0.0
0.0
0.0
0.0
0.0
0.0
0.0
0.0
0.0
0.0
0.0
0.0
0.0
0.0
0.0
0.0
0.0
0.0
0.0
0.0
0.0
0.0
0.0
0.0
0.0
0.0
0.0
0.0
0.0
0.0
0.0
0.0
0.0
0.0
0.0
0.0
0.0
0.0
0.0
0.0
0.0
0.0
0.0
0.0
0.0
0.0
0.0
0.0
0.0
0.0
0.0
0.0
0.0
0.0
0.0
0.0
0.0
0.0
0.0
0.0
0.0
0.0
0.0
0.0
0.0
0.0
0.0
0.0
0.0
0.0
0.0
0.0
0.0
0.0
0.0
0.0
0.0
0.0
0.0
0.0
0.0
0.0
0.0
0.0
0.0
0.0
0.0
0.0
0.0
0.0
0.0
0.0
0.0
0.0
0.0
0.0
0.0
0.0
0.0
0.0
0.0
0.0
0.0
0.0
0.0
0.0
0.0
0.0
0.0
0.0
0.0
0.0
0.0
0.0
0.0
0.0
0.0
0.0
0.0
0.0
0.0
0.0
0.0
0.0
0.0
0.0
0.0
0.0
0.0
0.0
0.0
0.0
0.0
0.0
0.0
0.0
0.0
0.0
0.0
0.0
0.0
0.0
0.0
0.0
0.0
0.0
0.0
0.0
0.0
0.0
0.0
0.0
0.0
0.0
0.0
0.0
0.0
0.0
0.0
0.0
0.0
0.0
0.0
0.0
0.0
0.0
0.0
0.0
0.0
0.0
0.0
0.0
0.0
0.0
0.0
0.0
0.0
0.0
0.0
0.0
0.0
0.0
0.0
0.0
0.0
0.0
0.0
0.0
0.0
0.0
0.0
0.0
0.0
0.0
0.0
0.0
0.0
0.0
0.0
0.0
0.0
0.0
0.0
0.0
0.0
0.0
0.0
0.0
0.0
0.0
0.0
0.0
0.0
0.0
0.0
0.0
0.0
0.0
0.0
0.0
0.0
0.0
0.0
0.0
0.0
0.0
0.0
0.0
0.0
0.0
0.0
0.0
0.0
0.0
0.0
0.0
0.0
0.0
0.0
0.0
0.0
0.0
0.0
0.0
0.0
0.0
0.0
0.0
0.0
0.0
0.0
0.0
0.0
0.0
0.0
0.0
0.0
0.0
0.0
0.0
0.0
0.0
0.0
0.0
0.0
0.0
0.0
0.0
0.0
0.0
0.0
0.0
0.0
0.0
0.0
0.0
0.0
0.0
0.0
0.0
0.0
0.0
0.0
0.0
0.0
0.0
0.0
0.0
0.0
0.0
0.0
0.0
0.0
0.0
0.0
0.0
0.0
0.0
0.0
0.0
0.0
0.0
0.0
0.0
0.0
0.0
0.0
0.0
0.0
0.0
0.0
0.0
0.0
0.0
0.0
0.0
0.0
0.0
0.0
0.0
0.0
0.0
0.0
0.0
0.0
0.0
0.0
0.0
0.0
0.0
0.0
0.0
0.0
0.0
0.0
0.0
0.0
0.0
0.0
0.0
0.0
0.0
0.0
0.0
0.0
0.0
0.0
0.0
0.0
0.0