0.0
0.0
0.0
0.0
0.0
0.0
0.0
0.0
0.0
0.0
0.0
0.0
0.0
0.0
0.0
0.0
0.0
0.0
0.0
0.0
0.0
0.0
0.0
0.0
0.0
0.0
0.0
0.0
0.0
0.0
0.0
0.0
0.0
0.0
0.0
0.0
0.0
0.0
0.0
0.0
0.0
0.0
0.0
0.0
0.0
0.0
0.0
0.0
0.0
0.0
0.0
0.0
0.0
0.0
0.0
0.0
0.0
0.0
0.0
0.0
0.0
0.0
0.0
0.0
0.0
0.0
0.0
0.0
0.0
0.0
0.0
0.0
0.0
0.0
0.0
0.0
0.0
0.0
0.0
0.0
0.0
0.0
0.0
0.0
0.0
0.0
0.0
0.0
0.0
0.0
0.0
0.0
0.0
0.0
0.0
0.0
0.0
0.0
0.0
0.0
0.0
0.0
0.0
0.0
0.0
0.0
0.0
0.0
0.0
0.0
0.0
0.0
0.0
0.0
0.0
0.0
0.0
0.0
0.0
0.0
0.0
0.0
0.0
0.0
0.0
0.0
0.0
0.0
0.0
0.0
0.0
0.0
0.0
0.0
0.0
0.0
0.0
0.0
0.0
0.0
0.0
0.0
0.0
0.0
0.0
0.0
0.0
0.0
0.0
0.0
0.0
0.0
0.0
0.0
0.0
0.0
0.0
0.0
0.0
0.0
0.0
0.0
0.0
0.0
0.0
0.0
0.0
0.0
0.0
0.0
0.0
0.0
0.0
0.0
0.0
0.0
0.0
0.0
0.0
0.0
0.0
0.0
0.0
0.0
0.0
0.0
0.0
0.0
0.0
0.0
0.0
0.0
0.0
0.0
0.0
0.0
0.0
0.0
0.0
0.0
0.0
0.0
0.0
0.0
0.0
0.0
0.0
0.0
0.0
0.0
0.0
0.0
0.0
0.0
0.0
0.0
0.0
0.0
0.0
0.0
0.0
0.0
0.0
0.0
0.0
0.0
0.0
0.0
0.0
0.0
0.0
0.0
0.0
0.0
0.0
0.0
0.0
0.0
0.0
0.0
0.0
0.0
0.0
0.0
0.0
0.0
0.0
0.0
0.0
0.0
0.0
0.0
0.0
0.0
0.0
0.0
0.0
0.0
0.0
0.0
0.0
0.0
0.0
0.0
0.0
0.0
0.0
0.0
0.0
0.0
0.0
0.0
0.0
0.0
0.0
0.0
0.0
0.0
0.0
0.0
0.0
0.0
0.0
0.0
0.0
0.0
0.0
0.0
0.0
0.0
0.0
0.0
0.0
0.0
0.0
0.0
0.0
0.0
0.0
0.0
0.0
0.0
0.0
0.0
0.0
0.0
0.0
0.0
0.0
0.0
0.0
0.0
0.0
0.0
0.0
0.0
0.0
0.0
0.0
0.0
0.0
0.0
0.0
0.0
0.0
0.0
0.0
0.0
0.0
0.0
0.0
0.0
0.0
0.0
0.0
0.0
0.0
0.0
0.0
0.0
0.0
0.0
0.0
0.0
0.0
0.0
0.0
0.0
0.0
0.0
0.0
0.0
0.0
0.0
0.0
0.0
0.0
0.0
0.0
0.0
0.0
0.0
0.0
0.0
0.0
0.0
0.0
0.0
0.0
0.0
0.0
0.0
0.0
0.0
0.0
0.0
0.0
0.0
0.0
0.0
0.0
0.0
0.0
0.0
0.0
0.0
0.0
0.0
0.0
0.0
0.0
0.0
0.0
0.0
0.0
0.0
0.0
0.0
0.0
0.0
0.0
0.0
0.0
0.0
0.0
0.0
0.0
0.0
0.0
0.0
0.0
0.0
0.0
0.0
0.0
0.0
0.0
0.0
0.0
0.0
0.0
0.0
0.0
0.0
0.0
0.0
0.0
0.0
0.0
0.0
0.0
0.0
0.0
0.0
0.0
0.0
0.0
0.0
0.0
0.0
0.0
0.0
0.0
0.0
0.0
0.0
0.0
0.0
0.0
0.0
0.0
0.0
0.0
0.0
0.0
0.0
0.0
0.0
0.0
0.0
0.0
0.0
0.0
0.0
0.0
0.0
0.0
0.0
0.0
0.0
0.0
0.0
0.0
0.0
0.0
0.0
0.0
0.0
0.0
0.0
0.0
0.0
0.0
0.0
0.0
0.0
0.0
0.0
0.0
0.0
0.0
0.0
0.0
0.0
0.0
0.0
0.0
0.0
0.0
0.0
0.0
0.0
0.0
0.0
0.0
0.0
0.0
0.0
0.0
0.0
0.0
0.0
0.0
0.0
0.0
0.0
0.0
0.0
0.0
0.0
0.0
0.0
0.0
0.0
0.0
0.0
0.0
0.0
0.0
0.0
0.0
0.0
0.0
0.0
0.0
0.0
0.0
0.0
0.0
0.0
0.0
0.0
0.0
0.0
0.0
0.0
0.0
0.0
0.0
0.0
0.0
0.0
0.0
0.0
0.0
0.0
0.0
0.0
0.0
0.0
0.0
0.0
0.0
0.0
0.0
0.0
0.0
0.0
0.0
0.0
0.0
0.0
0.0
0.0
0.0
0.0
0.0
0.0
0.0
0.0
0.0
0.0
0.0
0.0
0.0
0.0
0.0
0.0
0.0
0.0
0.0
0.0
0.0
0.0
0.0
0.0
0.0
0.0
0.0
0.0
0.0
0.0
0.0
0.0
0.0
0.0
0.0
0.0
0.0
0.0
0.0
0.0
0.0
0.0
0.0
0.0
0.0
0.0
0.0
0.0
0.0
0.0
0.0
0.0
0.0
0.0
0.0
0.0
0.0
0.0
0.0
0.0
0.0
0.0
0.0
0.0
0.0
0.0
0.0
0.0
0.0
0.0
0.0
0.0
0.0
0.0
0.0
0.0
0.0
0.0
0.0
0.0
0.0
0.0
0.0
0.0
0.0
0.0
0.0
0.0
0.0
0.0
0.0
0.0
0.0
0.0
0.0
0.0
0.0
0.0
0.0
0.0
0.0
0.0
0.0
0.0
0.0
0.0
0.0
0.0
0.0
0.0
0.0
0.0
0.0
0.0
0.0
0.0
0.0
0.0
0.0
0.0
0.0
0.0
0.0
0.0
0.0
0.0
0.0
0.0
0.0
0.0
0.0
0.0
0.0
0.0
0.0
0.0
0.0
0.0
0.0
0.0
0.0
0.0
0.0
0.0
0.0
0.0
0.0
0.0
0.0
0.0
0.0
0.0
0.0
0.0
0.0
0.0
0.0
0.0
0.0
0.0
0.0
0.0
0.0
0.0
0.0
0.0
0.0
0.0
0.0
0.0
0.0
0.0
0.0
0.0
0.0
0.0
0.0
0.0
0.0
0.0
0.0
0.0
0.0
0.0
0.0
0.0
0.0
0.0
0.0
0.0
0.0
0.0
0.0
0.0
0.0
0.0
0.0
0.0
0.0
0.0
0.0
0.0
0.0
0.0
0.0
0.0
0.0
0.0
0.0
0.0
0.0
0.0
0.0
0.0
0.0
0.0
0.0
0.0
0.0
0.0
0.0
0.0
0.0
0.0
0.0
0.0
0.0
0.0
0.0
0.0
0.0
0.0
0.0
0.0
0.0
0.0
0.0
0.0
0.0
0.0
0.0
0.0
0.0
0.0
0.0
0.0
0.0
0.0
0.0
0.0
0.0
0.0
0.0
0.0
0.0
0.0
0.0
0.0
0.0
0.0
0.0
0.0
0.0
0.0
0.0
0.0
0.0
0.0
0.0
0.0
0.0
0.0
0.0
0.0
0.0
0.0
0.0
0.0
0.0
0.0
0.0
0.0
0.0
0.0
0.0
0.0
0.0
0.0
0.0
0.0
0.0
0.0
0.0
0.0
0.0
0.0
0.0
0.0
0.0
0.0
0.0
0.0
0.0
0.0
0.0
0.0
0.0
0.0
0.0
0.0
0.0
0.0
0.0
0.0
0.0
0.0
0.0
0.0
0.0
0.0
0.0
0.0
0.0
0.0
0.0
0.0
0.0
0.0
0.0
0.0
0.0
0.0
0.0
0.0
0.0
0.0
0.0
0.0
0.0
0.0
0.0
0.0
0.0
0.0
0.0
0.0
0.0
0.0
0.0
0.0
0.0
0.0
0.0
0.0
0.0
0.0
0.0
0.0
0.0
0.0
0.0
0.0
0.0
0.0
0.0
0.0
0.0
0.0
0.0
0.0
0.0
0.0
0.0
0.0
0.0
0.0
0.0
0.0
0.0
0.0
0.0
0.0
0.0
0.0
0.0
0.0
0.0
0.0
0.0
0.0
0.0
0.0
0.0
0.0
0.0
0.0
0.0
0.0
0.0
0.0
0.0
0.0
0.0
0.0
0.0
0.0
0.0
0.0
0.0
0.0
0.0
0.0
0.0
0.0
0.0
0.0
0.0
0.0
0.0
0.0
0.0
0.0
0.0
0.0
0.0
0.0
0.0
0.0
5.414888617427857e-07
6.252861459322594e-07
7.12763080580595e-07
8.037522539577529e-07
8.980621367384919e-07
9.954768036463603e-07
1.0957557609048044e-06
1.198633885755616e-06
1.3038214840670729e-06
1.4110044717731415e-06
1.5198446855623583e-06
1.6299803278680086e-06
1.7410265508012922e-06
1.8525761832148372e-06
1.964200604586714e-06
2.0754507688733617e-06
2.1858583808969053e-06
2.2949372272056074e-06
2.402184662680331e-06
2.507083253452834e-06
2.6091025759579187e-06
2.7077011711603667e-06
2.8023286521836228e-06
2.8924279627202156e-06
2.977437782729466e-06
3.0567950770260754e-06
3.129937781439847e-06
3.1963076202830817e-06
3.2553530479037874e-06
3.306532306132517e-06
3.349316588453442e-06
3.3831933007504707e-06
3.4076694075013695e-06
3.422274851322685e-06
3.4265660328098117e-06
3.42012933667669e-06
3.402584689282476e-06
3.373589131744905e-06
3.3328403919872162e-06
3.2800804382538034e-06
3.2150989958646087e-06
3.1377370082667667e-06
3.0478900227893327e-06
2.9455114809197263e-06
2.830615892404752e-06
2.70328187204077e-06
2.563655017662815e-06
2.411950607576606e-06
2.248456095506744e-06
2.0735333810637502e-06
1.8876208337673225e-06
2.177013752630722e-06
2.4784758655600905e-06
2.7913791728152966e-06
3.1150150432220457e-06
3.4485937630665495e-06
3.7912444563683807e-06
4.142015394937922e-06
4.499874715602151e-06
4.8637115608251025e-06
5.232337657656443e-06
5.604489348513275e-06
5.9788300857374676e-06
6.353953400173876e-06
6.72838635218804e-06
7.10059347158466e-06
7.468981190808706e-06
7.831902773608034e-06
8.187663739022594e-06
8.53452777813701e-06
8.870723158508996e-06
9.194449608561816e-06
9.503885671523456e-06
9.79719651570925e-06
1.0072542185097152e-05
1.0328086271236235e-05
1.056200498458404e-05
1.077249660038597e-05
1.0957791251214842e-05
1.1116161035288147e-05
1.1245930406691345e-05
1.1345486810673347e-05
1.1413291524260875e-05
1.1447890659576979e-05
1.1447926284464103e-05
1.1412147612320635e-05
1.1339422210477417e-05
1.1228747173989639e-05
1.1079260209411776e-05
1.0890250570983542e-05
1.066116978969582e-05
1.0391642133948192e-05
1.0081474738972472e-05
9.730667340894238e-06
9.339421550257183e-06
8.908149599058625e-06
8.437482494853943e-06
7.928277515301339e-06
7.381624976647291e-06
6.798854210115099e-06
6.181538680963053e-06
7.120330190879423e-06
8.096191783293538e-06
9.106931263192546e-06
1.0150104302186856e-05
1.122301457876997e-05
1.2322715130606708e-05
1.3446010968015958e-05
1.4589462993954087e-05
1.5749393271548872e-05
1.6921891675585293e-05
1.8102823959307868e-05
1.9287841262487573e-05
2.047239108091339e-05
2.1651729711322193e-05
2.2820936179288884e-05
2.3974927650778097e-05
2.510847632092957e-05
2.6216227766230085e-05
2.729272073854161e-05
2.8332408371532515e-05
2.9329680761924767e-05
3.0278888879655418e-05
3.117436975258958e-05
3.2010472862846434e-05
3.2781587683149096e-05
3.3482172272922255e-05
3.410678284517697e-05
3.465010420658737e-05
3.5106980964616766e-05
3.547244938714152e-05
3.5741769791801546e-05
3.5910459334306844e-05
3.597432505722749e-05
3.592949705341037e-05
3.577246159117361e-05
3.550009404186636e-05
3.510969144430425e-05
3.459900453504714e-05
3.396626906853053e-05
3.321023624673967e-05
3.23302020744778e-05
3.132603545337515e-05
3.019820482565657e-05
2.8947803177379157e-05
2.7576571210409205e-05
2.608691849286747e-05
2.4481942399172396e-05
2.2765444653184366e-05
2.0941945291333828e-05
1.90166938670228e-05
2.1877399102170912e-05
2.4844683870707514e-05
2.791141656109608e-05
3.106972839058923e-05
3.4311018547652255e-05
3.7625963014159525e-05
4.100452718500285e-05
4.443598238965812e-05
4.790892640609821e-05
5.141130804224212e-05
5.493045584391713e-05
5.845311097113162e-05
6.196546426632869e-05
6.54531975192985e-05
6.89015289135821e-05
7.229526261860839e-05
7.56188424704948e-05
7.885640966251916e-05
8.199186434378499e-05
8.500893100167328e-05
8.789122748035662e-05
9.062233746407701e-05
9.318588623014252e-05
9.556561945277942e-05
9.774548481522791e-05
9.970971616387887e-05
0.00010144291991494859
0.000102930163401303
0.00010415706482472343
0.00010510988445720672
0.00010577561671407789
0.0001061420827017313
0.00010619802282402544
0.00010593318901368226
0.00010533843613880598
0.00010440581211979959
0.00010312864627881428
0.00010150163543238986
9.952092722841202e-05
9.718420022091618e-05
9.449074017082644e-05
9.144151205746966e-05
8.803922728482562e-05
8.428840556797711e-05
8.019543098931493e-05
7.576860172068348e-05
7.101817291702153e-05
6.595639229912663e-05
6.059752795807049e-05
5.495788793151329e-05
6.31462900891431e-05
7.162139204435427e-05
8.036154782252225e-05
8.934309707736144e-05
9.854039277390567e-05
0.0001079258392669885
0.000117469941020581
0.0001271413621729425
0.00013690699710959203
0.00014673205216060687
0.00015658013849091288
0.0001664133762021245
0.0001761925096122749
0.00018587703362567016
0.00019542533104920787
0.0002047948206540887
0.00021394211572309387
0.00022282319276374488
0.00023139357000695308
0.00023960849524944412
0.0002474231425366045
0.0002547928171206957
0.0002616731680679418
0.00026802040782709246
0.0002737915380120317
0.0002789445805921598
0.0002834388136269336
0.00028723501062547467
0.00029029568255884905
0.0002925853215018502
0.0002940706448332232
0.00029472083887855754
0.00029450780083894773
0.00029340637781124774
0.00029139460167269647
0.0002884539185741818
0.00028456941176272524
0.0002797300164352622
0.000273928725312678
0.0002671627836156896
0.0002594338721227205
0.0002507482769946871
0.00024111704506279784
0.0002305561232932304
0.00021908648116711872
0.0002067342147457316
0.00019353063122922386
0.00017951231286293315
0.00016472115909796185
0.00014920440597272893
0.0001712208253094017
0.0001939584189755052
0.0002173558344984683
0.00024134657753790888
0.0002658591196332139
0.0002908170332779727
0.00031613915473942137
0.0003417397749271293
0.0003675288584955296
0.00039341229123988366
0.00041929215571526087
0.00044506703487354367
0.00047063234337483943
0.0004958806860874342
0.0005207022431451852
0.0005449851807834921
0.0005686160870254515
0.000591480431139014
0.0006134630456346426
0.0006344486294218485
0.0006543222705927146
0.0006729699871519104
0.0006902792838664762
0.0007061397232656441
0.0007204435086818948
0.0007330860770902041
0.0007439666993737734
0.0007529890855222741
0.0007600619921536535
0.0007650998296435423
0.0007680232660481913
0.0007687598249183453
0.000767244474023356
0.0007634202019378824
0.0007572385793883895
0.0007486603022141801
0.0007376557127683042
0.0007242052965682305
0.0007083001510050672
0.0006899424229339522
0.0006691457119974291
0.0006459354365787663
0.0006203491593432509
0.0005924368694033157
0.0005622612182375642
0.0005298977066050794
0.0004954348198243484
0.0004589741089312809
0.0004206302153924612
0.00038053083722834087
0.00043613599047328676
0.0004934363140058868
0.0005522693062063901
0.0006124602127371738
0.0006738223786637802
0.0007361576674034744
0.0007992569469633466
0.0008629006436348848
0.0009268593630055351
0.0009908945778313034
0.001054759381988934
0.0011181993093930408
0.00118095321642368
0.0012427542260652251
0.001303330731608714
0.001362407457419437
0.0014197065739201408
0.001474948863590361
0.0015278549344347392
0.0015781464770307245
0.0016255475609289957
0.0016697859658518607
0.0017105945428157736
0.0017477125999975818
0.0017808873078703038
0.001809875117856654
0.0018344431884873625
0.0018543708128100748
0.0018694508405732722
0.0018794910885118529
0.0018843157318865326
0.0018837666702816
0.0018777048605445436
0.0018660116096598637
0.0018485898202878458
0.0018253651816699384
0.0017962872986054625
0.0017613307512422455
0.0017204960784957916
0.0016738106780203122
0.0016213296157992524
0.001563136338605237
0.001499343282798138
0.0014300923731873773
0.0013555554059787223
0.0012759343101584834
0.0011914612820370773
0.0011023987880806024
0.0010090394316010344
0.0009117056793535599
0.0010436235294895213
0.0011792616495712174
0.0013182176010523544
0.001460061710846946
0.0016043380860279576
0.0017505657804877254
0.0018982401132974288
0.002046834137798504
0.002195800259736059
0.0023445720020057294
0.002492565912833665
0.00263918361344821
0.002783813980533803
0.0029258354579866125
0.0030646184917206727
0.0031995280805064627
0.0033299264350647134
0.0034551757368904467
0.0035746409875498306
0.0036876929384790217
0.0037937110906241488
0.00389208675259839
0.003982226145400034
0.004063553541138418
0.004135514422656269
0.004197578650421613
0.004249243622593142
0.004290037413744122
0.00431952187736452
0.00433729569695273
0.004342997370260307
0.004336308111068335
0.004316954652755602
0.004284711937868955
0.004239405677927718
0.004180914767788601
0.004109173539067794
0.004024173837363121
0.003925966908344047
0.0038146650781803863
0.003690443214263834
0.003553539952738424
0.00340425867999848
0.0032429682560332906
0.003070103468296725
0.002886165205656056
0.0026917203429247527
0.0024874013275078648
0.002273905460782776
0.0020519938679997053
0.0023459696670229836
0.0026475601609827148
0.002955833046286819
0.00326979961276156
0.0035884173799423085
0.003910593054428754
0.004235185804828293
0.004561010849262256
0.004886843348836994
0.005211422598891816
0.005533456508235299
0.005851626354978112
0.00616459180597041
0.0064709961852641405
0.00676947197545173
0.007058646534190616
0.007337148006716757
0.0076036114136861874
0.007856684892271416
0.008095036067085476
0.008317358526220972
0.008522378376478724
0.00870886085073382
0.0088756169393472
0.009021510016592458
0.009145462432231325
0.009246462037649675
0.009323568615360689
0.009375920180204075
0.009402739120220258
0.00940333814496813
0.009377126008982216
0.00932361297814133
0.009242416006943019
0.009133263595056673
0.008996000292057943
0.008830590819938769
0.008637123783832861
0.008415814942406305
0.008167010010527045
0.00789118696815421
0.007588957850867911
0.007261069999098313
0.006908406744898343
0.006531987517041185
0.00613296734729904
0.005712635762976423
0.005272415053114411
0.004813857898252795
0.0043386443562205374
0.004954017286630707
0.0055839059465219365
0.0062262892035838645
0.0068790372153978395
0.007539917679027664
0.00820660271016213
0.008876676338822019
0.009547642605501262
0.010216934238459152
0.010881921889724455
0.011539923904234434
0.012188216593419924
0.012824044981484229
0.013444633989616686
0.014047200020453315
0.01462896290225648
0.015187158149555078
0.015719049494373864
0.016221941639709647
0.01669319318458819
0.01713022966788457
0.017530556676113758
0.01789177295862396
0.01821158349205357
0.01848781243456832
0.018718415909278734
0.01890149455537278
0.019035305784882106
0.019118275682655957
0.019149010487039656
0.019126307588964712
0.019049165987650607
0.01891679614190883
0.018728629157124418
0.018484325249377397
0.018183781429854377
0.017827138354690852
0.017414786287676003
0.016947370125841184
0.01642579344083656
0.015851221492173627
0.015225083171864294
0.014549071843715317
0.01382514504452728
0.013055523018689784
0.012242686062145921
0.011389370656406035
0.010498564378204112
0.009573499575499982
0.00861764580580838
0.009827639965982203
0.011063357505266578
0.012320696885482003
0.013595361964161138
0.014882875609483365
0.01617859445898231
0.017477724786019288
0.018775339432145266
0.02006639575764913
0.021345754556829577
0.022608199878865004
0.02384845968961911
0.02506122730433043
0.026241183515935153
0.027383019338770853
0.028481459282657547
0.029531285067853182
0.030527359687185382
0.031464651717773164
0.032338259781218015
0.03314343704796931
0.03387561567879135
0.03453043109389602
0.03510374595837169
0.03559167377106683
0.03599060194308065
0.036297214251499545
0.036508512554003725
0.03662183765047099
0.03663488917872998
0.03654574443317524
0.03635287599705177
0.0360551680818594
0.035651931470504376
0.035142916964554564
0.03452832724021
0.03380882702239502
0.03298555149169205
0.03206011284465531
0.0310346049343684
0.02991160592489818
0.028694178900562334
0.027385870378611194
0.02599070668203908
0.024513188137721003
0.022958281073921987
0.02133140760039584
0.019638433163741163
0.01788565188040694
0.01607976965965375
0.018314604844569926
0.020591709059263663
0.02290328893551163
0.02524122833088808
0.027597115711601696
0.029962273456178808
0.032327788995724846
0.03468454769639774
0.03702326737984981
0.03933453436773016
0.04160884092699445
0.04383662398373694
0.046008304964640694
0.04811433061694098
0.050145214650086034
0.05209158003510396
0.053944201791065904
0.05569405008205374
0.057332333442693964
0.05885054194568863
0.06024049012085608
0.061494359432059435
0.06260474011604793
0.06356467218571757
0.06436768539962605
0.06500783799979425
0.06547975402091914
0.06577865897611342
0.06590041372719685
0.06584154635139429
0.06559928182104907
0.06517156931863487
0.0645571070159472
0.06375536415385008
0.06276660026735342
0.061591881410054145
0.06023309324210241
0.05869295085678388
0.05697500523254591
0.055083646209785925
0.0530241019049088
0.05080243448804977
0.048425532265333436
0.04590109802162254
0.043237633595266896
0.04044442067241467
0.0375314978048519
0.03450963367209656
0.03139029662547912
0.028185620569118816
0.03206287505517808
0.03600430526248534
0.039996042906613405
0.04402372541317137
0.048072546919591314
0.05212731224857878
0.05617249367916654
0.06019229032541439
0.06417068991743594
0.06809153276463892
0.0719385776669974
0.07569556952681367
0.07934630840095047
0.08287471972189435
0.0862649254054097
0.08950131555295383
0.09256862044855362
0.0954519825425503
0.09813702810852398
0.10060993825491843
0.10285751896938777
0.10486726987177697
0.10662745135091559
0.10812714976111469
0.10935634035641911
0.11030594764429602
0.11096790284556507
0.1113351981539813
0.11140193749698282
0.11116338350869999
0.11061600043736869
0.10975749272178964
0.10858683898539304
0.10710432121175575
0.10531154888207012
0.10321147787297509
0.10080842393234345
0.09810807057093356
0.09511747122927697
0.09184504560161894
0.08830057002215781
0.08449516184310168
0.08044125775908578
0.07615258605822892
0.07164413280634863
0.06693210199762265
0.062033869732026986
0.0569679325072299
0.05175384974001357
0.04641218065973565
0.052730752301512744
0.05913887679457045
0.06561343795754963
0.07213062436104987
0.07866601748856276
0.08519468411054935
0.09169127254784488
0.09813011247773659
0.10448531791428656
0.11073089297396613
0.1168408400185371
0.12278926974939518
0.1285505128115134
0.13409923245064065
0.13941053775476225
0.14446009699997736
0.14922425061205624
0.15368012324806046
0.1578057344975681
0.16158010770037826
0.1649833763770321
0.16799688777021474
0.1706033029990316
0.17278669333439212
0.17453263211221975
0.17582828181199472
0.17666247584118494
0.17702579458142279
0.176910635269808
0.17631127530842322
0.1752239286169738
0.17364679466737212
0.17158009986496847
0.16902613096894292
0.16598926027400177
0.16247596230684985
0.15849482182388333
0.15405653293095456
0.149173889181886
0.14386176454938399
0.13813708520012916
0.1320187920447904
0.1255277940735014
0.11868691252771205
0.1115208160000895
0.10405594659524285
0.09632043732510974
0.08834402095391745
0.08015793054829082
0.07179479202838546
0.08146706437655098
0.09125324212152497
0.10111722848915755
0.11102203582219922
0.12092992723187315
0.1308025636785673
0.14060115593306718
0.15028662083996863
0.15981974127717455
0.16916132917990295
0.17827239097457576
0.187114294747347
0.1956489384541835
0.20383891846423075
0.21164769771601183
0.2190397727567036
0.22598083892859502
0.23243795296376765
0.2383796922482072
0.24377631001999223
0.2485998857728795
0.2528244701466414
0.2564262235987976
0.25938354816901843
0.26167721166733887
0.26329046364045083
0.26420914249662003
0.2644217731991732
0.26391965497090636
0.2626969384871031
0.2607506920729745
0.25808095646215296
0.2546907877161911
0.25058628795075455
0.24577662356208807
0.24027403069729264
0.23409380776372754
0.2272542948262194
0.21977683979561694
0.21168575136817266
0.20300823873224705
0.19377433811644018
0.18401682631146202
0.17377112135635706
0.1630751706380612
0.1519693267113046
0.14049621120330108
0.12870056722439502
0.11662910076132588
0.1043303115840917
0.11823791465380754
0.1322757186705622
0.146390911822573
0.16052965671323222
0.1746373021502866
0.18865860120417305
0.20253793468355502
0.21621953914153777
0.22964773849471967
0.24276717830971006
0.2555230617878614
0.26786138645908264
0.27972918057983165
0.2910747382187018
0.30184785200579123
0.3120000425190457
0.3214847832823847
0.33025772035640266
0.3382768855130789
0.34550290200103356
0.35189918192754466
0.3574321143077354
0.3620712428599475
0.36578943265935704
0.36856302479917274
0.37037197825025375
0.3711999981554994
0.37103464984478807
0.36986745790937164
0.36769398973131284
0.36451392292351864
0.36033109619903486
0.35515354325417
0.3489935093185858
0.34186745009630415
0.33379601289451677
0.32480399981167024
0.3149203129323841
0.3041778815539352
0.29261357154694395
0.2802680770313654
0.2671857946273018
0.2534146806185028
0.23900609144399174
0.2240146080100857
0.20849784439042637
0.19251624155550312
0.17613284684497754
0.15941307996556098
0.14242448636415783
0.16120854228161924
0.18012274261751157
0.19909468625427595
0.21805093941410691
0.23691733055463238
0.2556192515755171
0.27408196411831826
0.29223090970706317
0.30999202244700735
0.3272920429745366
0.34405883233190526
0.3602216844270119
0.37571163573048594
0.39046177086027
0.4044075227077324
0.41748696576894667
0.4296411013604912
0.44081413342056913
0.45095373362375457
0.46001129457083567
0.4679421698542596
0.47470589984423645
0.4802664220906353
0.4845922652911952
0.48765672583704767
0.4894380260119586
0.4899194529917435
0.4890894778647658
0.48694185397299644
0.48347569395547246
0.4786955249618414
0.4726113215926698
0.4652385162149158
0.4565979863951408
0.44671601928914795
0.43562425292449963
0.4233595944112432
0.4099641152159088
0.3954849237337699
0.379974015494279
0.36348810143393895
0.346088414769121
0.3278404970983503
0.30881396445846615
0.28908225415190136
0.26872235325216864
0.24781450978152186
0.22644192763800175
0.20469044642825696
0.1826482074375932
0.2064790223359514
0.23041649564269498
0.25436761450430156
0.2782385119554266
0.3019348495272011
0.32536220504412977
0.3484264640038323
0.37103421290532634
0.393093132869636
0.4145123918819291
0.4352030339766233
0.45507836368669496
0.4740543240852044
0.4920498667614321
0.5089873120955064
0.5247926982242628
0.5393961171271855
0.5527320363043559
0.5647396045685621
0.5753629405305717
0.5845514024201964
0.5922598379556253
0.5984488130495975
0.603084818222814
0.6061404516823796
0.6075945781156149
0.6074324623469184
0.6056458771071118
0.602233184270458
0.5971993890238249
0.5905561665448995
0.5823218608813652
0.5725214558401472
0.5611865178146727
0.5483551105980027
0.5340716823503359
0.5183869250099692
0.5013576065571215
0.4830463766591899
0.46352154634383536
0.4428568424620335
0.42113113781633954
0.3984281579398785
0.3748361656179899
0.3504476243471353
0.3253588420235054
0.29966959624693296
0.2734827427131483
0.2469038082492468
0.22004057012274256
0.2484393671741566
0.276895041250917
0.30529561047236875
0.3335286279264146
0.36148164438553776
0.38904267377394475
0.4161006594291193
0.44254593918619617
0.46827070730725434
0.49316947127995203
0.5171395015205701
0.5400812720360785
0.5618988901275885
0.582500513254097
0.6017987512200059
0.619711051902965
0.6361600687994466
0.6510740087342012
0.6643869581560639
0.6760391865259798
0.6859774253936093
0.6941551218557328
0.700532665192843
0.7050775855890745
0.707764723954787
0.7085763719900009
0.7075023817501438
0.7045402441025814
0.6996951355927099
0.6929799333713516
0.6844151979703467
0.6740291238498688
0.661857457778665
0.6479433852463683
0.6323373852448051
0.6150970538921464
0.5962868975091328
0.5759780958901272
0.5542482366423814
0.5311810215945976
0.506865946399471
0.481397954574398
0.45487706733902533
0.42740799071732466
0.3990997014752009
0.3700650135612531
0.3404201268084561
0.31028415973701906
0.27977866837394066
0.24902715307163603
0.28081576689603854
0.31258877909395816
0.3442198396086009
0.37558270596987353
0.4065517650022691
0.43700255371505964
0.466812277169698
0.4958603211245765
0.5240287572724746
0.551202838910397
0.5772714849154429
0.6021277499436045
0.6256692788206906
0.6477987431559514
0.6684242582788708
0.6874597786781651
0.7048254702084136
0.7204480574241514
0.7342611445028233
0.7462055083265874
0.7562293624080672
0.7642885904661305
0.7703469485843989
0.7743762350165992
0.7763564268388066
0.7762757827882409
0.7741309117711941
0.769926806668078
0.7636768432110259
0.7554027438581616
0.7451345067380801
0.7329102998874383
0.7187763211533774
0.7027866242799252
0.6850029118430966
0.6654942958424088
0.6443370268962085
0.62161419312428
0.597415389932579
0.5718363620416155
0.5449786192207909
0.5169490273060191
0.4878593761860315
0.4578259265439951
0.4269689372346611
0.3954121752627429
0.363282410405657
0.3307088965920763
0.29782284220748284
0.2647568715478952
0.2981804441363781
0.33150355114792757
0.36459258398056626
0.3973147161492521
0.42953845169290616
0.4611341685948994
0.4919746549188626
0.5219356353898659
0.5508962861904013
0.578739735788307
0.605353549672227
0.6306301969367097
0.6544674967354411
0.67676904270541
0.6974446035578435
0.7164104981322473
0.733589943318134
0.7489133733638931
0.7623187292138635
0.7737517166419245
0.7831660320827688
0.7905235551994698
0.7957945073677215
0.7989575754023526
0.8
0.7989176285222629
0.7957149318958248
0.7904049855591354
0.7830094145386288
0.7735583028904907
0.7620900678960122
0.7486512995488089
0.7332965660201801
0.7160881859337739
0.6970959684221122
0.6763969220744765
0.6540749340179952
0.630220420500468
0.6049299504644768
0.578305843716332
0.5504557454012641
0.5214921785956225
0.4915320769194102
0.4606962991556536
0.42910912793886447
0.39689775464039656
0.36419175263584513
0.33112254118683015
0.29782284220748095
0.2644261322136085
0.2974359240638892
0.33026274080459644
0.36277417088176384
0.39483924308482266
0.42632896392877573
0.45711684603721126
0.48707942531121917
0.5160967647209532
0.5440529426161564
0.570836523521914
0.5963410094632022
0.6204652699486166
0.643113948837204
0.66419784641452
0.6836342751123508
0.7013473874219609
0.717268474671894
0.7313362354682732
0.7434970127271214
0.7537049983643986
0.7619224048491704
0.768119602968445
0.7722752252974401
0.7743762350165997
0.774417959865045
0.7724040911693679
0.7683466480356298
0.7622659069407578
0.7541902971064558
0.7441562621835891
0.7322080889173649
0.7183977036025216
0.7027844372729916
0.6854347607011426
0.6664219904075444
0.6458259670022728
0.6237327072930905
0.6002340317033764
0.5754271686435682
0.5494143375728657
0.52230231257398
0.49420196834062163
0.4652278105469496
0.4354974926279507
0.4051313210517082
0.3742517512061628
0.34298287605632516
0.31144990975119835
0.2797786683739426
0.2480950500331241
0.2787175268798643
0.309091862367203
0.339095073846682
0.3686061399299497
0.39750649121409803
0.42568048890736887
0.4530158893849399
0.4794042927724747
0.5047415737300226
0.5289282926925675
0.5518700859132191
0.5734780327526142
0.5936689987608826
0.6123659532082332
0.6294982598343989
0.645001939706704
0.6588199052000312
0.6709021642394504
0.6812059940766421
0.6896960840044023
0.6963446465485074
0.7011314968127142
0.7040440997898134
0.7050775855890746
0.704234732667377
0.7015259192872889
0.6969690435596712
0.690589412560567
0.6824196011415783
0.6724992811789707
0.6608750221291602
0.6476000638760457
0.6327340629688627
0.6163428134569472
0.5984979436299485
0.5792765900677805
0.5587610504940671
0.53703841700915
0.5142001913540559
0.4903418839243255
0.46556259831268765
0.4399646032113216
0.41365289354839296
0.3867347427686015
0.3593192481949845
0.33151687142714015
0.3034389757415283
0.27519736246037335
0.24690380824924552
0.21866960528736162
0.24535320378994352
0.27175162939859027
0.2977578349924433
0.3232670308355743
0.34817710198069146
0.37238901191066115
0.39580719080312987
0.4183399068789845
0.4398996193773389
0.4604033117871808
0.47977280405890466
0.4979350426166265
0.5148223670945784
0.5303727528270423
0.5445300282311739
0.5572440663346707
0.5684709498155568
0.5781731090384328
0.586319432690327
0.5928853507385544
0.5978528895531433
0.6012106991559434
0.6029540526777842
0.6030848182228143
0.6016114034555061
0.5985486733397785
0.5939178415710943
0.5877463363506658
0.5800676412555397
0.5709211120590435
0.5603517704522786
0.548410075708851
0.5351516754212304
0.5206371365179668
0.5049316578458726
0.4881047656702417
0.47022999350845507
0.4513845477685375
0.43164896071303105
0.41110673231108924
0.3898439625764612
0.3679489760174227
0.3455119398450494
0.3226244775999907
0.2993792798639323
0.2758697137210654
0.25218943262648413
0.22843198832334882
0.2046904464282534
0.18105700727539853
0.20289707291636222
0.22444675822525573
0.2456187462858737
0.26632801881980356
0.2864921866512188
0.3060318063344063
0.3248706817288587
0.34293614938106237
0.3601593466515272
0.37647546160806294
0.39182396379310025
0.40614881506207334
0.4193986597821712
0.43152699377508763
0.4424923114837312
0.4522582309403566
0.4607935962121997
0.46807255709968243
0.4740746259615056
0.4787847116395127
0.48219313055436874
0.48429559513969656
0.4850931798775614
0.48459226529119487
0.4828044603416324
0.47974650376279915
0.47544014495436554
0.4699120051329909
0.46319341952004395
0.4553202614172973
0.4463327490910552
0.43627523644958494
0.42519598855812446
0.4131469430901977
0.4001834588629987
0.38636405264838175
0.3717501254888933
0.35640567978093723
0.3403970284135083
0.3237924972720011
0.30666212243123014
0.28907734337119423
0.27111069355200956
0.2528354896820774
0.2343255210050812
0.21565473991757728
0.19689695520930856
0.17812552919366895
0.15941307996556217
0.14083118998893354
0.15762185166198805
0.17414504116995266
0.1903340187054414
0.20612415935194775
0.221453196363766
0.2362614518929656
0.25049205432812294
0.2640911414755948
0.27700804888344954
0.28919548267910117
0.30060967636519137
0.31121053109283614
0.32096173900746827
0.32983088933935445
0.3377895569883964
0.3448133734304145
0.3508820798496772
0.35597956247945506
0.36009387020866385
0.3632172145877239
0.3653459524404571
0.3664805513607372
0.3666255384425186
0.36578943265935693
0.36398466137453866
0.36122746152501445
0.3575377660813563
0.3529390764416814
0.34745832146967653
0.3411257039353834
0.33397453516202286
0.3260410587228011
0.31736426406811685
0.3079856909957802
0.29794922590486866
0.2873008907971922
0.2760886260094883
0.26436206767392695
0.2521723209146415
0.23957172979346752
0.22661364501928769
0.21335219043201406
0.19984202926471414
0.18613813117541678
0.17229554102425085
0.15836915035146404
0.14441347248809994
0.13048242220330203
0.11662910076132844
0.10290558722652675
0.11503067368460447
0.126930351410028
0.1385568238354339
0.14986407288961526
0.16080802529643778
0.17134670848369474
0.18144039558198777
0.19105173904748626
0.20014589249731107
0.2086906204023664
0.21665639533919465
0.22401648255981674
0.2307470116960514
0.2368270354724433
0.2422385753592433
0.24696665415384503
0.25099931553507354
0.2543276306900362
0.25694569216709867
0.25885059516119935
0.26004240648855714
0.2605241215570024
0.26030160968521115
0.25938354816901843
0.2577813455355335
0.25550905446579125
0.25258327490405175
0.249023047906439
0.2448497408133377
0.24008692435864082
0.23476024235463988
0.2288972746137935
0.2225273937879958
0.21568161682196085
0.20839245173028115
0.2006937404171655
0.1926204982642984
0.18420875121519778
0.17549537108448088
0.1665179098170111
0.15731443341564022
0.14792335624678674
0.13838327642083378
0.1287328129290825
0.11901044520118631
0.10925435572642545
0.09950227635928886
0.08979133890437284
0.08015793054829257
0.07063755467654506
0.07886194723835287
0.08691134029124382
0.09475366480408651
0.10235822829053676
0.10969582015620521
0.11673880914652005
0.12346123260697602
0.12983887730731974
0.1358493516212581
0.14147214889374804
0.14668870186839417
0.15148242808793944
0.15583876622093965
0.15974520330744718
0.16319129295560497
0.1661686645594473
0.1686710236455226
0.17069414349239334
0.1722358482021089
0.17329598743659286
0.17387640306412194
0.17398088799183273
0.17361513748916954
0.17278669333439192
0.17150488114158244
0.16978074124892364
0.16762695357032462
0.1650577568316584
0.1620888626299435
0.15873736476863143
0.15502164433483254
0.15096127099468504
0.14657690099127005
0.1418901723353346
0.1369235976828437
0.13170045539477793
0.12624467927397318
0.12058074747086592
0.11473357104518359
0.1087283826635555
0.10259062590416995
0.09634584562872833
0.09001957986936271
0.08363725366376486
0.07722407525583737
0.07080493506160362
0.06440430778120136
0.058046158017445615
0.05175384974001407
0.04555005991167523
0.05078996625903659
0.055904144678547096
0.06087243968073883
0.06567568085354768
0.0702957445353719
0.07471560994785979
0.07891940965049414
0.08289247420609876
0.08662137097327939
0.09009393696864462
0.09329930576827164
0.0962279284440567
0.09887158855643431
0.10122341125007278
0.10327786652376447
0.1050307667694595
0.10647925869833051
0.10762180979373506
0.10845818945191327
0.10898944499112913
0.10921787272867836
0.10914698434268642
0.10878146875184179
0.1081271497611148
0.107190939735044
0.10598078957232882
0.10450563526617583
0.10277534134413552
0.10080064148897319
0.09859307664849337
0.09616493094710439
0.09352916571537731
0.09069935195581086
0.08768960156360728
0.08451449762040578
0.08118902407673648
0.07772849513539137
0.07414848464310302
0.07046475579181787
0.06669319142360498
0.06284972522479379
0.058950274085472876
0.05501067188994249
0.05104660499228515
0.047073549618819044
0.0431067114261212
0.03916096742933545
0.03525081050100757
0.031390296625479035
0.02759299507831761
0.030728753750072547
0.033780662450896524
0.036736856737172266
0.039586125968071345
0.04231794653569795
0.044922511500232964
0.04739075657759528
0.04971438244396789
0.05188587333820786
0.05389851195953987
0.05574639067401116
0.057424419058855536
0.058928327829166766
0.060254669205960426
0.06140081379890114
0.06236494409047566
0.06314604462130322
0.06374388898841478
0.06415902377979163
0.06439274957908715
0.06444709918430015
0.06432481319317454
0.06402931311624475
0.06356467218571754
0.0629355840347557
0.0621473294272174
0.0612057412224719
0.0601171677635914
0.05888843487997658
0.057526806697358546
0.05603994544909041
0.05443587048278073
0.052722916655563515
0.05090969230975961
0.04900503701828719
0.04701797928606248
0.044957694389708036
0.042833462533301475
0.04065462749259649
0.038430555914239835
0.03617059742996529
0.03388404573868611
0.03158010080179438
0.029267832288936882
0.026956144403016954
0.024653742204357735
0.02236909954472451
0.02011042871248095
0.01788565188040689
0.015702374437870186
0.017464998991067654
0.019175597783749127
0.02082763106825978
0.022414962453180087
0.023931875279464224
0.025373086834125536
0.02673376039020819
0.028009515071472358
0.02919643354971065
0.03029106759183327
0.03129044148280767
0.03219205335915357
0.032993874495981054
0.03369434659842796
0.034292377155864
0.034787332924264475
0.03517903160878116
0.03546773182465498
0.03565412142028112
0.0357393042513775
0.03572478549984855
0.03561245563505582
0.03540457311879846
0.03510374595837169
0.03471291221460027
0.034235319573750894
0.03367450409370057
0.03303426823569817
0.032318658293496456
0.03153194133158096
0.030678581743666028
0.02976321754161676
0.028790636483459975
0.027765752147236894
0.026693580055085476
0.02557921394920841
0.02442780231823382
0.023244525268998773
0.02203457183496061
0.020803117808303635
0.019555304178409522
0.01829621625467008
0.017030863546746405
0.015764160470254744
0.014500907940602013
0.013245775912261368
0.012003286915248488
0.010777800634916004
0.00957349957550016
0.008394375842112244
0.009324998647502877
0.01022554009877872
0.011092625541351542
0.0119231120136105
0.012714095553000732
0.013462917294661703
0.014167168366949727
0.014824693593328256
0.015433594015061523
0.015992228253942913
0.016499212738846743
0.01695342082426052
0.01735398083306422
0.017700273059698172
0.01799192577347361
0.018228810265127855
0.018411034982794585
0.018538938806348267
0.018613083511582227
0.018634245477889288
0.018603406695028978
0.018521745126184826
0.018390624485842662
0.018211583492053568
0.01798632465338845
0.017716702651348528
0.01740471237917538
0.017052476697904863
0.016662233970150032
0.016236325431474376
0.015777182458351493
0.015287313790597097
0.014769292764830595
0.014225744613970012
0.013659333886019101
0.013072752033461045
0.012468705222463333
0.011849902408816056
0.011219043725108431
0.010578809221087244
0.009931847996474273
0.009280767762735079
0.008628124867441512
0.007976414811922669
0.0073280632899200395
0.006685417771916316
0.006050739656760081
0.005426197009121771
0.004813857898252849
0.004215684350456225
0.004677196165660802
0.005122479104337566
0.005549903398247207
0.005957963347922502
0.006345280219744134
0.0067106045166121855
0.0070528176297402975
0.007370932881616842
0.0076640959725626226
0.007931584845595458
0.00817280898644837
0.008387308177606646
0.008574750727093785
0.008734931194469496
0.008867767638076743
0.00897329840900895
0.009051678518541805
0.009103175606896281
0.009128165542166907
0.009127127679060374
0.009100639807747245
0.009049372823633026
0.00897408514920895
0.0088756169393472
0.008754884101465276
0.008612872161902601
0.008450630009634585
0.008269263548098085
0.008069929285426323
0.007853827892791394
0.0076221977598416955
0.00737630857539723
0.007117454960646037
0.006846950181063735
0.0065661199621760485
0.00627629643309692
0.005978812220519929
0.005674994714516359
0.005366160526117457
0.005053610155228587
0.0047386228859575665
0.004422451924933123
0.004106319796668146
0.003791414008470634
0.0034788829958555447
0.0031698323578455215
0.0028653213899998637
0.0025663599214607205
0.0022739054607827888
0.0019888606538069733
0.002203834550165573
0.0024106309589517656
0.0026085135079052823
0.0027968078200072063
0.0029749024961567964
0.0031422497957451657
0.0032983660212531508
0.003442831614124694
0.003575290970223091
0.0036954519841681556
0.0038030853327662238
0.0038980235085928163
0.003980159615554245
0.004049445938950601
0.004105892303176929
0.0041495642307408185
0.0041805809167359325
0.004199113033295703
0.00420538037886077
0.004199649387325688
0.004182230512289745
0.00415347550172154
0.004113774578362317
0.004063553541138423
0.0040032708027324185
0.003933414378277735
0.0038544988398952957
0.0037670622514869878
0.0036716630978404635
0.003568877221689949
0.0034592947819169794
0.003343517245572121
0.0032221544258522975
0.003095821577587065
0.0029651365611693373
0.002830717085222193
0.0026931780376193808
0.0025531289137854713
0.002411171350487074
0.002267896772602572
0.0021238841596180153
0.0019796979378543466
0.0018358860036819923
0.0016929778822322265
0.0015514830253689276
0.0014118892519480002
0.001274661332662588
0.0011402397210582048
0.001009039431601034
0.000881449065002608
0.0009755038429010006
0.0010657070993819258
0.001151747693106671
0.0012333434116174125
0.0013102412283763686
0.001382217424323321
0.0014490775778189223
0.0015106564272993998
0.0015668176113957204
0.0016174532916598664
0.0016624836633963359
0.001701856360415516
0.001735545759808228
0.0017635521930862844
0.0017859010702432302
0.0018026419234625007
0.0018138473773374613
0.001819612052569552
0.0018200514101779084
0.0018153005432872801
0.0018055129235616735
0.0017908591093195921
0.0017715254223050964
0.0017477125999975814
0.001719634430223923
0.0016875163746910933
0.0016515941878865105
0.001612112537599618
0.0015693236331021307
0.0015234858667890678
0.0014748624748281349
0.0014237202220950271
0.0013703281163863412
0.001314956156604152
0.0012578741192961881
0.0011993503876173723
0.0011396508264514432
0.0010790377070996676
0.001017768684606254
0.0009560958304521396
0.0008942647230077349
0.0008325135977970947
0.0007710725592878433
0.0007101628555890308
0.0006499962171097237
0.0005907742599100546
0.0005326879541617118
0.0004759171578298599
0.0004206302153924586
0.00036698362112885433
0.00040563514562496483
0.00044258998553388797
0.00047772526166933146
0.0005109307086571593
0.0005421087044477595
0.0005711742433316568
0.0005980548545467459
0.0006226904687359375
0.0006450332346698837
0.0006650472887875519
0.0006827084802305004
0.000698004054152158
0.0007109322961737861
0.0007215021409321982
0.0007297327477222081
0.0007356530462789975
0.0007393012557725385
0.0007407243800983431
0.0007399776825464296
0.0007371241429143308
0.0007322339001004833
0.0007253836831720775
0.0007166562338472245
0.000706139723265644
0.0006939271658456011
0.000680115832938588
0.0006648066688974799
0.0006481037120700313
0.0006301135231175799
0.0006109446229404049
0.000590706942366119
0.0005695112856275984
0.0005474688095220171
0.000524690520004345
0.0005012867878269434
0.00047736688469342747
0.00045303854124951136
0.0004284075280877968
0.0004035772607970055
0.0003786484299410609
0.0003537186567086693
0.0003288821748320191
0.0003042295392327493
0.00027984736171672087
0.00025581807390529643
0.0002322197174612706
0.00020912576154279326
0.00018660494729793429
0.00016472115909796443
0.0001435333220975174
0.00015845237888081215
0.0001726719930529261
0.00018614683557910254
0.00019883671922394215
0.0002107065786268582
0.00022172642847671518
0.00023187130078694627
0.0002411211623297698
0.00024946081333839686
0.00025687976862958766
0.0002633721223353954
0.00026893639746275076
0.00027357538152260715
0.00027729594948707137
0.0002801088753430208
0.00028202863351494935
0.0002830731914277717
0.000283263794472813
0.00028262474462702165
0.00028118317395721236
0.00027896881421789687
0.0002760137637233203
0.0002723522526421701
0.00026802040782709246
0.00026305601825123284
0.00025749830208058715
0.00025138767636459345
0.00024476553027814196
0.0002376740027966945
0.00023015576563246992
0.00022225381220435225
0.00021401125335721483
0.0002054711204885776
0.0001966761766815853
0.00018766873638423207
0.00017849049411510485
0.00016918236261673168
0.00015978432081839933
0.00015033527191200282
0.00014087291178680578
0.00013143360801257188
0.00012205228950523949
0.000112762346955707
0.0001035955440502303
9.458193946089255e-05
8.574981953643963e-05
7.71256415779521e-05
6.873398754015491e-05
6.059752795807092e-05
5.273699585993965e-05
5.8145826172305434e-05
6.3284713108738e-05
6.813805044947595e-05
7.269219221923741e-05
7.693543341702214e-05
8.085798285841435e-05
8.445192856454361e-05
8.771119614872996e-05
9.063150066592191e-05
9.321029240146403e-05
9.544669708448725e-05
9.734145101741972e-05
9.889683161679803e-05
0.00010011658386185356
0.00010100584314626494
0.0001015710550251762
0.00010181989234415395
0.00010176117022931062
0.00010140475940843477
0.00010076149832184152
9.984310446882674e-05
9.866208542124203e-05
9.723164991994178e-05
9.55656194527791e-05
9.367834069463673e-05
9.15845991707054e-05
8.929953448412746e-05
8.683855742819607e-05
8.421726928179249e-05
8.145138356467239e-05
7.85566505068155e-05
7.554878446330684e-05
7.244339448341518e-05
6.92559182195944e-05
6.60015593393533e-05
6.269522858024361e-05
5.935148856588418e-05
5.598450247886961e-05
5.26079866648996e-05
4.923516722137577e-05
4.58787406033538e-05
4.255083825993722e-05
3.926299529525112e-05
3.60261231299036e-05
3.285048612154122e-05
2.9745682086627225e-05
2.672062665011487e-05
2.3783541335135236e-05
2.0941945291333855e-05
1.82026505479525e-05
2.004448592004667e-05
2.178875042195069e-05
2.3430434591825988e-05
2.4965228120226284e-05
2.638950895333804e-05
2.7700329759630012e-05
2.8895401931818655e-05
2.9973077300239193e-05
3.093232773683971e-05
3.177272283124423e-05
3.249440582158354e-05
3.30980679631608e-05
3.3584921517525565e-05
3.395667154320612e-05
3.421548666724363e-05
3.436396901381635e-05
3.4405123462697057e-05
3.434232640608727e-05
3.417929416755642e-05
3.392005124145654e-05
3.356889850530403e-05
3.313038155128669e-05
3.260925927630427e-05
3.201047286284649e-05
3.133911527558156e-05
3.0600401390847364e-05
2.979963886831955e-05
2.8942199866058984e-05
2.8033493691923193e-05
2.7078940476045857e-05
2.608394594074258e-05
2.5053877335882497e-05
2.3994040599455764e-05
2.2909658794866082e-05
2.1805851868354074e-05
2.068761776201008e-05
1.9559814910038694e-05
1.842714613836666e-05
1.7294143980325913e-05
1.6165157414064312e-05
1.5044340020510566e-05
1.3935639554219857e-05
1.2842788913211383e-05
1.1769298488065064e-05
1.0718449865003425e-05
9.693290852541616e-06
8.69663179647115e-06
7.73104314353909e-06
6.7988542101150685e-06
5.9021531084900794e-06
6.491243400321604e-06
7.0472946170400915e-06
7.56880958558618e-06
8.054524486173323e-06
8.503403907516885e-06
8.91463508520122e-06
9.287621385735038e-06
9.621975099586867e-06
9.917509606907881e-06
1.0174230979746666e-05
1.039232908436088e-05
1.0572168246730238e-05
1.0714277543616806e-05
1.0819340780487922e-05
1.0888186216356139e-05
1.0921776094093645e-05
1.0921196033083822e-05
1.0887644339179308e-05
1.0822421284871369e-05
1.0726918410355858e-05
1.0602607893820342e-05
1.0451032036796834e-05
1.0273792907837205e-05
1.0072542185097148e-05
9.848971235668157e-06
9.60480146669932e-06
9.341774980510333e-06
9.061645563036803e-06
8.766170032073228e-06
8.457099968915699e-06
8.136173854152076e-06
7.805109625532528e-06
7.465597673072391e-06
7.119294283821359e-06
6.767815546069294e-06
6.412731720179549e-06
6.055562080734836e-06
5.697770232273928e-06
5.340759898581943e-06
4.985871183293069e-06
4.634377297464803e-06
4.287481747805561e-06
3.946315977372167e-06
3.611937448819535e-06
3.2853281586696392e-06
2.9673935695857945e-06
2.658961946278058e-06
2.360784079446178e-06
2.0735333810637193e-06
1.7978063333455898e-06
1.9747742726104583e-06
2.1412586298036584e-06
2.2968435271681773e-06
2.441185987123325e-06
2.5740139868132223e-06
2.695124278589635e-06
2.804379997419953e-06
2.9017080762390418e-06
2.987096490184299e-06
3.060591350485836e-06
3.122293868520638e-06
3.1723572101940518e-06
3.210983260386385e-06
3.2384193167041685e-06
3.2549547312090375e-06
3.260917518168156e-06
3.256670945186075e-06
3.2426101243430237e-06
3.2191586191856272e-06
3.1867650825978044e-06
3.145899939729597e-06
3.097052129283452e-06
3.0407259155575464e-06
2.977437782729466e-06
2.907713421936143e-06
2.832084820771216e-06
2.7510874638858353e-06
2.6652576524449738e-06
2.5751299492669164e-06
2.481234755557827e-06
2.384096024254985e-06
2.2842291141105543e-06
2.1821387877905786e-06
2.0783173564290225e-06
1.973242972272345e-06
1.8673780702736073e-06
1.7611679587543038e-06
1.6550395585432354e-06
1.5494002893311766e-06
1.444637101346153e-06
1.3411156498613614e-06
1.2391796094921996e-06
1.139150124727884e-06
1.0413253926688705e-06
9.459803735149452e-07
8.53366623957436e-07
7.637122482848945e-07
0.0
0.0
0.0
0.0
0.0
0.0
0.0
0.0
0.0
0.0
0.0
0.0
0.0
0.0
0.0
0.0
0.0
0.0
0.0
0.0
0.0
0.0
0.0
0.0
0.0
0.0
0.0
0.0
0.0
0.0
0.0
0.0
0.0
0.0
0.0
0.0
0.0
0.0
0.0
0.0
0.0
0.0
0.0
0.0
0.0
0.0
0.0
0.0
0.0
0.0
0.0
0.0
0.0
0.0
0.0
0.0
0.0
0.0
0.0
0.0
0.0
0.0
0.0
0.0
0.0
0.0
0.0
0.0
0.0
0.0
0.0
0.0
0.0
0.0
0.0
0.0
0.0
0.0
0.0
0.0
0.0
0.0
0.0
0.0
0.0
0.0
0.0
0.0
0.0
0.0
0.0
0.0
0.0
0.0
0.0
0.0
0.0
0.0
0.0
0.0
0.0
0.0
0.0
0.0
0.0
0.0
0.0
0.0
0.0
0.0
0.0
0.0
0.0
0.0
0.0
0.0
0.0
0.0
0.0
0.0
0.0
0.0
0.0
0.0
0.0
0.0
0.0
0.0
0.0
0.0
0.0
0.0
0.0
0.0
0.0
0.0
0.0
0.0
0.0
0.0
0.0
0.0
0.0
0.0
0.0
0.0
0.0
0.0
0.0
0.0
0.0
0.0
0.0
0.0
0.0
0.0
0.0
0.0
0.0
0.0
0.0
0.0
0.0
0.0
0.0
0.0
0.0
0.0
0.0
0.0
0.0
0.0
0.0
0.0
0.0
0.0
0.0
0.0
0.0
0.0
0.0
0.0
0.0
0.0
0.0
0.0
0.0
0.0
0.0
0.0
0.0
0.0
0.0
0.0
0.0
0.0
0.0
0.0
0.0
0.0
0.0
0.0
0.0
0.0
0.0
0.0
0.0
0.0
0.0
0.0
0.0
0.0
0.0
0.0
0.0
0.0
0.0
0.0
0.0
0.0
0.0
0.0
0.0
0.0
0.0
0.0
0.0
0.0
0.0
0.0
0.0
0.0
0.0
0.0
0.0
0.0
0.0
0.0
0.0
0.0
0.0
0.0
0.0
0.0
0.0
0.0
0.0
0.0
0.0
0.0
0.0
0.0
0.0
0.0
0.0
0.0
0.0
0.0
0.0
0.0
0.0
0.0
0.0
0.0
0.0
0.0
0.0
0.0
0.0
0.0
0.0
0.0
0.0
0.0
0.0
0.0
0.0
0.0
0.0
0.0
0.0
0.0
0.0
0.0
0.0
0.0
0.0
0.0
0.0
0.0
0.0
0.0
0.0
0.0
0.0
0.0
0.0
0.0
0.0
0.0
0.0
0.0
0.0
0.0
0.0
0.0
0.0
0.0
0.0
0.0
0.0
0.0
0.0
0.0
0.0
0.0
0.0
0.0
0.0
0.0
0.0
0.0
0.0
0.0
0.0
0.0
0.0
0.0
0.0
0.0
0.0
0.0
0.0
0.0
0.0
0.0
0.0
0.0
0.0
0.0
0.0
0.0
0.0
0.0
0.0
0.0
0.0
0.0
0.0
0.0
0.0
0.0
0.0
0.0
0.0
0.0
0.0
0.0
0.0
0.0
0.0
0.0
0.0
0.0
0.0
0.0
0.0
0.0
0.0
0.0
0.0
0.0
0.0
0.0
0.0
0.0
0.0
0.0
0.0
0.0
0.0
0.0
0.0
0.0
0.0
0.0
0.0
0.0
0.0
0.0
0.0
0.0
0.0
0.0
0.0
0.0
0.0
0.0
0.0
0.0
0.0
0.0
0.0
0.0
0.0
0.0
0.0
0.0
0.0
0.0
0.0
0.0
0.0
0.0
0.0
0.0
0.0
0.0
0.0
0.0
0.0
0.0
0.0
0.0
0.0
0.0
0.0
0.0
0.0
0.0
0.0
0.0
0.0
0.0
0.0
0.0
0.0
0.0
0.0
0.0
0.0
0.0
0.0
0.0
0.0
0.0
0.0
0.0
0.0
0.0
0.0
0.0
0.0
0.0
0.0
0.0
0.0
0.0
0.0
0.0
0.0
0.0
0.0
0.0
0.0
0.0
0.0
0.0
0.0
0.0
0.0
0.0
0.0
0.0
0.0
0.0
0.0
0.0
0.0
0.0
0.0
0.0
0.0
0.0
0.0
0.0
0.0
0.0
0.0
0.0
0.0
0.0
0.0
0.0
0.0
0.0
0.0
0.0
0.0
0.0
0.0
0.0
0.0
0.0
0.0
0.0
0.0
0.0
0.0
0.0
0.0
0.0
0.0
0.0
0.0
0.0
0.0
0.0
0.0
0.0
0.0
0.0
0.0
0.0
0.0
0.0
0.0
0.0
0.0
0.0
0.0
0.0
0.0
0.0
0.0
0.0
0.0
0.0
0.0
0.0
0.0
0.0
0.0
0.0
0.0
0.0
0.0
0.0
0.0
0.0
0.0
0.0
0.0
0.0
0.0
0.0
0.0
0.0
0.0
0.0
0.0
0.0
0.0
0.0
0.0
0.0
0.0
0.0
0.0
0.0
0.0
0.0
0.0
0.0
0.0
0.0
0.0
0.0
0.0
0.0
0.0
0.0
0.0
0.0
0.0
0.0
0.0
0.0
0.0
0.0
0.0
0.0
0.0
0.0
0.0
0.0
0.0
0.0
0.0
0.0
0.0
0.0
0.0
0.0
0.0
0.0
0.0
0.0
0.0
0.0
0.0
0.0
0.0
0.0
0.0
0.0
0.0
0.0
0.0
0.0
0.0
0.0
0.0
0.0
0.0
0.0
0.0
0.0
0.0
0.0
0.0
0.0
0.0
0.0
0.0
0.0
0.0
0.0
0.0
0.0
0.0
0.0
0.0
0.0
0.0
0.0
0.0
0.0
0.0
0.0
0.0
0.0
0.0
0.0
0.0
0.0
0.0
0.0
0.0
0.0
0.0
0.0
0.0
0.0
0.0
0.0
0.0
0.0
0.0
0.0
0.0
0.0
0.0
0.0
0.0
0.0
0.0
0.0
0.0
0.0
0.0
0.0
0.0
0.0
0.0
0.0
0.0
0.0
0.0
0.0
0.0
0.0
0.0
0.0
0.0
0.0
0.0
0.0
0.0
0.0
0.0
0.0
0.0
0.0
0.0
0.0
0.0
0.0
0.0
0.0
0.0
0.0
0.0
0.0
0.0
0.0
0.0
0.0
0.0
0.0
0.0
0.0
0.0
0.0
0.0
0.0
0.0
0.0
0.0
0.0
0.0
0.0
0.0
0.0
0.0
0.0
0.0
0.0
0.0
0.0
0.0
0.0
0.0
0.0
0.0
0.0
0.0
0.0
0.0
0.0
0.0
0.0
0.0
0.0
0.0
0.0
0.0
0.0
0.0
0.0
0.0
0.0
0.0
0.0
0.0
0.0
0.0
0.0
0.0
0.0
0.0
0.0
0.0
0.0
0.0
0.0
0.0
0.0
0.0
0.0
0.0
0.0
0.0
0.0
0.0
0.0
0.0
0.0
0.0
0.0
0.0
0.0
0.0
0.0
0.0
0.0
0.0
0.0
0.0
0.0
0.0
0.0
0.0
0.0
0.0
0.0
0.0
0.0
0.0
0.0
0.0
0.0
0.0
0.0
0.0
0.0
0.0
0.0
0.0
0.0
0.0
0.0
0.0
0.0
0.0
0.0
0.0
0.0
0.0
0.0
0.0
0.0
0.0
0.0
0.0
0.0
0.0
0.0
0.0
0.0
0.0
0.0
0.0
0.0
0.0
0.0
0.0
0.0
0.0
0.0
0.0
0.0
0.0
0.0
0.0
0.0
0.0
0.0
0.0
0.0
0.0
0.0
0.0
0.0
0.0
0.0
0.0
0.0
0.0
0.0
0.0
0.0
0.0
0.0
0.0
0.0
0.0
0.0
0.0
0.0
0.0
0.0
0.0
0.0
0.0
0.0
0.0
0.0
0.0
0.0
0.0
0.0
0.0
0.0
0.0
0.0
0.0
0.0
0.0
0.0
0.0
0.0
0.0
0.0
0.0
0.0
0.0
0.0
0.0
0.0
0.0
0.0
0.0
0.0
0.0
0.0
0.0
0.0
0.0
0.0
0.0
0.0
0.0
0.0
0.0
0.0
0.0
0.0
0.0
0.0
0.0
0.0
0.0
0.0
0.0
0.0
0.0
0.0
0.0
0.0
0.0
0.0
0.0
0.0
0.0
0.0
0.0
0.0
0.0
0.0
0.0
0.0
0.0
0.0
0.0
0.0
0.0
0.0
0.0
0.0
0.0
0.0
0.0
0.0
0.0
0.0
0.0
0.0
0.0
0.0
0.0
0.0
0.0
0.0
0.0
0.0
0.0
0.0
0.0
0.0
0.0
0.0
0.0
0.0
0.0
0.0
0.0
0.0
0.0
0.0
0.0
0.0
0.0
0.0
0.0
0.0
0.0
0.0
0.0
0.0
0.0
0.0
0.0
0.0
0.0
0.0
0.0
0.0
0.0
0.0
0.0
0.0
0.0
0.0
0.0
0.0
0.0
0.0
0.0
0.0
0.0
0.0
0.0
0.0
0.0
0.0
0.0
0.0
0.0
0.0
0.0
0.0
0.0
0.0
0.0
0.0
0.0
0.0
0.0
0.0
0.0
0.0
0.0
0.0
0.0
0.0
0.0
0.0
0.0
0.0
0.0
0.0
0.0
0.0
0.0
0.0
0.0
0.0
0.0
0.0
0.0
0.0
0.0
0.0
0.0
0.0
0.0
0.0
0.0
0.0
0.0
0.0
0.0
0.0
0.0
0.0
0.0
0.0
0.0
0.0
0.0
0.0
0.0
0.0
0.0
0.0
0.0
0.0
0.0
0.0
0.0
0.0
0.0
0.0
0.0
0.0
0.0
0.0
0.0
0.0
0.0
0.0
0.0
0.0
0.0
0.0
0.0
0.0
0.0
0.0
0.0
0.0
0.0
0.0
0.0
0.0
0.0
0.0
0.0
0.0
0.0
0.0
0.0
0.0
0.0
0.0
0.0
0.0
0.0
0.0
0.0
0.0
0.0
0.0
0.0
0.0
0.0
0.0
0.0
0.0
0.0
0.0
0.0
0.0
0.0
0.0
0.0
0.0
0.0
0.0
0.0
0.0
0.0
0.0
0.0
0.0
0.0
0.0
0.0
0.0
0.0
0.0
0.0
0.0
0.0
0.0
0.0
0.0
0.0
0.0
0.0
0.0
0.0
0.0
0.0
0.0
0.0
0.0
0.0
0.0
0.0
0.0
0.0
0.0
0.0
0.0
0.0
0.0
0.0
0.0
0.0
0.0
0.0
0.0
0.0
0.0
0.0
0.0
0.0
0.0
0.0
0.0
0.0
0.0
0.0
0.0
0.0
0.0
0.0
0.0
0.0
0.0
0.0
0.0
0.0
0.0
0.0
0.0
0.0
0.0
0.0
0.0
0.0
0.0
0.0
0.0
0.0
0.0
0.0
0.0
0.0
0.0
0.0
0.0
0.0
0.0
0.0
0.0
0.0
0.0
0.0
0.0
0.0
0.0
0.0
0.0
0.0
0.0
0.0
0.0
0.0
0.0
0.0
0.0
0.0
0.0
0.0
0.0
0.0
0.0
0.0
0.0
0.0
0.0
0.0
0.0
0.0
0.0
0.0
0.0
0.0
0.0
0.0
0.0
0.0
0.0
0.0
0.0
0.0
0.0
0.0
0.0
0.0
0.0
0.0
0.0
0.0
0.0
0.0
0.0
0.0
0.0
0.0
0.0
0.0
0.0
0.0
0.0
0.0
0.0
0.0
0.0
0.0
0.0
0.0
0.0
0.0
0.0
0.0
0.0
0.0
0.0
0.0
0.0
0.0
0.0
0.0
0.0
0.0
0.0
0.0
0.0
0.0
0.0
0.0
0.0
0.0
0.0
0.0
0.0
0.0
0.0
0.0
0.0
0.0
0.0
0.0
0.0
0.0
0.0
0.0
0.0
0.0
0.0
0.0
0.0
0.0
0.0
0.0
0.0
0.0
0.0
0.0
0.0
0.0
0.0
0.0
0.0
0.0
0.0
0.0
0.0
0.0
0.0
0.0
0.0
0.0
0.0
0.0
0.0
0.0
0.0
0.0
0.0
0.0
0.0
0.0
0.0
0.0
0.0
0.0
0.0
0.0
0.0
0.0
0.0
0.0
0.0
0.0
0.0
0.0
0.0
0.0
0.0
0.0
0.0
0.0
0.0
0.0
0.0
0.0
0.0
0.0
0.0
0.0
0.0
0.0
0.0
0.0
0.0
0.0
0.0
0.0
0.0
0.0
0.0
0.0
0.0
0.0
0.0
0.0
0.0
0.0
0.0
0.0
0.0
0.0
0.0
0.0
0.0
0.0
0.0
0.0
0.0
0.0
0.0
0.0
0.0
0.0
0.0
0.0
0.0
0.0
0.0
0.0
0.0
0.0
0.0
0.0
0.0
0.0
0.0
0.0
0.0
0.0
0.0
0.0
0.0
0.0
0.0
0.0
0.0
0.0
0.0
0.0
0.0
0.0
0.0
0.0
0.0
0.0
0.0
0.0
0.0
0.0
0.0
0.0
0.0
0.0
0.0
0.0
0.0
0.0
0.0
0.0
0.0
0.0
0.0
0.0
0.0
0.0
0.0
0.0
0.0
0.0
0.0
0.0
0.0
0.0
0.0
0.0
0.0
0.0
0.0
0.0
0.0
0.0
0.0
0.0
0.0
0.0
0.0
0.0
0.0
0.0
0.0
0.0
0.0
0.0
0.0
0.0
0.0
0.0
0.0
0.0
0.0
0.0
0.0
0.0
0.0
0.0
0.0
0.0
0.0
0.0
0.0
0.0
0.0
0.0
0.0
0.0
0.0
0.0
0.0
0.0
0.0
0.0
0.0
0.0
0.0
0.0
0.0
0.0
0.0
0.0
0.0
0.0
0.0
0.0
0.0
0.0
0.0
0.0
0.0
0.0
0.0
0.0
0.0
0.0
0.0
0.0
0.0
0.0
0.0
0.0
0.0
0.0
0.0
0.0
0.0
0.0
0.0
0.0
0.0
0.0
0.0
0.0
0.0
0.0
0.0
0.0
0.0
0.0
0.0
0.0
0.0
0.0
0.0
0.0
0.0
0.0
0.0
0.0
0.0
0.0
0.0
0.0
0.0
0.0
0.0
0.0
0.0
0.0
0.0
0.0
0.0
0.0
0.0
0.0
0.0
0.0
0.0
0.0
0.0
0.0
0.0
0.0
0.0
0.0
0.0
0.0
0.0
0.0
0.0
0.0
0.0
0.0
0.0
0.0
0.0
0.0
0.0
0.0
0.0
0.0
0.0
0.0
0.0
0.0
0.0
0.0
0.0
0.0
0.0
0.0
0.0
0.0
0.0
0.0
0.0
0.0
0.0
0.0
0.0
0.0
0.0
0.0
0.0
0.0
0.0
0.0
0.0
0.0
0.0
0.0
0.0
0.0
0.0
0.0
0.0
0.0
0.0
0.0
0.0
0.0
0.0
0.0
0.0
0.0
0.0
0.0
0.0
0.0
0.0
0.0
0.0
0.0
0.0
0.0
0.0
0.0
0.0
0.0
0.0
0.0
0.0
0.0
0.0
0.0
0.0
0.0
0.0
0.0
0.0
0.0
0.0
0.0
0.0
0.0
0.0
0.0
0.0
0.0
0.0
0.0
0.0
0.0
0.0
0.0
0.0
0.0
0.0
0.0
0.0
0.0
0.0
0.0
0.0
0.0
0.0
0.0
0.0
0.0
0.0
0.0
0.0
0.0
0.0
0.0
0.0
0.0
0.0
0.0
0.0
0.0
0.0
0.0
0.0
0.0
0.0
0.0
0.0
0.0
0.0
0.0
0.0
0.0
0.0
0.0
0.0
0.0
0.0
0.0
0.0
0.0
0.0
0.0
0.0
0.0
0.0
0.0
0.0
0.0
0.0
0.0
0.0
0.0
0.0
0.0
0.0
0.0
0.0
0.0
0.0
0.0
0.0
0.0
0.0
0.0
0.0
0.0
0.0
0.0
0.0
0.0
0.0
0.0
0.0
0.0
0.0
0.0
0.0
0.0
0.0
0.0
0.0
0.0
0.0
0.0
0.0
0.0
0.0
0.0
0.0
0.0
0.0
0.0
0.0
0.0
0.0
0.0
0.0
0.0
0.0
0.0
0.0
0.0
0.0
0.0
0.0
0.0
0.0
0.0
0.0
0.0
0.0
0.0
0.0
0.0
0.0
0.0
0.0
0.0
0.0
0.0
0.0
0.0
0.0
0.0
0.0
0.0
0.0
0.0
0.0
0.0
0.0
0.0
0.0
0.0
0.0
0.0
0.0
0.0
0.0
0.0
0.0
0.0
0.0
0.0
0.0
0.0
0.0
0.0
0.0
0.0
0.0
0.0
0.0
0.0
0.0
0.0
0.0
0.0
0.0
0.0
0.0
0.0
0.0
0.0
0.0
0.0
0.0
0.0
0.0
0.0
0.0
0.0
0.0
0.0
0.0
0.0
0.0
0.0
0.0
0.0
0.0
0.0
0.0
0.0
0.0
0.0
0.0
0.0
0.0
0.0
0.0
0.0
0.0
0.0
0.0
0.0
0.0
0.0
0.0
0.0
0.0
0.0
0.0
0.0
0.0
0.0
0.0
0.0
0.0
0.0
0.0
0.0
0.0
0.0
0.0
0.0
0.0
0.0
0.0
0.0
0.0
0.0
0.0
0.0
0.0
0.0
0.0
0.0
0.0
0.0
0.0
0.0
0.0
0.0
0.0
0.0
0.0
0.0
0.0
0.0
0.0
0.0
0.0
0.0
0.0
0.0
0.0
0.0
0.0
0.0
0.0
0.0
0.0
0.0
0.0
0.0
0.0
0.0
0.0
0.0
0.0
0.0
0.0
0.0
0.0