0.0
0.0
0.0
0.0
0.0
0.0
0.0
0.0
0.0
0.0
0.0
0.0
0.0
0.0
0.0
0.0
0.0
0.0
0.0
0.0
0.0
0.0
0.0
0.0
0.0
0.0
0.0
0.0
0.0
0.0
0.0
0.0
0.0
0.0
0.0
0.0
0.0
0.0
0.0
0.0
0.0
0.0
0.0
0.0
0.0
0.0
0.0
0.0
0.0
0.0
0.0
0.0
0.0
0.0
0.0
0.0
0.0
0.0
0.0
0.0
0.0
0.0
0.0
0.0
0.0
0.0
0.0
0.0
0.0
0.0
0.0
0.0
0.0
0.0
0.0
0.0
0.0
0.0
0.0
0.0
0.0
0.0
0.0
0.0
0.0
0.0
0.0
0.0
0.0
0.0
0.0
0.0
0.0
0.0
0.0
0.0
0.0
0.0
0.0
0.0
0.0
0.0
0.0
0.0
0.0
0.0
0.0
0.0
0.0
0.0
0.0
0.0
0.0
0.0
0.0
0.0
0.0
0.0
0.0
0.0
0.0
0.0
0.0
0.0
0.0
0.0
0.0
0.0
0.0
0.0
0.0
0.0
0.0
0.0
0.0
0.0
0.0
0.0
0.0
0.0
0.0
0.0
0.0
0.0
0.0
0.0
0.0
0.0
0.0
0.0
0.0
0.0
0.0
0.0
0.0
0.0
0.0
0.0
0.0
0.0
0.0
0.0
0.0
0.0
0.0
0.0
0.0
0.0
0.0
0.0
0.0
0.0
0.0
0.0
0.0
0.0
0.0
0.0
0.0
0.0
0.0
0.0
0.0
0.0
0.0
0.0
0.0
0.0
0.0
0.0
0.0
0.0
0.0
0.0
0.0
0.0
0.0
0.0
0.0
0.0
0.0
0.0
0.0
0.0
0.0
0.0
0.0
0.0
0.0
0.0
0.0
0.0
0.0
0.0
0.0
0.0
0.0
0.0
0.0
0.0
0.0
0.0
0.0
0.0
0.0
0.0
0.0
0.0
0.0
0.0
0.0
0.0
0.0
0.0
0.0
0.0
0.0
0.0
0.0
0.0
0.0
0.0
0.0
0.0
0.0
0.0
0.0
0.0
0.0
0.0
0.0
0.0
0.0
0.0
0.0
0.0
0.0
0.0
0.0
0.0
0.0
0.0
0.0
0.0
0.0
0.0
0.0
0.0
0.0
0.0
0.0
0.0
0.0
0.0
0.0
0.0
0.0
0.0
0.0
0.0
0.0
0.0
0.0
0.0
0.0
0.0
0.0
0.0
0.0
0.0
0.0
0.0
0.0
0.0
0.0
0.0
0.0
0.0
0.0
0.0
0.0
0.0
0.0
0.0
0.0
0.0
0.0
0.0
0.0
0.0
0.0
0.0
0.0
0.0
0.0
0.0
0.0
0.0
0.0
0.0
0.0
0.0
0.0
0.0
0.0
0.0
0.0
0.0
0.0
0.0
0.0
0.0
0.0
0.0
0.0
0.0
0.0
0.0
0.0
0.0
0.0
0.0
0.0
0.0
0.0
0.0
0.0
0.0
0.0
0.0
0.0
0.0
0.0
0.0
0.0
0.0
0.0
0.0
0.0
0.0
0.0
0.0
0.0
0.0
0.0
0.0
0.0
0.0
0.0
0.0
0.0
0.0
0.0
0.0
0.0
0.0
0.0
0.0
0.0
0.0
0.0
0.0
0.0
0.0
0.0
0.0
0.0
0.0
0.0
0.0
0.0
0.0
0.0
0.0
0.0
0.0
0.0
0.0
0.0
0.0
0.0
0.0
0.0
0.0
0.0
0.0
0.0
0.0
0.0
0.0
0.0
0.0
0.0
0.0
0.0
0.0
0.0
0.0
0.0
0.0
0.0
0.0
0.0
0.0
0.0
0.0
0.0
0.0
0.0
0.0
0.0
0.0
0.0
0.0
0.0
0.0
0.0
0.0
0.0
0.0
0.0
0.0
0.0
0.0
0.0
0.0
0.0
0.0
0.0
0.0
0.0
0.0
0.0
0.0
0.0
0.0
0.0
0.0
0.0
0.0
0.0
0.0
0.0
0.0
0.0
0.0
0.0
0.0
0.0
0.0
0.0
0.0
0.0
0.0
0.0
0.0
0.0
0.0
0.0
0.0
0.0
0.0
0.0
0.0
0.0
0.0
0.0
0.0
0.0
0.0
0.0
0.0
0.0
0.0
0.0
0.0
0.0
0.0
0.0
0.0
0.0
0.0
0.0
0.0
0.0
0.0
0.0
0.0
0.0
0.0
0.0
0.0
0.0
0.0
0.0
0.0
0.0
0.0
0.0
0.0
0.0
0.0
0.0
0.0
0.0
0.0
0.0
0.0
0.0
0.0
0.0
0.0
0.0
0.0
0.0
0.0
0.0
0.0
0.0
0.0
0.0
0.0
0.0
0.0
0.0
0.0
0.0
0.0
0.0
0.0
0.0
0.0
0.0
0.0
0.0
0.0
0.0
0.0
0.0
0.0
0.0
0.0
0.0
0.0
0.0
0.0
0.0
0.0
0.0
0.0
0.0
0.0
0.0
0.0
0.0
0.0
0.0
0.0
0.0
0.0
0.0
0.0
0.0
0.0
0.0
0.0
0.0
0.0
0.0
0.0
0.0
0.0
0.0
0.0
0.0
0.0
0.0
0.0
0.0
0.0
0.0
0.0
0.0
0.0
0.0
0.0
0.0
0.0
0.0
0.0
0.0
0.0
0.0
0.0
0.0
0.0
0.0
0.0
0.0
0.0
0.0
0.0
0.0
0.0
0.0
0.0
0.0
0.0
0.0
0.0
0.0
0.0
0.0
0.0
0.0
0.0
0.0
0.0
0.0
0.0
0.0
0.0
0.0
0.0
0.0
0.0
0.0
0.0
0.0
0.0
0.0
0.0
0.0
0.0
0.0
0.0
0.0
0.0
0.0
0.0
0.0
0.0
0.0
0.0
0.0
0.0
0.0
0.0
0.0
0.0
0.0
0.0
0.0
0.0
0.0
0.0
0.0
0.0
0.0
0.0
0.0
0.0
0.0
0.0
0.0
0.0
0.0
0.0
0.0
0.0
0.0
0.0
0.0
0.0
0.0
0.0
0.0
0.0
0.0
0.0
0.0
0.0
0.0
0.0
0.0
0.0
0.0
0.0
0.0
0.0
0.0
0.0
0.0
0.0
0.0
0.0
0.0
0.0
0.0
0.0
0.0
0.0
0.0
0.0
0.0
0.0
0.0
0.0
0.0
0.0
0.0
0.0
0.0
0.0
0.0
0.0
0.0
0.0
0.0
0.0
0.0
0.0
0.0
0.0
0.0
0.0
0.0
0.0
0.0
0.0
0.0
0.0
0.0
0.0
0.0
0.0
0.0
0.0
0.0
0.0
0.0
0.0
0.0
0.0
0.0
0.0
0.0
0.0
0.0
0.0
0.0
0.0
0.0
0.0
0.0
0.0
0.0
0.0
0.0
0.0
0.0
0.0
0.0
0.0
0.0
0.0
0.0
0.0
0.0
0.0
0.0
0.0
0.0
0.0
0.0
0.0
0.0
0.0
0.0
0.0
0.0
0.0
0.0
0.0
0.0
0.0
0.0
0.0
0.0
0.0
0.0
0.0
0.0
0.0
0.0
0.0
0.0
0.0
0.0
0.0
0.0
0.0
0.0
0.0
0.0
0.0
0.0
0.0
0.0
0.0
0.0
0.0
0.0
0.0
0.0
0.0
0.0
0.0
0.0
0.0
0.0
0.0
0.0
0.0
0.0
0.0
0.0
0.0
0.0
0.0
0.0
0.0
0.0
0.0
0.0
0.0
0.0
0.0
0.0
0.0
0.0
0.0
0.0
0.0
0.0
0.0
0.0
0.0
0.0
0.0
0.0
0.0
0.0
0.0
0.0
0.0
0.0
0.0
0.0
0.0
0.0
0.0
0.0
0.0
0.0
0.0
0.0
0.0
0.0
0.0
0.0
0.0
0.0
0.0
0.0
0.0
0.0
0.0
0.0
0.0
0.0
0.0
0.0
0.0
0.0
0.0
0.0
0.0
0.0
0.0
0.0
0.0
0.0
0.0
0.0
0.0
0.0
0.0
0.0
0.0
0.0
0.0
0.0
0.0
0.0
0.0
0.0
0.0
0.0
0.0
0.0
0.0
0.0
0.0
0.0
0.0
0.0
0.0
0.0
0.0
0.0
0.0
0.0
0.0
0.0
0.0
0.0
0.0
0.0
0.0
0.0
0.0
0.0
0.0
0.0
0.0
0.0
0.0
0.0
0.0
0.0
0.0
0.0
0.0
0.0
0.0
0.0
0.0
0.0
0.0
0.0
0.0
0.0
0.0
0.0
0.0
0.0
0.0
0.0
0.0
0.0
0.0
0.0
0.0
0.0
0.0
0.0
0.0
0.0
0.0
0.0
0.0
0.0
0.0
0.0
0.0
0.0
0.0
0.0
0.0
3.3843053858924105e-07
3.908038412076621e-07
4.454769253628719e-07
5.023451587235955e-07
5.612888354615574e-07
6.221730022789752e-07
6.848473505655027e-07
7.491461785972599e-07
8.148884275419204e-07
8.818777948582135e-07
9.499029284764739e-07
1.0187377049175053e-06
1.0881415942508076e-06
1.1578601145092732e-06
1.2276253778666963e-06
1.2971567305458511e-06
1.3661614880605658e-06
1.4343357670035044e-06
1.501365414175207e-06
1.5669270334080212e-06
1.630689109973699e-06
1.692313231975229e-06
1.751455407614764e-06
1.8077674767001346e-06
1.8608986142059161e-06
1.910496923141297e-06
1.956211113399904e-06
1.997692262676926e-06
2.034595654939867e-06
2.0665826913328232e-06
2.0933228677834013e-06
2.114495812969044e-06
2.129793379688356e-06
2.138921782076678e-06
2.141603770506132e-06
2.1375808354229313e-06
2.1266154308015472e-06
2.1084932073405655e-06
2.08302524499201e-06
2.050050273908627e-06
2.0094368724153804e-06
1.961085630166729e-06
1.9049312642433327e-06
1.8409446755748287e-06
1.7691349327529697e-06
1.6895511700254813e-06
1.6022843860392593e-06
1.5074691297353784e-06
1.4052850596917149e-06
1.2959583631648438e-06
1.1797630211045765e-06
1.3606335953942012e-06
1.5490474159750565e-06
1.7446119830095602e-06
1.9468844020137786e-06
2.1553711019165932e-06
2.3695277852302378e-06
2.588759621836201e-06
2.8124216972513445e-06
3.039819725515689e-06
3.270211036035277e-06
3.5028058428207965e-06
3.7367688035859172e-06
3.9712208751086724e-06
4.205241470117525e-06
4.437870919740412e-06
4.668113244255441e-06
4.894939233505021e-06
5.117289836889121e-06
5.334079861335631e-06
5.544201974068123e-06
5.746531005351135e-06
5.93992854470216e-06
6.12324782231828e-06
6.295338865685719e-06
6.455053919522646e-06
6.601253115365024e-06
6.732810375241231e-06
6.848619532009275e-06
6.9476006470550916e-06
7.028706504182091e-06
7.090929256670841e-06
7.133307202663047e-06
7.154931662235611e-06
7.1549539277900636e-06
7.132592257700397e-06
7.087138881548385e-06
7.0179669837435236e-06
6.924537630882359e-06
6.806406606864713e-06
6.6632311185598875e-06
6.4947763337176195e-06
6.300921711857794e-06
6.081667088058898e-06
5.837138468910739e-06
5.56759349941164e-06
5.273426559283714e-06
4.955173447063336e-06
4.613515610404557e-06
4.2492838813219365e-06
3.863461675601908e-06
4.4502063692996395e-06
5.060119864558461e-06
5.691832039495342e-06
6.343815188866785e-06
7.014384111731231e-06
7.701696956629192e-06
8.403756855009974e-06
9.118414371221304e-06
9.843370794718045e-06
1.0576182297240808e-05
1.1314264974567418e-05
1.2054900789054732e-05
1.2795244425570868e-05
1.353233106957637e-05
1.4263085112055552e-05
1.498432978173631e-05
1.569279770058098e-05
1.6385142353893803e-05
1.7057950461588506e-05
1.770775523220782e-05
1.8331050476202978e-05
1.8924305549784635e-05
1.9483981095368486e-05
2.000654553927902e-05
2.0488492301968184e-05
2.092635767057641e-05
2.1316739278235607e-05
2.1656315129117107e-05
2.194186310288548e-05
2.2170280866963448e-05
2.2338606119875965e-05
2.2444037083941777e-05
2.248395316076718e-05
2.245593565838148e-05
2.2357788494483505e-05
2.2187558776166474e-05
2.1943557152690154e-05
2.162437783440446e-05
2.122891816783158e-05
2.0756397654212292e-05
2.0206376296548625e-05
1.957877215835947e-05
1.8873878016035356e-05
1.8092376985861973e-05
1.7235357006505752e-05
1.630432405804217e-05
1.5301213999482748e-05
1.4228402908240227e-05
1.3088715807083641e-05
1.188543366688925e-05
1.3673374438856819e-05
1.5527927419192196e-05
1.744463535068505e-05
1.9418580244118266e-05
2.1444386592282658e-05
2.35162268838497e-05
2.562782949062678e-05
2.777248899353632e-05
2.994307900381138e-05
3.2132067526401324e-05
3.43315349024482e-05
3.653319435695726e-05
3.8728415166455426e-05
4.090824844956156e-05
4.3063455570988815e-05
4.5184539136630244e-05
4.7261776544059247e-05
4.928525603907448e-05
5.124491521486562e-05
5.3130581876045795e-05
5.493201717522288e-05
5.663896091504813e-05
5.8241178893839074e-05
5.972851215798713e-05
6.109092800951744e-05
6.231857260242429e-05
6.340182494684286e-05
6.433135212581438e-05
6.509816551545214e-05
6.56936777857542e-05
6.610976044629868e-05
6.633880168858206e-05
6.63737642650159e-05
6.62082431335514e-05
6.583652258675373e-05
6.525363257487474e-05
6.445540392425893e-05
6.343852214524365e-05
6.22005795177575e-05
6.074012513807261e-05
5.905671260676652e-05
5.715094503591853e-05
5.502451705301601e-05
5.2680253479985696e-05
5.012214436832183e-05
4.735537607542717e-05
4.438635807313845e-05
4.122274518695414e-05
3.7873454973794054e-05
3.4348679957195804e-05
3.9466431305714435e-05
4.4763370027721413e-05
5.0225967389076405e-05
5.5839435673350896e-05
6.158774548369105e-05
6.745364954186781e-05
7.341871313786311e-05
7.946335135808906e-05
8.556687319349502e-05
9.170753260037928e-05
9.786258655682054e-05
0.00010400836012632782
0.0001101203185076718
0.00011617314601604383
0.00012214083190575492
0.00012799676290880542
0.00013371382232693366
0.00013926449547734055
0.00014462098125434566
0.00014975530953090257
0.00015463946408537783
0.00015924551070043482
0.00016354573004246362
0.00016751275489193277
0.0001711197112575198
0.00017434036287009987
0.0001771492585168335
0.00017952188164092165
0.00018143480159928064
0.00018286582593865638
0.00018379415302076447
0.00018420052429909845
0.00018406737552434233
0.0001833789861320298
0.0001821216260454353
0.00018028369910886362
0.00017785588235170327
0.00017483126027203886
0.00017120545332042377
0.00016697673975980598
0.0001621461700767003
0.00015671767312167942
0.00015069815316424864
0.000144097577058269
0.0001369290507294492
0.00012920888421608223
0.0001209566445182649
0.00011219519553933321
0.00010295072443622614
9.325275373295557e-05
0.00010701301581837606
0.00012122401185969075
0.00013584739656154267
0.00015084161096119304
0.0001661619497707587
0.00018176064579873293
0.00019758697171213835
0.00021358735932945578
0.00022970553655970598
0.00024588268202492726
0.000262057597322038
0.0002781668967959648
0.00029414521460927463
0.00030992542880464637
0.00032543890196574075
0.00034061573798968255
0.0003553850543909072
0.00036967526946188377
0.00038341440352165164
0.0003965303933886553
0.0004089514191204466
0.00042060624196994394
0.00043142455241654764
0.0004413373270410276
0.0004502771929261842
0.00045817879818137755
0.00046497918710860836
0.00047061817845142124
0.00047503874509603343
0.00047818739352721394
0.00048001454128011954
0.00048047489057396575
0.0004795277962645975
0.0004771376262111765
0.0004732741121177434
0.0004679126888838625
0.00046103482048019006
0.00045262831035514404
0.000442687594378167
0.0004312140143337201
0.00041821606999839316
0.0004037096478617289
0.00038771822458953176
0.0003702730433770723
0.0003514132613984776
0.0003311860666281746
0.0003096467623902177
0.00028685881808205053
0.00026289388462028825
0.00023783177326771302
0.0002725849940458042
0.00030839769625367924
0.0003451683163789938
0.0003827876329607336
0.00042113898666486254
0.00046009854212717143
0.0004995355918520916
0.000539312902271803
0.0005792871018784594
0.0006193091111445647
0.0006592246137430837
0.0006988745683706505
0.0007380957602647999
0.0007767213912907656
0.0008145817072554463
0.0008515046608871481
0.0008873166087000879
0.0009218430397439756
0.0009549093340217119
0.0009863415481442027
0.0010159672255806223
0.001043616228657413
0.0010691215892598585
0.0010923203749984886
0.0011130545674189398
0.0011311719486604087
0.0011465269928046015
0.0011589817580062967
0.001168406775358295
0.001174681930319908
0.0011776973324290829
0.001177354168926
0.0011735655378403397
0.0011662572560374148
0.0011553686376799036
0.0011408532385437115
0.001122679561628414
0.0011008317195264033
0.0010753100490598698
0.001046131673762695
0.0010133310098745327
0.000976960211628273
0.0009370895517488362
0.0008938077332421107
0.0008472221287367013
0.000797458943849052
0.0007446633012731732
0.0006889992425503764
0.0006306496447506465
0.0005698160495959749
0.0006522647059309508
0.0007370385309820108
0.0008238860006577214
0.0009125385692793413
0.0010027113037674735
0.0010941036128048283
0.001186400070810893
0.0012792713361240648
0.0013723751623350368
0.0014653575012535808
0.0015578536955210404
0.001649489758405131
0.0017398837378336269
0.0018286471612416328
0.0019153865573254204
0.001999705050316539
0.0020812040219154457
0.002159484835556529
0.002234150617218644
0.0023048080865493885
0.002371069431640093
0.0024325542203739938
0.0024888913408750214
0.002539720963211511
0.002584696514160168
0.002623486656513508
0.0026557772641207134
0.0026812733835900764
0.0026997011733528252
0.002710809810595456
0.002714373356412692
0.002710192569417709
0.002698096657972251
0.002677944961168097
0.002649628548704824
0.0026130717298678756
0.0025682334619173707
0.002515108648351951
0.002453729317715029
0.0023841656738627414
0.0023065270089148962
0.0022209624704615147
0.00212766167499905
0.0020268551600208067
0.001918814667685453
0.001803853253535035
0.0016823252143279704
0.0015546258296924155
0.0014211909129892351
0.0012824961674998158
0.0014662310418893647
0.0016547251006141966
0.0018473956539292618
0.002043624757975975
0.0022427608624639426
0.002444120659017971
0.0026469911280176833
0.00285063178078891
0.003054277093023121
0.0032571391243073847
0.0034584103176470617
0.00365726647186132
0.003852869878731506
0.004044372615790087
0.004230919984657331
0.004411654083869135
0.004585717504197973
0.004752257133553867
0.004910428057669634
0.0050593975419284225
0.005198349078888107
0.005326486485299202
0.005443038031708637
0.005547260587092
0.005638443760370287
0.005715914020144578
0.005779038773531047
0.005827230384600431
0.005859950112627546
0.00587671195013766
0.005877086340605081
0.005860703755613884
0.005827258111338331
0.005776510004339387
0.005708289746910421
0.0056225001825362135
0.005519119262461731
0.005398202364895539
0.005259884339003941
0.005104381256579403
0.00493199185509638
0.0047430986567924445
0.004538168749436446
0.0043177542155614645
0.004082492198150741
0.0038331045920618994
0.0035703973518602643
0.0032952594081965066
0.0030086611864079964
0.002711652722637836
0.0030962608041441913
0.00348994121657621
0.0038914307522399153
0.004299398259623649
0.00471244854939229
0.005129126693851332
0.005547922711763762
0.005967276628438288
0.00638558389903697
0.006801201181077784
0.007212452440146521
0.007617635370887452
0.008015028113427643
0.008402896243510429
0.008779500012783322
0.0091431018139103
0.009491973843471923
0.009824405933983664
0.010138713524818528
0.010433245740367619
0.010706393542427856
0.010956597922571098
0.011182358099139976
0.011382239682533482
0.0115548827716052
0.011699009943299208
0.011813434097107988
0.011897066115551315
0.011948922301659972
0.011968131554399785
0.011953942243102944
0.01190572874228163
0.011822997588693018
0.01170539322320276
0.011552703280860872
0.011364863393658985
0.011141961471681783
0.0108842414297975
0.010592106328650739
0.010266120900522849
0.009907013432608516
0.009515676982415183
0.009093169902322073
0.00864071565282955
0.008159701886681114
0.0076516787888412
0.007118356660253771
0.00656160273637757
0.0059834372346874885
0.0053860286286302374
0.006142274978738876
0.006914598440791611
0.007700435553426251
0.00849710122760071
0.009301797255927103
0.010111621536863945
0.010923577991262055
0.01173458714509079
0.012541497348530706
0.013341096598018484
0.014130124924290626
0.014905287306011943
0.01566326706520652
0.01640073969745947
0.017114387086731783
0.017800912051660966
0.018457053167408238
0.019079599804490862
0.019665407323608226
0.02021141236326126
0.020714648154980815
0.021172259799244593
0.021581519433685015
0.021939841223982307
0.02224479610691677
0.022494126214425408
0.022685758907187215
0.022817820346252328
0.022888648531544365
0.022896805736706237
0.022841090270734523
0.022720547498157353
0.022534480051162122
0.022282457169065233
0.0219643231028466
0.02158020452513125
0.02113051688899689
0.02061596968230753
0.020037570527909568
0.01939662808398025
0.01869475370306136
0.01793386181285146
0.017116168986631996
0.016244191676274423
0.015320742586075626
0.01434892567120124
0.013332129750247399
0.012274020727338226
0.011178532425254337
0.010049856037283592
0.011446628027856204
0.01286981816203979
0.014314555584694768
0.015775767706805048
0.01724819731975106
0.018726420910111754
0.020204868122328027
0.021677842310248586
0.023139542112406132
0.02458408397983135
0.026005525579371528
0.027397889989835583
0.02875519060290043
0.030071456635588113
0.03134075915630377
0.03255723752193997
0.03371512611941619
0.034808781301283585
0.035832708401683726
0.03678158871605539
0.03765030632553505
0.038433974645037144
0.039127962572529956
0.03972792011607348
0.040229803374766275
0.0406298987498714
0.040924846263074466
0.04111166186007088
0.04118775857949803
0.04115096646962143
0.04099955113815567
0.04073223082414679
0.040348191884967
0.0398471025961563
0.03922912516709589
0.03849492588128384
0.037645683276314006
0.03668309428548992
0.03560937827034119
0.0344272788811162
0.033140063690567996
0.0317515215550311
0.030265957665833395
0.028688186263514083
0.02702352099704181
0.025277762920259166
0.023457186128032433
0.021568521045060348
0.019618935390924446
0.01761601285569926
0.0200392969094863
0.022502690789053335
0.024997526816633378
0.027514828383232104
0.030045341824744567
0.03257957015536173
0.035107808549479085
0.03762018145338399
0.040106681198397456
0.042557207977899324
0.04496161104187338
0.04730973095425854
0.049591442750594045
0.05179669982618396
0.053915578378381054
0.055938322220596144
0.057855387780346004
0.059657489089093935
0.06133564256782749
0.06288121140932401
0.06428594935586736
0.0655420436698606
0.06664215709432224
0.06757946860069668
0.06834771272276194
0.06894121727768501
0.06935493927847816
0.06958449884623831
0.06962621093561426
0.06947711469293749
0.06913500027335542
0.06859843295111852
0.06786677436587064
0.06694020075734734
0.06581971805129382
0.06450717367060943
0.06300526495771465
0.06131754410683347
0.0594484195182981
0.057403153501011835
0.05518785626384863
0.05280947615193855
0.050275786099428614
0.04759536628639307
0.04477758300396789
0.04183256374851415
0.03877116858251686
0.03560495781701869
0.03234615608750848
0.029007612912334783
0.03295672018844546
0.03696179799660653
0.041008398723468516
0.045081640225656174
0.04916626093035172
0.05324667756909334
0.05730704534240305
0.061331320298585366
0.06530332369642909
0.06920680810872883
0.07302552501158568
0.07674329359337198
0.08034407050719586
0.0838120202816504
0.0871315860967264
0.09028756062498584
0.09326515663253515
0.09605007703003778
0.09862858406098006
0.1009875673127364
0.10311461023564505
0.10499805485638421
0.10662706437439474
0.10799168333399506
0.10908289507013734
0.1098926761324967
0.11041404740074058
0.11064112161338924
0.11056914704362998
0.1101945470677645
0.10951495538560863
0.10852924666710757
0.1072375624156053
0.10564133185558931
0.1037432876712511
0.10154747644178115
0.09905926363992708
0.09628533308184659
0.09323368073867876
0.08991360284336498
0.08633567825008072
0.082511745027994
0.07845487129593837
0.07417932032982003
0.06970051000005593
0.06503496662202678
0.06020027332819358
0.055215013096198404
0.05009870659268176
0.04487174501774091
0.050916915235344355
0.057033276325953106
0.06319826780572346
0.0693887723888745
0.07558120451992072
0.08175160229910455
0.087875722458167
0.09392913802498039
0.09988733829823408
0.10572583073743934
0.11142024435910984
0.11694643421709187
0.12228058653386467
0.1273993240401442
0.1322798110725074
0.13689985797293974
0.1412380243303719
0.14527372060235477
0.1489873076551295
0.15236019376249513
0.1553749286080497
0.15801529384165086
0.16026638974924848
0.1621147176056365
0.16354825729208677
0.16455653977528176
0.1651307140603875
0.16526360824948325
0.16494978435681648
0.16418558655443943
0.16296918254560908
0.1613005977888456
0.15918174232261942
0.1566164299692216
0.15361038972630503
0.1501712691858079
0.1463086298523297
0.1420339342663871
0.13736052487226058
0.1323035946051079
0.1268801492076544
0.12110896132277511
0.11501051644466376
0.10860695084772315
0.10192198164878824
0.09498082919456537
0.08781013200206317
0.08043785451524688
0.07289318797582867
0.06520644474005731
0.0738986966586297
0.08267232416910138
0.09149431988910811
0.10033103544577013
0.10914831384392912
0.11791162575260815
0.12658620917722188
0.1351372119634611
0.1435298365591998
0.1517294864435688
0.15970191361741337
0.16741336653692665
0.17483073786239478
0.1819217113866886
0.1886549075036195
0.19500002657440352
0.20092798955149044
0.20641107522275165
0.21142305344567427
0.21593931375064596
0.2199369887047154
0.22339507144233461
0.2262945267874672
0.22861839541209814
0.23035189049948296
0.2314824864064086
0.2319999988471871
0.23189665615299251
0.23116716119335726
0.2298087435820705
0.22782120182719914
0.22520693512439677
0.22197096453385623
0.2181209433241161
0.2136671563101901
0.20862250805907298
0.20300249988229388
0.19682519558274003
0.1901111759712095
0.18288348221683995
0.1751675481446034
0.16699112164206362
0.15838417538656424
0.14937880715249482
0.14000913000630355
0.13031115274401647
0.12032265097218944
0.11008302927811096
0.0996331749784756
0.08901530397759864
0.10075533892601202
0.11257671413594472
0.12443417890892246
0.1362818371338168
0.14807333159664524
0.1597620322346982
0.1713012275739489
0.1826443185669145
0.19374501402937958
0.20455752685908538
0.21503677020744077
0.22513855276688244
0.2348197723315537
0.24403860678766875
0.2527547016923327
0.26092935360559166
0.268525688350307
0.2755088333878557
0.2818460835148466
0.28750705910677227
0.29246385615891224
0.29669118740264777
0.30016651380664705
0.302870165806997
0.3047854536481548
0.30589876625747414
0.3061996581198397
0.3056809236654786
0.30433865873312277
0.30217230872217027
0.29918470310115086
0.2953820759954186
0.29077407263432237
0.285373741496963
0.27919751205571747
0.27226515807781226
0.264599746507027
0.256227572009943
0.2471780773336062
0.23748375968392435
0.22718006339621183
0.21630525923070062
0.2049003106864689
0.19300872778654132
0.18067640884493835
0.1679514707826054
0.15488406861345116
0.14152620477375108
0.12793152901766058
0.11415512964849574
0.12904938895996962
0.14401030977668436
0.15897975906518846
0.1738990699721416
0.18870928095450068
0.20335137815258109
0.21776654000239518
0.23189638306582894
0.24568320804352248
0.2590702449262057
0.27200189623538956
0.28442397730418434
0.29628395255325274
0.30753116672589503
0.3181170700596915
0.3279954363901642
0.3371225732044909
0.3454575226902224
0.35296225285535127
0.35960183783160726
0.3653446265126227
0.3701623987222658
0.3740305081559984
0.37692801138925874
0.37883778230148724
0.3797466113222593
0.379645288966824
0.3785286731919449
0.37639574016903626
0.37324961813989055
0.3690976040905622
0.36395116305085323
0.357825909900092
0.3507415736341704
0.3427219441237517
0.3337948014689599
0.32399182813123073
0.3133485040982009
0.3019039854119937
0.28970096646489707
0.2767855265387709
0.2632069611352122
0.24901759871242407
0.23427260351124365
0.21902976521695952
0.20334927626469085
0.1872934976543331
0.1709267141957177
0.15431488015577924
0.1375253563267141
0.15527460448384786
0.17305940078182314
0.19080975654523044
0.2084553924540091
0.2259260277409611
0.24315167110871547
0.26006291214319954
0.2765912119913726
0.29266919206703396
0.30823091954997
0.32321218845035626
0.33755079502254903
0.3511868063297428
0.36406282078381064
0.3761242195125037
0.3873194074393531
0.3976000429996541
0.4069212554588757
0.4152418488475399
0.4225244915787374
0.4287358908710058
0.43384695115983296
0.43783291574552685
0.44067349099317155
0.44235295247174183
0.44286023249375056
0.44218898859383987
0.44033765256411334
0.43730945974544366
0.43311245835709467
0.4277594987314666
0.42126820240616797
0.4136609111116656
0.40496461577898013
0.3952108657780032
0.3844356586825915
0.372679310943208
0.35998630993132946
0.3464051479014884
0.33198813849662345
0.31679121649966935
0.3008737216089987
0.2842981670868908
0.2671299941983279
0.24943731342200054
0.23129063347578319
0.21276257925528505
0.1939275998356369
0.1748616677337129
0.1556419706697725
0.17550985431002408
0.19536798693372384
0.21513739975537555
0.23473919123117096
0.25409485312641816
0.27312659607191225
0.2917576732310612
0.3099127007028603
0.3275179732952966
0.34450177431899814
0.3607946780721518
0.3763298437147528
0.3910432992629316
0.40487421447246963
0.4177651614242942
0.4296623616738532
0.4405159188802585
0.4502800358900946
0.45891321531426454
0.4663784427041171
0.47264335150504194
0.47768036904133154
0.48146684286524927
0.48398514688537453
0.4852227667742541
0.4851723642426506
0.48383181985699625
0.4812042541675487
0.47729802700689117
0.472126714911351
0.4657090667113001
0.4580689374296489
0.44923520072086087
0.4392416401749532
0.42812681990193535
0.4159339349015055
0.4027106418101303
0.388508870702675
0.3733846187078619
0.3573977262760097
0.34061163701299435
0.32309314206626194
0.3049121101162697
0.28614120408999694
0.2668555857716632
0.24713260953921432
0.22705150650353562
0.20669306037004767
0.18613927637967675
0.1654730447174345
0.1863627775852363
0.2071897194674547
0.2278703649878539
0.24832169759328257
0.26846153230806635
0.2882088553718121
0.30748415932428913
0.32620977211866614
0.3443101788690008
0.36171233486769183
0.37834596854514185
0.3941438730854436
0.4090421854596507
0.4229806516908812
0.4359028772236522
0.44775656133265457
0.4584937145738337
0.4680708583524331
0.4764492057586646
0.4835948229012028
0.48947877005173046
0.4940772219996686
0.49737156710482594
0.49934848462647036
0.5
0.49932351782641426
0.4973218324348905
0.4940031159744596
0.489380884086643
0.48347393930655663
0.4763062924350076
0.46790706221800554
0.45831035376261253
0.44755511620860866
0.4356849802638201
0.4227480762965478
0.408796833761247
0.3938877628127925
0.378081219040298
0.36144115232270746
0.34403484087579
0.32593261162226406
0.30720754807463135
0.2879351869722835
0.2681932049617903
0.24806109665024784
0.22761984539740318
0.20695158824176882
0.1861392763796756
0.1652663326335053
0.18589745253993073
0.20641421300287277
0.2267338568011024
0.24677452692801416
0.26645560245548483
0.285698028773257
0.304424640819512
0.3225604779505958
0.3400330891350978
0.35677282720119624
0.37271313091450137
0.3877907937178854
0.4019462180232524
0.41512365400907497
0.4272714219452192
0.43834211713872556
0.44829279666993377
0.45708514716767074
0.46468563295445087
0.4710656239777491
0.4762015030307315
0.4800747518552781
0.4826720158109
0.4839851468853748
0.4840112249156531
0.4827525569808549
0.4802166550222686
0.47641619183797357
0.4713689356915349
0.46509766386474316
0.457630055573353
0.448998564751576
0.4392402732956197
0.4283967254382141
0.4165137440047152
0.4036412293764205
0.38983294205818153
0.37514626981461024
0.35964198040223017
0.3433839609830411
0.32643894535873746
0.3088762302128885
0.2907673815918435
0.2721859328924692
0.2532070756573176
0.23390734450385173
0.2143642975352032
0.19465619359449896
0.17486166773371412
0.15505940627070255
0.17419845429991518
0.19318241397950187
0.21193442115417624
0.23037883745621857
0.24844155700881126
0.2660503055671055
0.28313493086558744
0.2996276829827967
0.3154634835812641
0.3305801829328546
0.3449188036957619
0.3584237704703839
0.37104312422555163
0.3827287207551457
0.3934364123964993
0.40312621231669
0.41176244075001944
0.4193138526496564
0.42575374629790125
0.4310600525027514
0.43521540409281706
0.4382071855079464
0.4400275623686334
0.4406734909931716
0.44014670791711064
0.43845369955455554
0.4356056522247944
0.43161838285035437
0.4265122507134864
0.4203120507368567
0.4130468888307251
0.40475003992252856
0.39545878935553913
0.385214258410592
0.3740612147687178
0.36204786879236284
0.34922565655879195
0.3356490106307187
0.32137511959628495
0.3064636774527034
0.2909766239454298
0.274977877007076
0.2585330584677456
0.24170921423037592
0.22457453012186532
0.2071980446419626
0.18964935983845516
0.17199835153773332
0.15431488015577843
0.136668503304601
0.1533457523687147
0.1698447683741189
0.18609864687027705
0.2020418942722339
0.21761068873793216
0.2327431324441632
0.24737949425195616
0.2614624417993653
0.2749372621108368
0.287752069866988
0.2998580025368154
0.31120940163539157
0.3217639794341115
0.33148297051690145
0.3403312676444837
0.34827754145916917
0.355294343634723
0.36135819314902046
0.36644964543145436
0.37055334421159647
0.37365805597071455
0.3757566869724646
0.3768462829236151
0.37692801138925897
0.3760071271596913
0.3740929208373615
0.37119865098193394
0.3673414602191661
0.36254227578471226
0.3568256950369022
0.35021985653267407
0.34275629731803187
0.334469797138269
0.3253982103237293
0.31558228615367034
0.30506547854390104
0.2938937459427844
0.2821153423553359
0.2697806004456444
0.25694170769443075
0.24365247661028824
0.22996811001088918
0.21594496240315586
0.20164029849999415
0.1871120499149577
0.17241857107566586
0.15761839539155256
0.142769992702093
0.12793152901765836
0.11316062954712408
0.12681067057272638
0.14027922389078482
0.15351171642867106
0.1664550117623772
0.17905761665701173
0.19126987895900394
0.20304417608053665
0.21433509336316398
0.2250995916572045
0.23529716350503932
0.24488997737068766
0.25384300941379584
0.262124162363857
0.26970437110942974
0.276557694677332
0.28266139433772286
0.2879959976326248
0.2925453481873015
0.296296641225941
0.2992404447746954
0.30137070659648046
0.30268474696231035
0.30318323742347586
0.30287016580699677
0.3017527877135202
0.29984156485174945
0.29715009059647846
0.2936950032081193
0.28949588720002745
0.2845751633858108
0.2789579681819095
0.27267202278099056
0.26574749284882776
0.2582168394313736
0.2501146617893742
0.24147753290523857
0.2323438284305583
0.22275354986308576
0.21274814275844264
0.20237031079500067
0.19166382651951883
0.18067333960699639
0.16944418347000598
0.1580221810512984
0.14645345062817575
0.1347842124484858
0.12306059700581784
0.11132845574604308
0.09963317497847635
0.08801949374308346
0.09851365728874253
0.10884065073122041
0.11895876169090086
0.12882759959496734
0.13840824772735374
0.1476634074331035
0.15655753395507682
0.16505696342224674
0.17313003055215595
0.1807471766744382
0.1878810477282446
0.1945065819330226
0.20060108687966766
0.2061443058370965
0.21111847311774776
0.21550835839400906
0.2193012999060482
0.2224872265496594
0.2250586688804149
0.2270107591173274
0.22834122027528567
0.22905034460046073
0.22914096152657412
0.22861839541209808
0.22749041335908665
0.22576716345313402
0.22346110380084766
0.22058692277605085
0.21716145091854783
0.2132035649596146
0.20873408447626426
0.20377566170175068
0.198352665042573
0.19249105687236262
0.1862182661905429
0.1795630567482451
0.1725553912559302
0.16522629229620434
0.1576077005716509
0.1497323311209172
0.1416335281370548
0.13334511902000878
0.12490126829044633
0.11633633198463549
0.10768471314015678
0.09898071896966501
0.09025842030506245
0.08155151387706376
0.07289318797583028
0.06431599201657921
0.07189417105287779
0.0793314696312675
0.08659801489714619
0.09366504555600953
0.10050501581027362
0.10709169280230921
0.11340024723874234
0.1194073369046789
0.1250911828108194
0.130431637751479
0.13541024708699664
0.14001030159988545
0.14421688231003213
0.14801689717027705
0.15139910959952707
0.15435415884615314
0.15687457220942097
0.15895476918127263
0.16059105760443665
0.16178162197574958
0.16252650405534821
0.16282757597312647
0.16268850605325696
0.1621147176056365
0.16111334095970845
0.15969315904111953
0.15786454681503234
0.15563940494152437
0.15303108800833606
0.1500543277241505
0.1467251514716499
0.14306079663362092
0.13907962111749736
0.13480101051372553
0.1302452823314257
0.12543358776072844
0.12038781141518648
0.11513046950949861
0.10968460692780055
0.10407369363563193
0.09832152088477514
0.0924520976542417
0.0864895477630211
0.08045800808067656
0.07438152825074144
0.0682839723290159
0.062188922724555534
0.05611958681523302
0.05009870659268285
0.04414847167284066
0.04928871702397054
0.05431958768202739
0.05922104050255406
0.06397389268158547
0.06855988759762825
0.07296175571657502
0.07716327037936001
0.08114929831707483
0.08490584476328632
0.08842009305859252
0.09168043866774635
0.09467651755496215
0.09739922888808727
0.09984075206715448
0.10199455809725311
0.10385541534965455
0.10541938977845162
0.10668383968274583
0.10764740512631805
0.10830999214787053
0.10867275191507621
0.10873805499489544
0.10850946093073095
0.10799168333399495
0.10719055071348901
0.10611296328057727
0.10476684598145287
0.1031610980197865
0.10130553914371467
0.09921085298039464
0.09688852770927033
0.09435079437167813
0.09161056311954377
0.08868135770958412
0.08557724855177731
0.0823127846217362
0.07890292454623324
0.0753629671692912
0.07170848190323974
0.06795523916472218
0.06411914119010621
0.06021615351795521
0.05626223741835169
0.052273283539853034
0.04826504703489835
0.044253084413502265
0.040252692363250846
0.03627884876090351
0.03234615608750879
0.028468787444797018
0.03174372891189787
0.034940090424091935
0.03804527480046176
0.0410473005334673
0.04393484033460744
0.04669725621741237
0.04932463103155883
0.05180779637881172
0.05413835685829962
0.056308710605402885
0.05831206610516977
0.06014245527753543
0.06179474284777144
0.06326463203129548
0.0645486665773528
0.06564422923091218
0.06654953668645656
0.06726363112108441
0.06778636840744579
0.0681184031194557
0.06826117045542397
0.06821686521417901
0.06798841796990111
0.06757946860069675
0.06699433733440249
0.06623799348270551
0.06531602204135989
0.06423458834008469
0.06300040093060824
0.06162067290530836
0.06010308184194024
0.058455728572110816
0.05668709497238179
0.05480600097725454
0.05282156101275361
0.050743140047960295
0.0485803094596196
0.04634280290193939
0.04404047236988617
0.04168324463975311
0.039281078265496115
0.03684392130342055
0.034381669931214054
0.03190412812017822
0.0294209685117619
0.026941694641325748
0.02447560464333465
0.02203175656312973
0.019618935390924394
0.017245621923948507
0.01920547109379534
0.021112914031810325
0.022960535460732664
0.02474132873004459
0.02644871658481122
0.0280765696876456
0.029619222860997052
0.03107148902747993
0.03242867083637991
0.033686569974712414
0.034841494171256975
0.03589026191178471
0.036830204893229225
0.03765916825372526
0.03837550862431321
0.03897809005654729
0.039466277888314506
0.039839930617759235
0.040099389862369765
0.04024546848692947
0.04027943699018759
0.040203008245734084
0.040018320697652966
0.03972792011607346
0.03933474002172231
0.038842080892010876
0.03825358826404494
0.03757322985224462
0.03680527179998536
0.03595425418584909
0.03502496590568151
0.03402241905173795
0.032951822909727195
0.03181855769359976
0.030628148136429494
0.02938623705378905
0.02809855899356752
0.026770914083313422
0.025409142182872803
0.024019097446399896
0.022606623393728306
0.021177528586678818
0.019737563001121488
0.01829239518058555
0.016847590251885595
0.015408588877723584
0.013980687215452817
0.012569017945300591
0.011178532425254305
0.009813984023668865
0.010915624369417284
0.011984748614843204
0.013017269417662361
0.014009351533237555
0.01495742204966514
0.01585817927132846
0.016708600243880118
0.017505946919670223
0.018247770968569155
0.018931917244895794
0.019556525926754793
0.020120033349470982
0.020621171559988157
0.021058966624017475
0.021432735722415
0.021742083077665297
0.021986894755488224
0.02216733239040936
0.022283825887675697
0.02233706515711094
0.022327990937405347
0.02225778477190989
0.022127858199249034
0.021939841223982307
0.021695570134125167
0.02139707473359431
0.021046565058562856
0.020646417647311354
0.020199161433435284
0.0197074633322381
0.019174113589791267
0.018602010963510475
0.017994147802162484
0.01735359509202306
0.016683487534428422
0.015987008718255254
0.015267376448896136
0.014527828293124233
0.01377160739685038
0.013001948630189771
0.012222065111505951
0.0114351351591688
0.010644289716716503
0.009852600293909214
0.009063067462876257
0.008278609945163355
0.0075020543220303045
0.006736125396822502
0.0059834372346875995
0.005246484901320152
0.0058281241546892975
0.0063909625617367
0.006932890963344713
0.0074519450085065615
0.007946309720625457
0.008414323309163564
0.008854480229343578
0.00926543349583016
0.009645996259413451
0.00999514265871432
0.010312007961779213
0.010595888015162825
0.010846238020665137
0.011062670662311357
0.011244953608421007
0.011393006415704909
0.011506896864246614
0.011586836753967667
0.011633177194738891
0.011646403423680804
0.01162712918439311
0.011576090703865515
0.011494140303651663
0.01138223968253348
0.011241452908367781
0.011072939157092829
0.010877945236984612
0.010657797936190538
0.01041389623134377
0.010147703394671484
0.009860739036469682
0.009554571119123185
0.009230807978019121
0.008891090383731258
0.008537083678761938
0.008170470020913152
0.007792940764039582
0.007406189005510035
0.007011902328192769
0.006611755763179527
0.006207404997796421
0.005800479851709424
0.0053925780421509445
0.004985259257451668
0.0045800395562000246
0.0041783861074476975
0.0037817122854750503
0.0033913731307011067
0.0030086611864080307
0.0026348027190351403
0.002923247603538001
0.003201549440210978
0.003468689623904504
0.0037237270924515634
0.003965800137340084
0.004194127822882616
0.004408011018587686
0.004606833051010526
0.004790059982851639
0.004957240528497162
0.005108005616530231
0.005242067611004153
0.005359219204433615
0.005459331996543434
0.005542354773797964
0.005608311505630593
0.005657299074088629
0.005689484754310176
0.0057051034638543165
0.005704454799412733
0.005687899879842028
0.005655858014770641
0.005608803218255594
0.005547260587092
0.005471802563415798
0.005383045101189126
0.005281643756021616
0.005168289717561302
0.005043705803391452
0.004908642432994621
0.0047638735999010594
0.004610192859623268
0.004448409350403773
0.0042793438631648344
0.00410382497636003
0.003922685270685575
0.003736757637824955
0.0035468716965727245
0.00335385032882341
0.003158506347017867
0.002961639303723479
0.002764032453083202
0.0025664498729175912
0.002369633755294146
0.0021743018724097152
0.001981145223653451
0.0017908258687499147
0.0016039749509129501
0.001421190912989243
0.0012430379086293582
0.001377396593853483
0.0015066443493448535
0.0016303209424408014
0.0017480048875045037
0.0018593140600979977
0.0019639061223407283
0.002061478763283219
0.0021517697588279336
0.002234556856389432
0.0023096574901050972
0.0023769283329788896
0.00243626469287051
0.002487599759721403
0.0025309037118441255
0.0025661826894855804
0.0025934776442130113
0.0026128630729599575
0.002624445645809814
0.0026283627367879813
0.002624780867078555
0.0026138940701810904
0.0025959221885759626
0.002571109111476448
0.0025397209632115145
0.0025020442517077615
0.0024583839864235845
0.0024090617749345598
0.0023544139071793673
0.0022947894361502897
0.0022305482635562182
0.002162059238698112
0.0020896982784825756
0.0020138465161576857
0.0019348884859919154
0.0018532103507308358
0.0017691981782638705
0.0016832362735121128
0.0015957055711159195
0.0015069820940544212
0.0014174354828766073
0.0013274275997612595
0.0012373112111589665
0.0011474287523012452
0.0010581111763951416
0.0009696768908555798
0.0008824307824675
0.0007966633329141175
0.000712649825661378
0.0006306496447506462
0.00055090566562663
0.0006096899018131253
0.0006660669371137036
0.0007198423081916694
0.0007708396322608827
0.0008189007677352303
0.0008638858902020756
0.0009056734861368264
0.0009441602670621249
0.0009792610071223252
0.0010109083072874165
0.0010390522896227099
0.0010636602252596975
0.0010847160998801425
0.0011022201206789277
0.0011161881689020188
0.0011266512021640628
0.0011336546108359133
0.0011372575328559699
0.0011375321313611927
0.00113456283955455
0.0011284455772260459
0.001119286943324745
0.0011072033889406852
0.0010923203749984883
0.0010747715188899518
0.0010546977341819332
0.001032246367429069
0.0010075703359997612
0.0009808272706888317
0.0009521786667431673
0.0009217890467675843
0.0008898251388093918
0.0008564550727414632
0.0008218475978775949
0.0007861713245601175
0.0007495939922608576
0.0007122817665321519
0.0006743985669372922
0.0006361054278789087
0.0005975598940325872
0.0005589154518798343
0.0005203209986231842
0.00048192034955490205
0.0004438517847431442
0.00040624763569357725
0.0003692339124437841
0.0003329299713510698
0.0002974482236436624
0.00026289388462028663
0.00022936476320553395
0.000253521966015603
0.00027661874095867995
0.00029857828854333216
0.0003193316929107245
0.00033881794027984963
0.0003569839020822855
0.00037378428409171613
0.0003891815429599609
0.0004031457716686773
0.00041565455549221993
0.0004266928001440627
0.00043625253384509875
0.00044433268510861624
0.0004509388380826238
0.00045608296732638004
0.0004597831539243734
0.00046206328485783656
0.0004629527375614644
0.00046248605159151845
0.0004607025893214567
0.000457646187562802
0.0004533648019825484
0.0004479101461545153
0.0004413373270410275
0.0004337044786535007
0.00042507239558661747
0.0004155041680609249
0.00040506482004376955
0.00039382095194848745
0.000381840389337753
0.0003691918389788244
0.000355944553517249
0.00034216800595126065
0.00032793157500271564
0.00031330424239183965
0.00029835430293339215
0.0002831490882809446
0.000267754705054873
0.0002522357879981284
0.00023665526871316308
0.00022107416044291831
0.00020555135927001193
0.0001901434620204683
0.00017490460107295053
0.00015988629619081028
0.00014513732341329413
0.0001307036009642458
0.00011662809206120893
0.00010295072443622776
8.970832631094838e-05
9.903273680050758e-05
0.0001079199956580788
0.00011634177223693908
0.00012427294951496384
0.00013169161164178637
0.00013857901779794698
0.0001449195629918414
0.00015070072645610613
0.00015591300833649803
0.00016054985539349227
0.0001646075764596221
0.0001680852484142192
0.00017098461345162948
0.0001733099684294196
0.00017506804708938798
0.00017626789594684333
0.0001769207446423573
0.00017703987154550814
0.00017664046539188854
0.00017573948372325772
0.00017435550888618553
0.0001725086023270752
0.0001702201579013563
0.00016751275489193277
0.00016441001140702052
0.00016093643880036695
0.0001571172977278709
0.0001529784564238387
0.00014854625174793405
0.0001438473535202937
0.00013890863262772015
0.00013375703334825927
0.00012841945030536098
0.00012292261042599081
0.00011729296024014504
0.00011155655882194052
0.00010573897663545729
9.986520051149957e-05
9.395954494500175e-05
8.804556986675361e-05
8.214600500785742e-05
7.628268094077467e-05
7.047646684731687e-05
6.474721503139393e-05
5.911371216305784e-05
5.3593637210274766e-05
4.8203525986220066e-05
4.2958742212596814e-05
3.7873454973794325e-05
3.296062241246228e-05
3.6341141357690896e-05
3.9552945692961254e-05
4.258628153092247e-05
4.543262013702338e-05
4.808464588563883e-05
5.053623928650897e-05
5.2782455352839755e-05
5.4819497592956224e-05
5.664468791620119e-05
5.825643275091501e-05
5.9654185677804534e-05
6.083840688588732e-05
6.181051976049877e-05
6.257286491365847e-05
6.312865196641558e-05
6.348190939073512e-05
6.363743271509622e-05
6.360073139331913e-05
6.337797463027172e-05
6.297593645115094e-05
6.240194029301671e-05
6.166380338827627e-05
6.0769781199963605e-05
5.9728512157986934e-05
5.8548962934147956e-05
5.724037448169087e-05
5.581220905257966e-05
5.427409839262254e-05
5.26357933011203e-05
5.090711472792024e-05
4.9097906566759685e-05
4.721799028956677e-05
4.527712155213449e-05
4.3284948887246495e-05
4.1250974587095806e-05
3.918451786265225e-05
3.709468035367761e-05
3.4990314049293504e-05
3.287999166556225e-05
3.0771979513359854e-05
2.8674212877096122e-05
2.659427391246076e-05
2.453937205953195e-05
2.251632695618975e-05
2.0531553825963263e-05
1.8591051304142015e-05
1.6700391656321794e-05
1.4864713334459522e-05
1.3088715807083658e-05
1.1376656592470312e-05
1.2527803700029167e-05
1.361796901371918e-05
1.4644021619891242e-05
1.5603267575141426e-05
1.6493443095836274e-05
1.7312706099768756e-05
1.805962620738666e-05
1.8733173312649495e-05
1.933270483552482e-05
1.985795176952764e-05
2.0309003638489715e-05
2.06862924769755e-05
2.0990575948453478e-05
2.1222919714503823e-05
2.138467916702727e-05
2.1477480633635218e-05
2.1503202164185658e-05
2.146395400380454e-05
2.1362058854722765e-05
2.1200032025910336e-05
2.0980561565815017e-05
2.070648846955418e-05
2.0380787047690168e-05
2.0006545539279052e-05
1.9586947047238474e-05
1.91252508692796e-05
1.8624774292699716e-05
1.8088874916286864e-05
1.7520933557451994e-05
1.692433779752866e-05
1.6302466212964112e-05
1.565867333492656e-05
1.4996275374659853e-05
1.4318536746791301e-05
1.3628657417721296e-05
1.2929761101256298e-05
1.2224884318774184e-05
1.1516966336479163e-05
1.0808839987703696e-05
1.0103223383790194e-05
9.402712512819103e-06
8.70977472138741e-06
8.026743070757114e-06
7.355811555040665e-06
6.699031165627141e-06
6.05830678283851e-06
5.435394872794469e-06
4.8319019647119305e-06
4.249283881321918e-06
3.6888456928062994e-06
4.057027125201002e-06
4.404559135650057e-06
4.730505990991362e-06
5.034077803858326e-06
5.314627442198053e-06
5.5716469282507625e-06
5.8047633660843986e-06
6.0137344372417915e-06
6.198443504317425e-06
6.358894362341666e-06
6.495205677725549e-06
6.607605154206398e-06
6.696423464760504e-06
6.762087987804951e-06
6.805116385222586e-06
6.826110058808527e-06
6.825747520677388e-06
6.804777711987068e-06
6.764013303044605e-06
6.704324006472411e-06
6.626629933637714e-06
6.531895022998021e-06
6.421120567398253e-06
6.295338865685718e-06
6.155607022292598e-06
6.003000916687075e-06
5.838609362818958e-06
5.663528476898002e-06
5.478856270045768e-06
5.285687480572312e-06
5.085108658845047e-06
4.8781935159578295e-06
4.6659985456702445e-06
4.449558927388349e-06
4.229884716293309e-06
4.007957325112218e-06
3.7847263004592728e-06
3.561106395171205e-06
3.337974936613714e-06
3.116169489558168e-06
2.8964858109155013e-06
2.679676092378476e-06
2.4664474858576043e-06
2.2574609055122092e-06
2.0533300991685243e-06
1.8546209809911214e-06
1.6618512164237862e-06
1.475490049653861e-06
1.2959583631648246e-06
1.1236289583409936e-06
1.2342339203815364e-06
1.3382866436272864e-06
1.4355272044801108e-06
1.5257412419520782e-06
1.6087587417582638e-06
1.6844526741185217e-06
1.7527374983874704e-06
1.813567547649401e-06
1.8669353063651869e-06
1.9128695940536472e-06
1.9514336678253988e-06
1.9827232563712822e-06
2.0068645377414907e-06
2.024012072940105e-06
2.0343467070056483e-06
2.0380734488550974e-06
2.035419340741297e-06
2.0266313277143897e-06
2.011974136991017e-06
1.9917281766236276e-06
1.966187462330998e-06
1.9356575808021574e-06
1.9004536972234665e-06
1.8608986142059161e-06
1.8173208887100892e-06
1.7700530129820098e-06
1.719429664928647e-06
1.6657860327781085e-06
1.6094562182918228e-06
1.5507717222236419e-06
1.4900600151593655e-06
1.4276431963190965e-06
1.3638367423691116e-06
1.298948347768139e-06
1.2332768576702154e-06
1.1671112939210046e-06
1.1007299742214398e-06
1.0343997240895221e-06
9.683751808319853e-07
9.028981883413456e-07
8.381972811633509e-07
7.744872559326247e-07
7.119688279549275e-07
6.50828370418044e-07
5.912377334468407e-07
5.333541399733975e-07
4.77320155178059e-07
0.0
0.0
0.0
0.0
0.0
0.0
0.0
0.0
0.0
0.0
0.0
0.0
0.0
0.0
0.0
0.0
0.0
0.0
0.0
0.0
0.0
0.0
0.0
0.0
0.0
0.0
0.0
0.0
0.0
0.0
0.0
0.0
0.0
0.0
0.0
0.0
0.0
0.0
0.0
0.0
0.0
0.0
0.0
0.0
0.0
0.0
0.0
0.0
0.0
0.0
0.0
0.0
0.0
0.0
0.0
0.0
0.0
0.0
0.0
0.0
0.0
0.0
0.0
0.0
0.0
0.0
0.0
0.0
0.0
0.0
0.0
0.0
0.0
0.0
0.0
0.0
0.0
0.0
0.0
0.0
0.0
0.0
0.0
0.0
0.0
0.0
0.0
0.0
0.0
0.0
0.0
0.0
0.0
0.0
0.0
0.0
0.0
0.0
0.0
0.0
0.0
0.0
0.0
0.0
0.0
0.0
0.0
0.0
0.0
0.0
0.0
0.0
0.0
0.0
0.0
0.0
0.0
0.0
0.0
0.0
0.0
0.0
0.0
0.0
0.0
0.0
0.0
0.0
0.0
0.0
0.0
0.0
0.0
0.0
0.0
0.0
0.0
0.0
0.0
0.0
0.0
0.0
0.0
0.0
0.0
0.0
0.0
0.0
0.0
0.0
0.0
0.0
0.0
0.0
0.0
0.0
0.0
0.0
0.0
0.0
0.0
0.0
0.0
0.0
0.0
0.0
0.0
0.0
0.0
0.0
0.0
0.0
0.0
0.0
0.0
0.0
0.0
0.0
0.0
0.0
0.0
0.0
0.0
0.0
0.0
0.0
0.0
0.0
0.0
0.0
0.0
0.0
0.0
0.0
0.0
0.0
0.0
0.0
0.0
0.0
0.0
0.0
0.0
0.0
0.0
0.0
0.0
0.0
0.0
0.0
0.0
0.0
0.0
0.0
0.0
0.0
0.0
0.0
0.0
0.0
0.0
0.0
0.0
0.0
0.0
0.0
0.0
0.0
0.0
0.0
0.0
0.0
0.0
0.0
0.0
0.0
0.0
0.0
0.0
0.0
0.0
0.0
0.0
0.0
0.0
0.0
0.0
0.0
0.0
0.0
0.0
0.0
0.0
0.0
0.0
0.0
0.0
0.0
0.0
0.0
0.0
0.0
0.0
0.0
0.0
0.0
0.0
0.0
0.0
0.0
0.0
0.0
0.0
0.0
0.0
0.0
0.0
0.0
0.0
0.0
0.0
0.0
0.0
0.0
0.0
0.0
0.0
0.0
0.0
0.0
0.0
0.0
0.0
0.0
0.0
0.0
0.0
0.0
0.0
0.0
0.0
0.0
0.0
0.0
0.0
0.0
0.0
0.0
0.0
0.0
0.0
0.0
0.0
0.0
0.0
0.0
0.0
0.0
0.0
0.0
0.0
0.0
0.0
0.0
0.0
0.0
0.0
0.0
0.0
0.0
0.0
0.0
0.0
0.0
0.0
0.0
0.0
0.0
0.0
0.0
0.0
0.0
0.0
0.0
0.0
0.0
0.0
0.0
0.0
0.0
0.0
0.0
0.0
0.0
0.0
0.0
0.0
0.0
0.0
0.0
0.0
0.0
0.0
0.0
0.0
0.0
0.0
0.0
0.0
0.0
0.0
0.0
0.0
0.0
0.0
0.0
0.0
0.0
0.0
0.0
0.0
0.0
0.0
0.0
0.0
0.0
0.0
0.0
0.0
0.0
0.0
0.0
0.0
0.0
0.0
0.0
0.0
0.0
0.0
0.0
0.0
0.0
0.0
0.0
0.0
0.0
0.0
0.0
0.0
0.0
0.0
0.0
0.0
0.0
0.0
0.0
0.0
0.0
0.0
0.0
0.0
0.0
0.0
0.0
0.0
0.0
0.0
0.0
0.0
0.0
0.0
0.0
0.0
0.0
0.0
0.0
0.0
0.0
0.0
0.0
0.0
0.0
0.0
0.0
0.0
0.0
0.0
0.0
0.0
0.0
0.0
0.0
0.0
0.0
0.0
0.0
0.0
0.0
0.0
0.0
0.0
0.0
0.0
0.0
0.0
0.0
0.0
0.0
0.0
0.0
0.0
0.0
0.0
0.0
0.0
0.0
0.0
0.0
0.0
0.0
0.0
0.0
0.0
0.0
0.0
0.0
0.0
0.0
0.0
0.0
0.0
0.0
0.0
0.0
0.0
0.0
0.0
0.0
0.0
0.0
0.0
0.0
0.0
0.0
0.0
0.0
0.0
0.0
0.0
0.0
0.0
0.0
0.0
0.0
0.0
0.0
0.0
0.0
0.0
0.0
0.0
0.0
0.0
0.0
0.0
0.0
0.0
0.0
0.0
0.0
0.0
0.0
0.0
0.0
0.0
0.0
0.0
0.0
0.0
0.0
0.0
0.0
0.0
0.0
0.0
0.0
0.0
0.0
0.0
0.0
0.0
0.0
0.0
0.0
0.0
0.0
0.0
0.0
0.0
0.0
0.0
0.0
0.0
0.0
0.0
0.0
0.0
0.0
0.0
0.0
0.0
0.0
0.0
0.0
0.0
0.0
0.0
0.0
0.0
0.0
0.0
0.0
0.0
0.0
0.0
0.0
0.0
0.0
0.0
0.0
0.0
0.0
0.0
0.0
0.0
0.0
0.0
0.0
0.0
0.0
0.0
0.0
0.0
0.0
0.0
0.0
0.0
0.0
0.0
0.0
0.0
0.0
0.0
0.0
0.0
0.0
0.0
0.0
0.0
0.0
0.0
0.0
0.0
0.0
0.0
0.0
0.0
0.0
0.0
0.0
0.0
0.0
0.0
0.0
0.0
0.0
0.0
0.0
0.0
0.0
0.0
0.0
0.0
0.0
0.0
0.0
0.0
0.0
0.0
0.0
0.0
0.0
0.0
0.0
0.0
0.0
0.0
0.0
0.0
0.0
0.0
0.0
0.0
0.0
0.0
0.0
0.0
0.0
0.0
0.0
0.0
0.0
0.0
0.0
0.0
0.0
0.0
0.0
0.0
0.0
0.0
0.0
0.0
0.0
0.0
0.0
0.0
0.0
0.0
0.0
0.0
0.0
0.0
0.0
0.0
0.0
0.0
0.0
0.0
0.0
0.0
0.0
0.0
0.0
0.0
0.0
0.0
0.0
0.0
0.0
0.0
0.0
0.0
0.0
0.0
0.0
0.0
0.0
0.0
0.0
0.0
0.0
0.0
0.0
0.0
0.0
0.0
0.0
0.0
0.0
0.0
0.0
0.0
0.0
0.0
0.0
0.0
0.0
0.0
0.0
0.0
0.0
0.0
0.0
0.0
0.0
0.0
0.0
0.0
0.0
0.0
0.0
0.0
0.0
0.0
0.0
0.0
0.0
0.0
0.0
0.0
0.0
0.0
0.0
0.0
0.0
0.0
0.0
0.0
0.0
0.0
0.0
0.0
0.0
0.0
0.0
0.0
0.0
0.0
0.0
0.0
0.0
0.0
0.0
0.0
0.0
0.0
0.0
0.0
0.0
0.0
0.0
0.0
0.0
0.0
0.0
0.0
0.0
0.0
0.0
0.0
0.0
0.0
0.0
0.0
0.0
0.0
0.0
0.0
0.0
0.0
0.0
0.0
0.0
0.0
0.0
0.0
0.0
0.0
0.0
0.0
0.0
0.0
0.0
0.0
0.0
0.0
0.0
0.0
0.0
0.0
0.0
0.0
0.0
0.0
0.0
0.0
0.0
0.0
0.0
0.0
0.0
0.0
0.0
0.0
0.0
0.0
0.0
0.0
0.0
0.0
0.0
0.0
0.0
0.0
0.0
0.0
0.0
0.0
0.0
0.0
0.0
0.0
0.0
0.0
0.0
0.0
0.0
0.0
0.0
0.0
0.0
0.0
0.0
0.0
0.0
0.0
0.0
0.0
0.0
0.0
0.0
0.0
0.0
0.0
0.0
0.0
0.0
0.0
0.0
0.0
0.0
0.0
0.0
0.0
0.0
0.0
0.0
0.0
0.0
0.0
0.0
0.0
0.0
0.0
0.0
0.0
0.0
0.0
0.0
0.0
0.0
0.0
0.0
0.0
0.0
0.0
0.0
0.0
0.0
0.0
0.0
0.0
0.0
0.0
0.0
0.0
0.0
0.0
0.0
0.0
0.0
0.0
0.0
0.0
0.0
0.0
0.0
0.0
0.0
0.0
0.0
0.0
0.0
0.0
0.0
0.0
0.0
0.0
0.0
0.0
0.0
0.0
0.0
0.0
0.0
0.0
0.0
0.0
0.0
0.0
0.0
0.0
0.0
0.0
0.0
0.0
0.0
0.0
0.0
0.0
0.0
0.0
0.0
0.0
0.0
0.0
0.0
0.0
0.0
0.0
0.0
0.0
0.0
0.0
0.0
0.0
0.0
0.0
0.0
0.0
0.0
0.0
0.0
0.0
0.0
0.0
0.0
0.0
0.0
0.0
0.0
0.0
0.0
0.0
0.0
0.0
0.0
0.0
0.0
0.0
0.0
0.0
0.0
0.0
0.0
0.0
0.0
0.0
0.0
0.0
0.0
0.0
0.0
0.0
0.0
0.0
0.0
0.0
0.0
0.0
0.0
0.0
0.0
0.0
0.0
0.0
0.0
0.0
0.0
0.0
0.0
0.0
0.0
0.0
0.0
0.0
0.0
0.0
0.0
0.0
0.0
0.0
0.0
0.0
0.0
0.0
0.0
0.0
0.0
0.0
0.0
0.0
0.0
0.0
0.0
0.0
0.0
0.0
0.0
0.0
0.0
0.0
0.0
0.0
0.0
0.0
0.0
0.0
0.0
0.0
0.0
0.0
0.0
0.0
0.0
0.0
0.0
0.0
0.0
0.0
0.0
0.0
0.0
0.0
0.0
0.0
0.0
0.0
0.0
0.0
0.0
0.0
0.0
0.0
0.0
0.0
0.0
0.0
0.0
0.0
0.0
0.0
0.0
0.0
0.0
0.0
0.0
0.0
0.0
0.0
0.0
0.0
0.0
0.0
0.0
0.0
0.0
0.0
0.0
0.0
0.0
0.0
0.0
0.0
0.0
0.0
0.0
0.0
0.0
0.0
0.0
0.0
0.0
0.0
0.0
0.0
0.0
0.0
0.0
0.0
0.0
0.0
0.0
0.0
0.0
0.0
0.0
0.0
0.0
0.0
0.0
0.0
0.0
0.0
0.0
0.0
0.0
0.0
0.0
0.0
0.0
0.0
0.0
0.0
0.0
0.0
0.0
0.0
0.0
0.0
0.0
0.0
0.0
0.0
0.0
0.0
0.0
0.0
0.0
0.0
0.0
0.0
0.0
0.0
0.0
0.0
0.0
0.0
0.0
0.0
0.0
0.0
0.0
0.0
0.0
0.0
0.0
0.0
0.0
0.0
0.0
0.0
0.0
0.0
0.0
0.0
0.0
0.0
0.0
0.0
0.0
0.0
0.0
0.0
0.0
0.0
0.0
0.0
0.0
0.0
0.0
0.0
0.0
0.0
0.0
0.0
0.0
0.0
0.0
0.0
0.0
0.0
0.0
0.0
0.0
0.0
0.0
0.0
0.0
0.0
0.0
0.0
0.0
0.0
0.0
0.0
0.0
0.0
0.0
0.0
0.0
0.0
0.0
0.0
0.0
0.0
0.0
0.0
0.0
0.0
0.0
0.0
0.0
0.0
0.0
0.0
0.0
0.0
0.0
0.0
0.0
0.0
0.0
0.0
0.0
0.0
0.0
0.0
0.0
0.0
0.0
0.0
0.0
0.0
0.0
0.0
0.0
0.0
0.0
0.0
0.0
0.0
0.0
0.0
0.0
0.0
0.0
0.0
0.0
0.0
0.0
0.0
0.0
0.0
0.0
0.0
0.0
0.0
0.0
0.0
0.0
0.0
0.0
0.0
0.0
0.0
0.0
0.0
0.0
0.0
0.0
0.0
0.0
0.0
0.0
0.0
0.0
0.0
0.0
0.0
0.0
0.0
0.0
0.0
0.0
0.0
0.0
0.0
0.0
0.0
0.0
0.0
0.0
0.0
0.0
0.0
0.0
0.0
0.0
0.0
0.0
0.0
0.0
0.0
0.0
0.0
0.0
0.0
0.0
0.0
0.0
0.0
0.0
0.0
0.0
0.0
0.0
0.0
0.0
0.0
0.0
0.0
0.0
0.0
0.0
0.0
0.0
0.0
0.0
0.0
0.0
0.0
0.0
0.0
0.0
0.0
0.0
0.0
0.0
0.0
0.0
0.0
0.0
0.0
0.0
0.0
0.0
0.0
0.0
0.0
0.0
0.0
0.0
0.0
0.0
0.0
0.0
0.0
0.0
0.0
0.0
0.0
0.0
0.0
0.0
0.0
0.0
0.0
0.0
0.0
0.0
0.0
0.0
0.0
0.0
0.0
0.0
0.0
0.0
0.0
0.0
0.0
0.0
0.0
0.0
0.0
0.0
0.0
0.0
0.0
0.0
0.0
0.0
0.0
0.0
0.0
0.0
0.0
0.0
0.0
0.0
0.0
0.0
0.0
0.0
0.0
0.0
0.0
0.0
0.0
0.0
0.0
0.0
0.0
0.0
0.0
0.0
0.0
0.0
0.0
0.0
0.0
0.0
0.0
0.0
0.0
0.0
0.0
0.0
0.0
0.0
0.0
0.0
0.0
0.0
0.0
0.0
0.0
0.0
0.0
0.0
0.0
0.0
0.0
0.0
0.0
0.0
0.0
0.0
0.0
0.0
0.0
0.0
0.0
0.0
0.0
0.0
0.0
0.0
0.0
0.0
0.0
0.0
0.0
0.0
0.0
0.0
0.0
0.0
0.0
0.0
0.0
0.0
0.0
0.0
0.0
0.0
0.0
0.0
0.0
0.0
0.0
0.0
0.0
0.0
0.0
0.0
0.0
0.0
0.0
0.0
0.0
0.0
0.0
0.0
0.0
0.0
0.0
0.0
0.0
0.0
0.0
0.0
0.0
0.0
0.0
0.0
0.0
0.0
0.0
0.0
0.0
0.0
0.0
0.0
0.0
0.0
0.0
0.0
0.0
0.0
0.0
0.0
0.0
0.0
0.0
0.0
0.0
0.0
0.0
0.0
0.0
0.0
0.0
0.0
0.0
0.0
0.0
0.0
0.0
0.0
0.0
0.0
0.0
0.0
0.0
0.0
0.0
0.0
0.0
0.0
0.0
0.0
0.0
0.0
0.0
0.0
0.0
0.0
0.0
0.0
0.0
0.0
0.0
0.0
0.0
0.0
0.0
0.0
0.0
0.0
0.0
0.0
0.0
0.0
0.0
0.0
0.0
0.0
0.0
0.0
0.0
0.0
0.0
0.0
0.0
0.0
0.0
0.0
0.0
0.0
0.0
0.0
0.0
0.0
0.0
0.0
0.0
0.0
0.0
0.0
0.0
0.0
0.0
0.0
0.0
0.0
0.0
0.0
0.0
0.0
0.0
0.0
0.0
0.0
0.0
0.0
0.0
0.0
0.0
0.0
0.0
0.0
0.0
0.0
0.0
0.0
0.0
0.0
0.0
0.0
0.0
0.0
0.0
0.0
0.0
0.0
0.0
0.0
0.0
0.0
0.0
0.0
0.0
0.0
0.0
0.0
0.0
0.0
0.0
0.0
0.0
0.0
0.0
0.0
0.0
0.0
0.0
0.0
0.0
0.0
0.0
0.0
0.0
0.0
0.0
0.0
0.0
0.0
0.0
0.0
0.0
0.0
0.0
0.0
0.0
0.0
0.0
0.0
0.0
0.0
0.0
0.0
0.0
0.0
0.0
0.0
0.0
0.0
0.0
0.0
0.0
0.0
0.0
0.0
0.0
0.0
0.0
0.0
0.0
0.0
0.0
0.0
0.0
0.0
0.0
0.0
0.0
0.0
0.0
0.0
0.0
0.0
0.0
0.0
0.0
0.0
0.0
0.0
0.0
0.0
0.0
0.0
0.0
0.0
0.0
0.0
0.0
0.0
0.0
0.0
0.0
0.0
0.0
0.0
0.0
0.0
0.0
0.0
0.0
0.0
0.0
0.0
0.0
0.0
0.0
0.0
0.0
0.0
0.0
0.0
0.0
0.0
0.0
0.0
0.0
0.0
0.0
0.0
0.0
0.0
0.0
0.0
0.0
0.0
0.0
0.0
0.0
0.0
0.0
0.0
0.0
0.0
0.0
0.0
0.0
0.0
0.0
0.0
0.0
0.0
0.0
0.0
0.0
0.0
0.0
0.0
0.0
0.0
0.0
0.0
0.0
0.0
0.0
0.0
0.0
0.0
0.0
0.0
0.0
0.0
0.0
0.0
0.0
0.0
0.0
0.0
0.0
0.0
0.0
0.0
0.0
0.0
0.0
0.0
0.0
0.0
0.0
0.0
0.0
0.0
0.0
0.0
0.0
0.0
0.0
0.0
0.0
0.0
0.0
0.0
0.0
0.0
0.0
0.0
0.0
0.0
0.0
0.0
0.0
0.0
0.0
0.0
0.0
0.0
0.0
0.0
0.0
0.0
0.0
0.0
0.0
0.0
0.0
0.0
0.0
0.0
0.0
0.0
0.0
0.0
0.0
0.0
0.0
0.0
0.0
0.0
0.0
0.0
0.0
0.0
0.0
0.0
0.0
0.0
0.0
0.0
0.0
0.0
0.0
0.0
0.0
0.0
0.0
0.0
0.0
0.0
0.0
0.0
0.0
0.0
0.0
0.0
0.0
0.0
0.0
0.0
0.0
0.0
0.0
0.0
0.0
0.0
0.0
0.0
0.0
0.0
0.0
0.0
0.0
0.0
0.0
0.0
0.0
0.0
0.0
0.0
0.0
0.0
0.0
0.0
0.0
0.0
0.0
0.0
0.0
0.0
0.0
0.0
0.0
0.0
0.0
0.0
0.0
0.0
0.0
0.0
0.0
0.0