0.0
0.0
0.0
0.0
0.0
0.0
0.0
0.0
0.0
0.0
0.0
0.0
0.0
0.0
0.0
0.0
0.0
0.0
0.0
0.0
0.0
0.0
0.0
0.0
0.0
0.0
0.0
0.0
0.0
0.0
0.0
0.0
0.0
0.0
0.0
0.0
0.0
0.0
0.0
0.0
0.0
0.0
0.0
0.0
0.0
0.0
0.0
0.0
0.0
0.0
0.0
0.0
0.0
0.0
0.0
0.0
0.0
0.0
0.0
0.0
0.0
0.0
0.0
0.0
0.0
0.0
0.0
0.0
0.0
0.0
0.0
0.0
0.0
0.0
0.0
0.0
0.0
0.0
0.0
0.0
0.0
0.0
0.0
0.0
0.0
0.0
0.0
0.0
0.0
0.0
0.0
0.0
0.0
0.0
0.0
0.0
0.0
0.0
0.0
0.0
0.0
0.0
0.0
0.0
0.0
0.0
0.0
0.0
0.0
0.0
0.0
0.0
0.0
0.0
0.0
0.0
0.0
0.0
0.0
0.0
0.0
0.0
0.0
0.0
0.0
0.0
0.0
0.0
0.0
0.0
0.0
0.0
0.0
0.0
0.0
0.0
0.0
0.0
0.0
0.0
0.0
0.0
0.0
0.0
0.0
0.0
0.0
0.0
0.0
0.0
0.0
0.0
0.0
0.0
0.0
0.0
0.0
0.0
0.0
0.0
0.0
0.0
0.0
0.0
0.0
0.0
0.0
0.0
0.0
0.0
0.0
0.0
0.0
0.0
0.0
0.0
0.0
0.0
0.0
0.0
0.0
0.0
0.0
0.0
0.0
0.0
0.0
0.0
0.0
0.0
0.0
0.0
0.0
0.0
0.0
0.0
0.0
0.0
0.0
0.0
0.0
0.0
0.0
0.0
0.0
0.0
0.0
0.0
0.0
0.0
0.0
0.0
0.0
0.0
0.0
0.0
0.0
0.0
0.0
0.0
0.0
0.0
0.0
0.0
0.0
0.0
0.0
0.0
0.0
0.0
0.0
0.0
0.0
0.0
0.0
0.0
0.0
0.0
0.0
0.0
0.0
0.0
0.0
0.0
0.0
0.0
0.0
0.0
0.0
0.0
0.0
0.0
0.0
0.0
0.0
0.0
0.0
0.0
0.0
0.0
0.0
0.0
0.0
0.0
0.0
0.0
0.0
0.0
0.0
0.0
0.0
0.0
0.0
0.0
0.0
0.0
0.0
0.0
0.0
0.0
0.0
0.0
0.0
0.0
0.0
0.0
0.0
0.0
0.0
0.0
0.0
0.0
0.0
0.0
0.0
0.0
0.0
0.0
0.0
0.0
0.0
0.0
0.0
0.0
0.0
0.0
0.0
0.0
0.0
0.0
0.0
0.0
0.0
0.0
0.0
0.0
0.0
0.0
0.0
0.0
0.0
0.0
0.0
0.0
0.0
0.0
0.0
0.0
0.0
0.0
0.0
0.0
0.0
0.0
0.0
0.0
0.0
0.0
0.0
0.0
0.0
0.0
0.0
0.0
0.0
0.0
0.0
0.0
0.0
0.0
0.0
0.0
0.0
0.0
0.0
0.0
0.0
0.0
0.0
0.0
0.0
0.0
0.0
0.0
0.0
0.0
0.0
0.0
0.0
0.0
0.0
0.0
0.0
0.0
0.0
0.0
0.0
0.0
0.0
0.0
0.0
0.0
0.0
0.0
0.0
0.0
0.0
0.0
0.0
0.0
0.0
0.0
0.0
0.0
0.0
0.0
0.0
0.0
0.0
0.0
0.0
0.0
0.0
0.0
0.0
0.0
0.0
0.0
0.0
0.0
0.0
0.0
0.0
0.0
0.0
0.0
0.0
0.0
0.0
0.0
0.0
0.0
0.0
0.0
0.0
0.0
0.0
0.0
0.0
0.0
0.0
0.0
0.0
0.0
0.0
0.0
0.0
0.0
0.0
0.0
0.0
0.0
0.0
0.0
0.0
0.0
0.0
0.0
0.0
0.0
0.0
0.0
0.0
0.0
0.0
0.0
0.0
0.0
0.0
0.0
0.0
0.0
0.0
0.0
0.0
0.0
0.0
0.0
0.0
0.0
0.0
0.0
0.0
0.0
0.0
0.0
0.0
0.0
0.0
0.0
0.0
0.0
0.0
0.0
0.0
0.0
0.0
0.0
0.0
0.0
0.0
0.0
0.0
0.0
0.0
0.0
0.0
0.0
0.0
0.0
0.0
0.0
0.0
0.0
0.0
0.0
0.0
0.0
0.0
0.0
0.0
0.0
0.0
0.0
0.0
0.0
0.0
0.0
0.0
0.0
0.0
0.0
0.0
0.0
0.0
0.0
0.0
0.0
0.0
0.0
0.0
0.0
0.0
0.0
0.0
0.0
0.0
0.0
0.0
0.0
0.0
0.0
0.0
0.0
0.0
0.0
0.0
0.0
0.0
0.0
0.0
0.0
0.0
0.0
0.0
0.0
0.0
0.0
0.0
0.0
0.0
0.0
0.0
0.0
0.0
0.0
0.0
0.0
0.0
0.0
0.0
0.0
0.0
0.0
0.0
0.0
0.0
0.0
0.0
0.0
0.0
0.0
0.0
0.0
0.0
0.0
0.0
0.0
0.0
0.0
0.0
0.0
0.0
0.0
0.0
0.0
0.0
0.0
0.0
0.0
0.0
0.0
0.0
0.0
0.0
0.0
0.0
0.0
0.0
0.0
0.0
0.0
0.0
0.0
0.0
0.0
0.0
0.0
0.0
0.0
0.0
0.0
0.0
0.0
0.0
0.0
0.0
0.0
0.0
0.0
0.0
0.0
0.0
0.0
0.0
0.0
0.0
0.0
0.0
0.0
0.0
0.0
0.0
0.0
0.0
0.0
0.0
0.0
0.0
0.0
0.0
0.0
0.0
0.0
0.0
0.0
0.0
0.0
0.0
0.0
0.0
0.0
0.0
0.0
0.0
0.0
0.0
0.0
0.0
0.0
0.0
0.0
0.0
0.0
0.0
0.0
0.0
0.0
0.0
0.0
0.0
0.0
0.0
0.0
0.0
0.0
0.0
0.0
0.0
0.0
0.0
0.0
0.0
0.0
0.0
0.0
0.0
0.0
0.0
0.0
0.0
0.0
0.0
0.0
0.0
0.0
0.0
0.0
0.0
0.0
0.0
0.0
0.0
0.0
0.0
0.0
0.0
0.0
0.0
0.0
0.0
0.0
0.0
0.0
0.0
0.0
0.0
0.0
0.0
0.0
0.0
0.0
0.0
0.0
0.0
0.0
0.0
0.0
0.0
0.0
0.0
0.0
0.0
0.0
0.0
0.0
0.0
0.0
0.0
0.0
0.0
0.0
0.0
0.0
0.0
0.0
0.0
0.0
0.0
0.0
0.0
0.0
0.0
0.0
0.0
0.0
0.0
0.0
0.0
0.0
0.0
0.0
0.0
0.0
0.0
0.0
0.0
0.0
0.0
0.0
0.0
0.0
0.0
0.0
0.0
0.0
0.0
0.0
0.0
0.0
0.0
0.0
0.0
0.0
0.0
0.0
0.0
0.0
0.0
0.0
0.0
0.0
0.0
0.0
0.0
0.0
0.0
0.0
0.0
0.0
0.0
0.0
0.0
0.0
0.0
0.0
0.0
0.0
0.0
0.0
0.0
0.0
0.0
0.0
0.0
0.0
0.0
0.0
0.0
0.0
0.0
0.0
0.0
0.0
0.0
0.0
0.0
0.0
0.0
0.0
0.0
0.0
0.0
0.0
0.0
0.0
0.0
0.0
0.0
0.0
0.0
0.0
0.0
0.0
0.0
0.0
0.0
0.0
0.0
0.0
0.0
0.0
0.0
0.0
0.0
0.0
0.0
0.0
0.0
0.0
0.0
0.0
0.0
0.0
0.0
0.0
0.0
0.0
0.0
0.0
0.0
0.0
0.0
0.0
0.0
0.0
0.0
0.0
0.0
0.0
0.0
0.0
0.0
0.0
0.0
0.0
0.0
0.0
0.0
0.0
0.0
0.0
0.0
0.0
0.0
0.0
0.0
0.0
0.0
0.0
0.0
0.0
0.0
0.0
0.0
0.0
0.0
0.0
0.0
0.0
0.0
0.0
0.0
0.0
0.0
0.0
0.0
0.0
0.0
0.0
0.0
0.0
0.0
0.0
0.0
0.0
0.0
0.0
0.0
0.0
0.0
0.0
0.0
0.0
0.0
0.0
0.0
0.0
0.0
0.0
0.0
0.0
0.0
0.0
0.0
0.0
0.0
0.0
0.0
0.0
0.0
0.0
0.0
0.0
0.0
0.0
0.0
0.0
0.0
0.0
0.0
0.0
0.0
0.0
0.0
0.0
0.0
0.0
0.0
0.0
0.0
0.0
0.0
0.0
0.0
0.0
0.0
0.0
0.0
0.0
0.0
0.0
0.0
0.0
0.0
0.0
0.0
0.0
0.0
0.0
9.476055080498749e-07
1.0942507553814537e-06
1.2473353910160412e-06
1.4065664444260674e-06
1.5716087392923608e-06
1.7420844063811305e-06
1.9175725815834075e-06
2.0976093000723276e-06
2.281687597117377e-06
2.4692578256029977e-06
2.6597281997341265e-06
2.8524655737690146e-06
3.0467964639022614e-06
3.2420083206259647e-06
3.4373510580267493e-06
3.632038845528383e-06
3.825252166569584e-06
4.016140147609812e-06
4.203823159690579e-06
4.387395693542459e-06
4.565929507926357e-06
4.73847704953064e-06
4.904075141321339e-06
5.061748934760376e-06
5.210516119776565e-06
5.349391384795632e-06
5.477391117519731e-06
5.593538335495392e-06
5.696867833831627e-06
5.786431535731905e-06
5.8613040297935236e-06
5.920588276313323e-06
5.963421463127396e-06
5.9889809898146984e-06
5.996490557417169e-06
5.9852263391842075e-06
5.954523206244332e-06
5.903780980553583e-06
5.832470685977628e-06
5.740140766944156e-06
5.626423242763065e-06
5.491039764466841e-06
5.333807539881331e-06
5.15464509160952e-06
4.953577811708315e-06
4.7307432760713474e-06
4.486396280909926e-06
4.220913563259059e-06
3.9347981671368016e-06
3.6286834168615626e-06
3.303336459092814e-06
3.8097740671037632e-06
4.337332764730158e-06
4.884913552426768e-06
5.45127632563858e-06
6.03503908536646e-06
6.634677798644665e-06
7.2485269411413625e-06
7.874780752303764e-06
8.511495231443929e-06
9.156590900898775e-06
9.807856359898229e-06
1.0462952650040568e-05
1.1119418450304282e-05
1.177467611632907e-05
1.2426038575273153e-05
1.3070717083915234e-05
1.3705829853814059e-05
1.4328411543289538e-05
1.4935423611739765e-05
1.5523765527390743e-05
1.6090286814983175e-05
1.6631799925166047e-05
1.7145093902491183e-05
1.7626948823920014e-05
1.8074150974663408e-05
1.8483508723022064e-05
1.8851869050675447e-05
1.917613468962597e-05
1.9453281811754256e-05
1.9680378211709853e-05
1.9854601918678356e-05
1.997326016745653e-05
2.003380865425971e-05
2.0033870997812177e-05
1.9971258321561108e-05
1.9843988868335476e-05
1.9650307554481865e-05
1.9388705366470604e-05
1.9057938499221195e-05
1.8657047131967685e-05
1.8185373734409332e-05
1.7642580793201823e-05
1.7028667846564912e-05
1.6343987712950067e-05
1.558926179835259e-05
1.4765594365994398e-05
1.3874485651777341e-05
1.2917843709132759e-05
1.189799486770142e-05
1.081769269168534e-05
1.246057783403899e-05
1.416833562076369e-05
1.5937129710586957e-05
1.7762682528826995e-05
1.9640275512847445e-05
2.1564751478561736e-05
2.3530519194027926e-05
2.5531560239419648e-05
2.7561438225210523e-05
2.961331043227426e-05
3.167994192878877e-05
3.375372220935325e-05
3.582668439159843e-05
3.7890526994813834e-05
3.993663831375554e-05
4.1956123388861665e-05
4.393983356162674e-05
4.5878398590902644e-05
4.776226129244781e-05
4.95817146501819e-05
5.132694133336833e-05
5.2988055539396976e-05
5.455514706703176e-05
5.601832750998125e-05
5.7367778445510914e-05
5.8593801477613945e-05
5.9686869979059696e-05
6.063768236152789e-05
6.143721668807935e-05
6.207678642749765e-05
6.25480971356527e-05
6.284330383503697e-05
6.29550688501481e-05
6.287661984346814e-05
6.260180778455381e-05
6.212516457326613e-05
6.144196002753243e-05
6.054825793633249e-05
5.9440970869928424e-05
5.8117913431794415e-05
5.6577853630336146e-05
5.482056204340651e-05
5.2846858444898996e-05
5.0658655560413525e-05
4.82589996182161e-05
4.565210736251807e-05
4.284339919855169e-05
3.9839528143072634e-05
3.664840425983419e-05
3.3279214267289896e-05
3.828544842879909e-05
4.3478196773738145e-05
4.884497898191813e-05
5.437202468353114e-05
6.004428245839144e-05
6.584543527477916e-05
7.175792257375498e-05
7.776296918190169e-05
8.384062121067186e-05
8.99697890739237e-05
9.612829772685495e-05
0.00010229294419948034
0.00010843956246607519
0.00011454309565877236
0.00012057767559876867
0.00012651670958256468
0.0001323329743233659
0.00013799871690940854
0.00014348576260162372
0.00014876562925292822
0.00015380964809062406
0.00015858909056213475
0.0001630753009027494
0.00016723983404236394
0.00017105459842664883
0.00017449200328678802
0.00017752510985116
0.00018012778595228026
0.00018227486344326598
0.00018394229780011173
0.0001851073292496363
0.00018574864472802974
0.00018584653994204448
0.0001853830807739439
0.00018434226324291045
0.00018271017120964929
0.000180475130987925
0.0001776278620066822
0.000174161622649721
0.0001700723503866033
0.00016535879529894624
0.00016002264610057187
0.00015406864774844482
0.00014750470974395994
0.0001403420042313011
0.00013259505301119607
0.00012428180260478766
0.00011542368652347159
0.00010604567392662335
9.617630388014824e-05
0.00011050600765600042
0.00012533743607761995
0.00014063270868941392
0.0001563504198853825
0.00017244568735433493
0.00018887021871722985
0.0002055723967860167
0.00022249738380264935
0.00023958724494178605
0.00025678109128106195
0.0002740152423590975
0.0002912234083537179
0.000308336891821481
0.0003252848088449227
0.00034199432933611375
0.00035839093614465516
0.00037439870251541424
0.00038994058733655355
0.0004049387475121678
0.0004193148666865272
0.0004329904994390579
0.00044588742996121746
0.0004579280441188981
0.00046903571369741174
0.0004791351915210554
0.0004881530160362796
0.0004960179238471337
0.0005026612685945806
0.0005080174444779858
0.0005120243126282379
0.0005146236284581405
0.0005157614680374756
0.0005153886514681585
0.0005134611611696834
0.0005099405529272187
0.0005047943575048181
0.0004979964705847691
0.0004895275287617088
0.00047937526929718653
0.0004675348713274567
0.0004540092762147608
0.00043880948474070235
0.0004219548288598962
0.00040347321576315317
0.00038340134204245774
0.0003617848758050302
0.0003386786046511417
0.000314146547510133
0.0002882620284214332
0.0002611077104522756
0.00029963644429145295
0.0003394272332071341
0.0003803727103723194
0.0004223565106913405
0.0004652534593581243
0.0005089298082364521
0.0005532435207939874
0.0005980446061224762
0.0006431755023671767
0.0006884715096697962
0.0007337612725017064
0.0007788673110287014
0.0008236066009059689
0.0008677912006530098
0.000911228925504074
0.0009537240663711111
0.0009950781522945402
0.0010350907544932745
0.0010735603298606246
0.0011102851014882346
0.0011450639735372504
0.001177697477515843
0.0012079887467663333
0.0012357445157148773
0.0012607761401933156
0.001282900634907857
0.0013019417239041034
0.0013177308996639794
0.0013301084862688936
0.0013389247018761989
0.0013440407155843345
0.001345329693607104
0.0013426778295408729
0.0013359853533912941
0.0013251675139296815
0.001310155528874815
0.0012908974973445321
0.0012673592689944032
0.0012395252642588676
0.0012073992401344163
0.0011710049959955007
0.0011303870140128409
0.0010856110288506888
0.0010367645214558023
0.0009839571319157372
0.0009273209865588889
0.0008670109346926095
0.0008032046906297414
0.0007361028769368071
0.0006659289651495964
0.0007632379833282517
0.0008635135495103018
0.0009664712858611825
0.0010718053722900541
0.001179189162661615
0.0012882759179560798
0.0013986996571858563
0.0015100761263610483
0.0016220038852596862
0.001734065511204781
0.0018458289184806343
0.0019568487914378213
0.0020666681287414396
0.0021748198956141433
0.0022808287803152494
0.0023842130504840146
0.002484486504360246
0.0025811605112831316
0.002673746135260793
0.0027617563348037674
0.0028447082316257425
0.002922125440240756
0.0029935404499276037
0.003058497049995768
0.003116552788773031
0.0031672814562491445
0.003210275579852884
0.0032451489224176308
0.003271538971003226
0.0032891094048957425
0.003297552530801432
0.0032965916729927997
0.0032859835059529507
0.003265520316904761
0.00323503218550373
0.0031943890679223923
0.003143502772559559
0.003082328814673929
0.0030108681373676354
0.0029291686865355457
0.0028373268276486916
0.0027354885925591644
0.002623850744896741
0.00250266165307791
0.0023722219604627635
0.0022328850427773455
0.002085057243564885
0.001929197879141054
0.00176581900530181
0.0015954849388687296
0.001826341176606662
0.00206370788674963
0.00230688080184162
0.0025551079939821553
0.002807591650548926
0.003063490115853519
0.0033219201982705
0.0035819597411473813
0.003842650454538103
0.004103001003510026
0.004361990347458913
0.004618571323534367
0.004871674465934155
0.005120212051476571
0.005363082360511177
0.00559917414088631
0.0058273712613632475
0.006046557539558281
0.0062556217282122035
0.006453462642338288
0.00663899440859226
0.006811151817047182
0.006968895754450059
0.00711121869699223
0.00723715023964847
0.007345762638237822
0.007436176339537997
0.007507565474052213
0.00755916328538791
0.007590267469667276
0.007600245397955537
0.007588539194369585
0.007554670642322302
0.007498245891270672
0.007418959936373507
0.007316600843630051
0.007191053693368638
0.007042304215385462
0.006870442089602081
0.006675663886815676
0.006458275624961709
0.006218694917292241
0.00595745268999734
0.005675194448058259
0.005372681069519268
0.0050507891098980975
0.004710510600118317
0.004352952323138763
0.003979334556369858
0.003590989268999484
0.004105446917290221
0.00463323028171975
0.0051727078310019325
0.005722149322332729
0.006279730414899039
0.006843537845250318
0.007411575158449512
0.007981768986208946
0.00855197586046474
0.009119989548060677
0.009683548889411772
0.010240346121211696
0.010788035660448217
0.011324243324212243
0.011846575957040527
0.012352631434833576
0.012840009011754323
0.013306319973950827
0.013749198561474975
0.014166313117399581
0.014555377420886698
0.014914162158837764
0.015240506488784184
0.015532329643857598
0.0157876425290368
0.016004559256404816
0.01618130856588693
0.016316245076881206
0.01640786031535713
0.016454793460385447
0.016455841753694224
0.016409970515718873
0.016316322711747325
0.016174228012150283
0.015983211291349178
0.015743000511101397
0.015453533934892844
0.015114966621707507
0.014727676149211033
0.014292267518422328
0.013809577194269864
0.013280676239018845
0.012706872498422048
0.0120897118035721
0.011430978154822073
0.010732692857773318
0.00999711258520874
0.009226726342950218
0.00842425132194239
0.00759262762338594
0.008669530251603734
0.009771835406413387
0.010896006106271762
0.012038315126946217
0.01319485593829841
0.014361554742783727
0.015534183592938532
0.016708374559627204
0.017879634917303516
0.019043363307017794
0.020194866832410258
0.021329379038484864
0.0224420787175974
0.0235281094818292
0.024582600035793302
0.025600685078948835
0.026577526761721385
0.02750833661515426
0.028388397869491877
0.02921308807302933
0.029977901918797994
0.03067847418319907
0.03131060267759193
0.031870271111093744
0.03235367176049456
0.03275722784123778
0.03307761547190236
0.03331178512354368
0.03345698244464792
0.03351076835231939
0.033471038280688245
0.03333604047838856
0.03310439324834045
0.03277510102496772
0.03234756918641044
0.03182161750224516
0.031197492120708988
0.030475876003433
0.02965789772022207
0.028745138521463976
0.027739637611303842
0.02664389555076251
0.025460875726501804
0.024194003827922736
0.022847165282707117
0.02142470060875536
0.019931398648710557
0.018372487661857194
0.016753624257124965
0.015080880160164664
0.01719836994046885
0.01936087563421651
0.021561219549593502
0.023791883437281988
0.026045032316595888
0.028312540303219044
0.030586018375533753
0.03285684400625421
0.035116192575885975
0.03735507047445175
0.03956434978801375
0.04173480445683344
0.04385714778257825
0.04592207115288651
0.04792028384284899
0.0498425537446507
0.05167974886874306
0.05342287945257441
0.05506314050610303
0.05659195461713152
0.05800101483394628
0.059282327437884856
0.06042825441431804
0.06143155542715045
0.062285429099366955
0.06298355340039113
0.0635201249401242
0.06388989696950652
0.06408821588832422
0.06411105606277746
0.06395505275805666
0.06361753299484059
0.06309654414325394
0.06239088007338265
0.06150010468797048
0.06042457267036749
0.059165447289191285
0.05772471511046108
0.05610519747814679
0.054310558635144696
0.052345310368571804
0.050214813075984084
0.04792527316256959
0.04548373669356838
0.04289807924101175
0.04017699187936347
0.037329963300692715
0.034367258036547034
0.03129989079071214
0.028139596904394056
0.03205055847799737
0.03603549085371141
0.040080755637145346
0.04417214957905413
0.04829495249530296
0.05243397854831291
0.05657363074251847
0.06069795846869604
0.06479071791473717
0.06883543514352777
0.07281547162224028
0.07671409197153962
0.0805145336881212
0.08420007857964672
0.08775412563765056
0.09116026506143192
0.09440235313436533
0.09746458764359403
0.10033158352471443
0.1029884484049551
0.10542085771149814
0.107615129006104
0.10955829520308387
0.11123817632500572
0.11264344944934557
0.11376371649963991
0.1145895695366085
0.11511265320819847
0.11532572402259447
0.11522270611494
0.11479874318683586
0.114050246307611
0.1129749372779076
0.11157188726923763
0.10984155046786848
0.10778579246759473
0.10540791317367922
0.10271266399937178
0.09970625915695533
0.09639638086712535
0.09279217833359038
0.08890426035408708
0.0847446814643335
0.08032692153783942
0.07566585879171706
0.07077773617672566
0.06568012115849081
0.06039185892616897
0.05493301909458845
0.04932483599595792
0.05611003134656164
0.06300753420934933
0.06999307508657346
0.07704151947304988
0.08412695710928478
0.09122279643501284
0.09830186393854143
0.10533650806947517
0.11229870735551287
0.11916018233811809
0.12589251091724546
0.13246724667192392
0.13885603970166333
0.1450307595133151
0.15096361945946693
0.15662730221766918
0.1619950857849688
0.167040969449463
0.17173979918991697
0.1760673919461072
0.1800006581964286
0.1835177222756097
0.18659803986410226
0.18922251208195068
0.1913735956237334
0.19303540837751804
0.19419382997973883
0.19483659676946727
0.19495339061971992
0.19453592114022497
0.19357800076539516
0.19207561226313183
0.1900269682244378
0.18743256212057255
0.18429521054362266
0.1806200862777064
0.176414741881601
0.1716891234991337
0.16645557465123467
0.16072882980283312
0.15452599753877616
0.14786653322542795
0.1407722010784001
0.1332670256019006
0.1253772324111101
0.11713117849583961
0.1085592720310472
0.09969388188765232
0.09056923704502375
0.08122131615453738
0.09227881652764729
0.10349303439049828
0.11482351642571184
0.12622859263183728
0.13766553060498482
0.14909069719346135
0.16045972695872854
0.17172769683603903
0.18284930635000143
0.1937790627044407
0.2044714700324399
0.21488122206144153
0.2249633974201484
0.2346736567886211
0.2439684410708339
0.25280516974996037
0.2611424385710984
0.26894021568410575
0.27616003537074413
0.2827651884756619
0.28872090865980615
0.29399455359787574
0.29855578024830526
0.3023767133351861
0.30543210619638456
0.30769949317099077
0.30915933272207363
0.30979514051748985
0.30959361172216393
0.3085447317897406
0.30664187507970414
0.30388189066790117
0.3002651747636948
0.29579572919565006
0.29048120547950307
0.28433293403698723
0.2773659381917958
0.2695989326291704
0.2610543060683005
0.25175808796142196
0.241739899100226
0.23103288607838315
0.2196736396286274
0.20770209692349606
0.1951614280001566
0.18209790654167496
0.168560765318942
0.1546020366693555
0.1402763784595089
0.12564088604967455
0.1425673626589642
0.1596931737126687
0.17695514985602567
0.1942885626888486
0.211627372655778
0.22890448643749273
0.24605202288286757
0.2630015864699451
0.2796845472350554
0.29603232606483015
0.31197668420550756
0.3274500158078572
0.34238564229482105
0.3567181073124037
0.37038347100302066
0.38331960232423123
0.39546646812504127
0.40676641768659333
0.41716446143436253
0.4266085425349863
0.43504980010253913
0.4424428227566224
0.4487458912978957
0.45392120929578217
0.45793512041784296
0.4607583113707889
0.462365999369085
0.46273810309855307
0.4618593961990861
0.4597196423524304
0.45631371112770536
0.45164167380876763
0.44570887850333435
0.4385260039138204
0.43010909123365404
0.4204795537202621
0.40966416358652313
0.39769501594588386
0.3846094696423296
0.3704500648943021
0.35526441778143225
0.3391050917037703
0.3220294460450585
0.3040994623736248
0.28538154861660703
0.265946321744783
0.24586836960577685
0.22522599264269125
0.20410092633232024
0.18257804527216046
0.20691635064416317
0.23148250767348383
0.2561840956895027
0.28092689924815634
0.3056152787630015
0.3301525521073028
0.35444138569622125
0.37838419349769103
0.4018835423657594
0.4248425620419926
0.4471653581287574
0.46875742630339456
0.48952606601470533
0.5093807918827281
0.5282337410101345
0.5460000744083298
0.5625983707441732
0.5779510106237046
0.5919845496478879
0.6046300785018086
0.6158235683732031
0.6255062000385369
0.6336246750049082
0.6401315071538748
0.6449852933985523
0.648150961937944
0.6495999967721239
0.649310637228379
0.6472680513414003
0.6434644820297974
0.6378993651161575
0.6305794183483109
0.6215187006947974
0.6107386413075251
0.5982680376685322
0.5841430225654043
0.5684069996704229
0.551110547631672
0.5323112927193866
0.5120737502071518
0.49046913480488946
0.4675751405977781
0.44347569108237983
0.4182606600269855
0.39202556401764993
0.3648712276832461
0.3369034227221304
0.30823248197871067
0.2789728899397316
0.24924285113727618
0.2821149489928336
0.3152147995806452
0.34841570094498286
0.381589143974687
0.41460532847060666
0.4473336902571549
0.4796434372070569
0.5114040919873606
0.5424860392822628
0.5727610752054391
0.6021029565808341
0.6303879477472708
0.6574953625283504
0.6833080990054725
0.7077131647385315
0.7306021900956566
0.7518719273808595
0.7714247334859959
0.7891690338415703
0.8050197654989623
0.8188987972449542
0.8307353247274137
0.8404662386586117
0.8480364642595916
0.8533992702148334
0.8565165455209276
0.8573590427355511
0.85590658626334
0.8521482444527437
0.8460824644220767
0.8377171686832223
0.8270698127871721
0.8141674033761026
0.7990464761914963
0.7817530337560089
0.7623424426178743
0.7408792902196756
0.7174372016278404
0.6920986165340973
0.6649545271149881
0.6361041775093931
0.6056547258459617
0.5737208699221129
0.5404244378023156
0.5058939447658274
0.47026411819129504
0.43367539211766326
0.396273373366503
0.3582082812494496
0.31963436301578807
0.36133828908791493
0.4032288673747162
0.44514332538252765
0.48691739592199645
0.5283859866726018
0.569383858827227
0.6097463120067065
0.6493098725843209
0.687912982521863
0.7253966857933758
0.7616053094590908
0.7963871364517161
0.8295950671491076
0.861087266832506
0.890727796167136
0.9183872218924597
0.9439432049725744
0.9672810635326227
0.9882943079949835
1.0068851459285002
1.0229649542353436
1.036454716422344
1.0472854228367956
1.0553984318899243
1.0607457904441642
1.063290511702326
1.063006809107107
1.0598802849374456
1.0539080724733014
1.0450989307916936
1.033473291453574
1.019063256542389
1.0019125477202575
0.982076406175677
0.9596214435465046
0.9346254441130877
0.907177118767446
0.8773758114749625
0.8453311591535824
0.8111627061017117
0.7749994743085585
0.7369794911785941
0.6972492763947874
0.6559632898314822
0.6132833426074866
0.5693779735411343
0.5244217934321326
0.4785947997480095
0.43208166443618184
0.3850709977147994
0.43476889255477397
0.4845663221891047
0.5342673183266452
0.5836750988712255
0.6325928776746911
0.6808246791044033
0.7281761540009587
0.7744553935758433
0.8194737377876951
0.863046574739916
0.9049941276609975
0.9451422260631372
0.9833230577232798
1.0193758981946697
1.0531478146350102
1.0844943408301886
1.1132801203990315
1.1393795152848518
1.1626771767731117
1.1830685764204647
1.2004604944388162
1.2147714632475322
1.2259321640874752
1.2338857747808802
1.238588266920877
1.2400086509825015
1.2381291680627515
1.2329454271795173
1.2244664872872422
1.2127148833998649
1.1977265964481065
1.1795509667372703
1.1582505511126635
1.1339009241811442
1.1065904241784088
1.076419844311256
1.0435020706409823
1.0079616678077223
0.9699344141241675
0.9295667877905456
0.8870154061990742
0.8424464205051964
0.7960348678432942
0.747963983755318
0.6984244775816014
0.6476137737321929
0.5957352219147981
0.5429972795397833
0.4896126696543961
0.43579751787536297
0.4914275920680674
0.5470303634144267
0.6023847193150514
0.6572697354472786
0.7114655887539708
0.7647544690013542
0.8169214850469714
0.8677555619680088
0.9170503252268304
0.9646049680931947
1.0102250986020251
1.0537235624013077
1.0949212379362083
1.133647800522915
1.1697424519880237
1.203054612686789
1.2334445728647236
1.2607841004922646
1.2849570028799406
1.3058596395715278
1.3234013842141175
1.3375050333157283
1.348107160022698
1.3551584112790487
1.3586237469679114
1.3584826198794215
1.3547290955995894
1.3473719116691363
1.3364344756192952
1.3219548017517828
1.3039853867916402
1.2825930248030168
1.2578585620184104
1.229876592489869
1.198755095725419
1.1646150177242154
1.1275897970683646
1.08782483796749
1.0454769323820132
1.000713633572827
0.9537125836363841
0.9046607977855333
0.8537539083255551
0.8011953714519914
0.7471956401606569
0.6919713067098
0.6357442182098997
0.5787405690361335
0.5211899738630948
0.4633245252088165
0.5218157772386617
0.5801312145088732
0.6380370219659909
0.6953007532611911
0.7516922904625858
0.8069847950410739
0.8609556461080096
0.9133873619322651
0.9640685008332022
1.012794537629537
1.059368711926397
1.1036028446392419
1.1453181192870219
1.1843458247344674
1.220528056226226
1.2537183717314326
1.2837824008067342
1.3105984033868125
1.334057776124261
1.3540655041233678
1.3705405561448452
1.383416221599072
1.3926403878935125
1.3981757569541169
1.4
1.3981058499139598
1.3925011308176933
1.3832087247284868
1.3702664754426004
1.3537270300583586
1.3336576188180211
1.3101397742104155
1.283268990535315
1.2531543253841042
1.219917944738696
1.183694613630334
1.1446311345314915
1.1028857358758188
1.0586274133128344
1.0120352265035808
0.963297554452212
0.9126113125423393
0.8601811346089677
0.8062185235223938
0.7509409738930127
0.6945710706206939
0.6373355671127289
0.5794644470769527
0.5211899738630916
0.4627457313738148
0.520512867111806
0.5779597964080437
0.6348547990430866
0.6909686753984396
0.7460756868753575
0.7999544805651195
0.8523889942946336
0.9031693382616681
0.9520926495782737
0.9989639161633495
1.0435967665606039
1.085814222410079
1.1254494104651067
1.1623462312254098
1.1963599814466137
1.2273579279884315
1.2552198306758144
1.279838412069478
1.3011197722724623
1.3189837471376973
1.3333642084860482
1.3442093051947785
1.35148164427052
1.3551584112790493
1.3552314297638286
1.3517071595463936
1.3446066340623521
1.3339653371463258
1.3198330199362975
1.3022734588212808
1.2813641556053883
1.2571959813044127
1.229872765227735
1.1995108312269995
1.1662384832132024
1.1301954422539773
1.0915322377629082
1.0504095554809085
1.0069975451262445
0.9614750907525149
0.9140290470044649
0.8648534445960878
0.8141486684571618
0.7621206120989137
0.7089798118404892
0.6549405646107848
0.6002200330985689
0.5450373420645971
0.4896126696543995
0.43416633755796713
0.48775567203976244
0.5409107591426052
0.5934163792316934
0.6450607448774119
0.6956363596246715
0.7449408555878954
0.7927778064236448
0.8389575123518307
0.8832977540275394
0.9256245122119929
0.9657726503481332
1.0035865573170748
1.0389207478315445
1.071640418114408
1.101621954710198
1.1287533944867318
1.1529348341000543
1.174078787419038
1.1921104896341235
1.2069681470077038
1.2186031314598877
1.2269801194222498
1.2320771746321735
1.2338857747808805
1.2324107821679098
1.2276703587527555
1.2196958262294242
1.208531471980992
1.194234301997762
1.1768737420631987
1.1565312887260302
1.1333001117830799
1.1072846101955094
1.0785999235496575
1.0473714013524098
1.013734032618616
0.9778318383646174
0.9398172297660123
0.8998503348695978
0.8580982968675696
0.8147345470472034
0.7699380556198128
0.7238925637096877
0.6767857998450525
0.6288086843412228
0.5801545249974952
0.5310182075476744
0.4815953843056533
0.43208166443617957
0.3826718092528828
0.42936810663240116
0.4755653514475329
0.5210762112367757
0.5657173039622548
0.60930992846621
0.6516807708436569
0.6926625839054772
0.7320948370382228
0.769824333910343
0.8057057956275663
0.839602407103083
0.8713863245790964
0.9009391424155121
0.928152317447324
0.9529275494045543
0.9751771160856736
0.9948241621772244
1.0118029408172573
1.0260590072080722
1.03754936379247
1.0462425567180007
1.0521187235229008
1.0551695921861222
1.055398431889925
1.0528199560471356
1.0474601783446122
1.039356222749415
1.0285560886136649
1.0151183721971944
0.9991119461033261
0.9806155982914874
0.9597176324904891
0.9365154319871531
0.9111149889064419
0.8836304012302769
0.8541833399229228
0.8229024886397962
0.7899229585949405
0.7553856812478043
0.719436781544406
0.682226934508807
0.6439107080304897
0.6046458947288363
0.5645928357999835
0.5239137397618815
0.48277199901186435
0.44133150709634716
0.3997559795658604
0.35820828124944337
0.3168497627319474
0.35506987760363384
0.39278182689419744
0.42983280600027896
0.46607403293465616
0.5013613266396328
0.535555661085211
0.5685236930255025
0.6001382614168591
0.6302788566401726
0.65883205781411
0.6856919366379254
0.7107604263586283
0.7339476546187995
0.7551722391064032
0.7743615450965295
0.7914519041456239
0.8063887933713494
0.8191269749244441
0.8296305954326348
0.8378732453691471
0.8438379784701453
0.847517291494469
0.8489130647857324
0.8480364642595909
0.8449078055978565
0.8395563815848984
0.8320202536701397
0.822346008982734
0.8105884841600768
0.7968104574802701
0.7810823109093465
0.7634816637867735
0.7440929799767176
0.723007150407846
0.7003210530102477
0.676137092134668
0.6505627196055632
0.6237099396166401
0.5956947997236394
0.5666368702260018
0.5366587142546527
0.5058853508995899
0.4744437137160167
0.44246210694363547
0.4100696617588921
0.3773957948557602
0.34456967161628993
0.3117196760889206
0.27897288993973374
0.24645458248063368
0.2758382404084791
0.30475382204741713
0.3330845327345224
0.36071727886590854
0.38754309363659045
0.41345754081268976
0.43836109507421506
0.46215949758229086
0.4847640855460366
0.506092094688427
0.5260669336390849
0.5446184294124632
0.5616830432630694
0.5772040563438702
0.5911317247296937
0.6034234035032253
0.614043639736935
0.6229642343390464
0.6301642728651616
0.6356301255285167
0.6393554167707999
0.64134096488129
0.6415946922744075
0.6401315071538746
0.6369731574054426
0.6321480576687752
0.6256910906423734
0.6176433837729424
0.6080520625719339
0.5969699818869209
0.5844554365335399
0.5705718527649019
0.5553874621192044
0.5389749592426153
0.5214111453335201
0.5027765588950862
0.4831550955166045
0.4626336184293721
0.4413015616006225
0.4192505271385681
0.3965738787837534
0.3733663332560246
0.3497235512132497
0.32574172955697933
0.30151719679243894
0.277146013115062
0.25272357685417485
0.2283442388557785
0.20410092633232477
0.18008477764642178
0.2013036789480578
0.22212811496754897
0.24247444171200933
0.26226212755682665
0.2814140442687661
0.29985673984646577
0.3175206922684785
0.3343405433331009
0.3502553118702943
0.3652085857041412
0.37914869184359057
0.39202884447967923
0.40380727046808995
0.4144473120767757
0.4239175068786758
0.4321916447692288
0.4392488021863787
0.44507335370756335
0.4496549612924226
0.4529885415320988
0.45507421135497494
0.4559172127247541
0.4555278169491195
0.45392120929578217
0.4511173546871836
0.44714084531513465
0.4420207310820905
0.4357903338362682
0.42848704642334096
0.4201521176276214
0.4108304241206197
0.40057023057413854
0.38942293912899256
0.3774428294384315
0.36468679052799197
0.3512140457300396
0.3370858719625221
0.32236531462659607
0.30711689939784154
0.2914063421797694
0.2753002584773704
0.2588658734318767
0.2421707337364591
0.22528242262589435
0.20826827910207604
0.1911951225212445
0.17412898362875548
0.15713484308265244
0.14027637845951196
0.12361572068395384
0.1380084076671175
0.15209484550967667
0.16581891340715138
0.17912689950843932
0.19196768527335908
0.20429291600641006
0.21605715706220802
0.2272180352878095
0.23773636533720166
0.24757626056405904
0.2567052282696898
0.265094249153894
0.27271784088664436
0.2795541057880325
0.2855847626723087
0.29079516297903274
0.29517429137966456
0.2987147511116883
0.30141273435369054
0.3032679780140375
0.3042837053622134
0.3044665539857072
0.30382649060604666
0.30237671333518584
0.3001335419977692
0.29711629718561633
0.29334716874806804
0.2888510744554022
0.28365550960240105
0.277790388345105
0.2712878775859569
0.26418222424069876
0.2565095767347225
0.24830780158683552
0.23961629594497647
0.23047579694086134
0.22092818872945305
0.21101630807401534
0.20078374932907125
0.19027466966122208
0.17953359533229737
0.16860522985027457
0.15753426477138474
0.14636519391158848
0.13514213169771538
0.12390863635780633
0.11270753861710237
0.10158077653052983
0.09056923704502462
0.07971260484543165
0.08888244095331403
0.09783225318745742
0.10652676944129293
0.11493244149370843
0.12301755293690082
0.13075231740875465
0.13810896688836471
0.14506182986067281
0.1515873992032389
0.15766438969512808
0.16327378509447535
0.1683988747770992
0.17302527997376002
0.17714096968762733
0.18073626641658783
0.18380384184655407
0.18633870272207836
0.18833816713903634
0.18980183154084818
0.19073152873447596
0.1911312772751871
0.1910072225997012
0.1903675703157231
0.18922251208195087
0.18758414453632696
0.18546638175157543
0.18288486171580767
0.17985684735223711
0.17640112260570306
0.1725378841348634
0.16828862915743267
0.16367604000191027
0.158723865922669
0.1534568027363127
0.1479003708357101
0.1420807921342888
0.13602486648693488
0.1297598481254303
0.12331332263568126
0.11671308499130871
0.10998701914338911
0.10316297964957753
0.09626867580739934
0.089331558736499
0.08237871183293331
0.0754367449957121
0.06853169300133702
0.06168891837676324
0.0549330190945883
0.04828774138705582
0.053775319062626954
0.05911615928906891
0.06428949929005146
0.06927572044412485
0.07405640643747141
0.07861439512540767
0.08293382401079175
0.08700016927694379
0.09080027834186374
0.09432239592919475
0.09755618367951953
0.10049273335299719
0.10312457370104182
0.10544567111043072
0.10745142414807697
0.1091386521583324
0.1105055780872806
0.11155180572972585
0.11227829161463533
0.1126873117634025
0.11278242357252526
0.11256842308805542
0.1120512979534283
0.11123817632500568
0.11013727206082247
0.10875782649763045
0.10711004713932581
0.10520504358628494
0.10305476103995902
0.10067191172037745
0.09806990453590822
0.09526277334486626
0.09226510414723614
0.08909196154207932
0.08575881478200258
0.08228146375060934
0.07867596518198905
0.07495855943327757
0.07114559811204384
0.0672534728499197
0.06329854550243925
0.059297080042700685
0.05526517640314016
0.05121870650563953
0.04717325270527966
0.04314404885762603
0.03914592420326789
0.035193250246841654
0.031299890790712055
0.02747915526627282
0.03056374823436839
0.03355729612156097
0.03644835436945461
0.03922618429306515
0.04188078173906239
0.04440290195971969
0.046784080682864326
0.049016651375076624
0.051093758711993634
0.05300936828570822
0.054758272594913414
0.05633609337851875
0.057739280367966835
0.05896510654724892
0.060011660022761995
0.060877832617462824
0.06156330531536702
0.062068530693146204
0.06239471248549195
0.06254378243991063
0.06251837462473497
0.062321797361347686
0.061958002957897294
0.06143155542715045
0.06074759637555046
0.05991180925406406
0.05893038216397599
0.05780996941247179
0.056557652013618794
0.055180897330266675
0.05368751805141555
0.05208563069782933
0.050383613846054956
0.048590066257664564
0.04671376509639958
0.04476362441111471
0.04274865405690918
0.04067791922074785
0.03856050071118106
0.036405456164531357
0.03422178231221666
0.03201837844567264
0.029804011206806206
0.027587280822945797
0.025376588896053518
0.023180107846457392
0.02100575210168485
0.018861151111103005
0.016753624257125278
0.014690157723696425
0.016318747633130033
0.017894695172862757
0.019412094697365195
0.02086544602381837
0.02224966721775128
0.02356010526565798
0.024792544642162018
0.025943213788324447
0.02700878952635766
0.02798639944440009
0.028873622292981797
0.02966848644245591
0.03036946645786238
0.030975477854471797
0.03148587010357882
0.03190041796397374
0.032219311219890516
0.03244314291110947
0.03257289614526889
0.03260992958630625
0.03255596171630071
0.03241305397082344
0.03218359285022465
0.031870271111093744
0.031476068143429785
0.03100422963985992
0.030458246663556912
0.029841834221333505
0.029158909447762553
0.028413569505080154
0.027610069302115108
0.026752799133544915
0.025846262338453538
0.02489505307444752
0.023903834300533427
0.022877316058556824
0.02182023413931083
0.020737329215428098
0.019633326518939752
0.018512916136902674
0.017380733993829976
0.016241343584786388
0.015099218518022643
0.01395872592086467
0.012824110757360068
0.011699481100853552
0.01058879439933014
0.009495844765963098
0.008424251321942485
0.007377447613298393
0.008185093289906404
0.008964338432590738
0.00971233094693261
0.010426435858864377
0.011104240384552235
0.011743557904071325
0.01234243085204552
0.012899132542829471
0.013412167951984588
0.013880273479792052
0.014302415726284646
0.014677789310811628
0.015005813772414122
0.015286129590321615
0.015518593366634298
0.01570327221576566
0.01584043740744816
0.01593055731206849
0.015974289698792086
0.01597247343835565
0.015926119663557677
0.015836402441357793
0.01570464901111566
0.015532329643857598
0.015321047177564233
0.015072526283329552
0.014788602516860523
0.014471211209171646
0.014122376249496065
0.013744198812384936
0.013338846079722966
0.01290854000694515
0.012455546181130565
0.011982162816861536
0.011490709933808083
0.01098351875791961
0.010462921385909874
0.009931240750403627
0.009390780920705548
0.008843817771650027
0.00829259005042574
0.007739290868632965
0.007186059644169255
0.006634974514823609
0.006088045242747202
0.005547206626229663
0.005014312432499761
0.00449112986255626
0.00397933455636988
0.0034805061441622025
0.003856710462789752
0.00421860417816559
0.004564898638834244
0.00489441368501261
0.005206079368274393
0.005498937142554039
0.0057721405371930126
0.0060249553247182135
0.0062567591978904095
0.006467040972294272
0.00665539933234089
0.006821541140037428
0.006965279327219928
0.007086530393163551
0.007185311530559625
0.007261737403796431
0.007316016604287881
0.007348447808267479
0.007359415663006347
0.007349386427819953
0.007318903396507053
0.007268582128012695
0.007199105512134054
0.00711121869699224
0.0070057239047817315
0.006883475161986036
0.006745372969816767
0.006592358940102228
0.006425410421220811
0.006245535137957411
0.006053765868354714
0.0058511551797512116
0.005638770245241519
0.005417687760777363
0.0051889889820463395
0.0049537548991388375
0.0047130615658339155
0.0044679755991245745
0.004219549863352379
0.0039688193520545
0.003716797279331526
0.003464471391245106
0.0032128005064434866
0.0029627112939063964
0.002715095294395623
0.002470806190909
0.0022306573321595287
0.0019954195118518582
0.0017658190053018092
0.0015425358637545638
0.0017071317250767508
0.0018649874239183698
0.002015558462936674
0.002158350970330471
0.0022929221496586446
0.0024188804925658115
0.002535885761183114
0.0026436487477739497
0.0027419308199425107
0.002830543260404766
0.0029093464109435875
0.002978248630727153
0.0030372050796643986
0.0030862163379009972
0.0031253268729256527
0.0031546233660593756
0.003174232910340557
0.0031843210919967153
0.003185089967811339
0.0031767759507527397
0.003159647616232928
0.003134003441309286
0.0031001694890339182
0.0030584970499957674
0.003009360252891865
0.0029531536557094126
0.0028902898288013933
0.002821196940799331
0.0027463163579287287
0.0026661002668808683
0.002581009330949236
0.002491510388666297
0.002398074203676097
0.0023011732740572657
0.0022012797087683287
0.002098863178330401
0.0019943889462900252
0.001888315987424418
0.0017810951980609443
0.0016731677032912442
0.0015649632652635361
0.0014568987961449155
0.0013493769787537256
0.0012427849972808038
0.0011374933799420163
0.0010338549548425955
0.0009322039197829955
0.0008328550262022547
0.0007361028769368026
0.000642221336975495
0.0007098615048436883
0.0007745324746843038
0.00083601920792133
0.0008941287401500286
0.000948690232783579
0.0009995549258303993
0.001046595995456805
0.0010897083202878904
0.0011288081606722965
0.0011638327553782158
0.0011947398404033756
0.0012215070947662764
0.0012441315183041254
0.0012626287466313466
0.001277032308513864
0.0012873928309882455
0.0012937771976019423
0.0012962676651721004
0.0012949609444562517
0.0012899672501000788
0.0012814093251758455
0.0012694214455511354
0.0012541484092326426
0.0012357445157148768
0.0012143725402298019
0.0011902027076425288
0.0011634116705705896
0.0011341814961225547
0.0011026986654557648
0.0010691530901457084
0.0010337371491407083
0.000996644749848297
0.0009580704166635297
0.0009182084100076037
0.000877251878697151
0.000835392048213498
0.0007928174471866447
0.0007497131741536442
0.0007062602063947595
0.0006626347523968566
0.0006190076492401713
0.0005755438059560333
0.0005324016936573112
0.0004897328830042615
0.00044768162933426874
0.00040638450555722356
0.0003659700826998882
0.00032655865777138495
0.0002882620284214377
0.00025118331367065546
0.0002772916630414212
0.00030217598784262065
0.00032575696226342944
0.00034796425864189873
0.00036873651259700183
0.00038802124983425154
0.0004057747763771559
0.00042196203407709717
0.00043655642334219447
0.00044953959510177834
0.00046090121408694186
0.00047063869555981374
0.0004787569176645625
0.00048526791160237486
0.0004901905318502863
0.0004935501086511612
0.0004953780849986004
0.0004957116403274227
0.0004945933030972879
0.0004920705544251215
0.00048819542488131944
0.0004830240865158105
0.0004766164421237976
0.00046903571369741174
0.0004603480319396574
0.00045062202864102745
0.0004399284336380385
0.00042833967798674836
0.0004159295048942153
0.0004027725898568223
0.0003889441713576164
0.00037451969337512595
0.0003595744608550107
0.00034418330919277427
0.0003284202886724061
0.00031235836470143343
0.0002960691345792804
0.0002796225614321988
0.0002630867258460049
0.0002465275956269101
0.00023000881402200076
0.00021359150663416906
0.00019733410717248724
0.000181292202087903
0.00016551839405656195
0.00015006218418876934
0.00013496987276141617
0.00012028447819527108
0.0001060456739266241
9.228974275489437e-05
0.00010175519580153451
0.0001107482479402915
0.0001192415882865829
0.00012721133638366546
0.0001346370084797887
0.0001415014700022251
0.0001477908749879513
0.00015349459326027742
0.00015860512616536332
0.000163118011702562
0.0001670317198978527
0.00017034753928048447
0.00017306945532939653
0.0001752040217582437
0.00017676022550596363
0.0001777493462940583
0.0001781848116022694
0.00017808204790129356
0.0001774583289647608
0.00017633262206322262
0.00017472543282044678
0.00017265864948717356
0.00017015538735989808
0.0001672398340423634
0.00016393709621561426
0.00016027304854873442
0.00015627418534722303
0.0001519674754993431
0.0001473802212431368
0.00014253992123817666
0.0001374741383869271
0.00013221037281078694
0.00012677594034597655
0.00012119785688429018
0.00011550272884386825
0.0001097166500154263
0.00010386510499029731
9.797287933802181e-05
9.206397666357429e-05
8.616154263740759e-05
8.028779605586913e-05
7.446396695489012e-05
6.871024176668946e-05
6.304571547733129e-05
5.7488350712697133e-05
5.205494365159764e-05
4.6761096637701024e-05
4.1621197336486656e-05
3.664840425983424e-05
3.1854638458916876e-05
3.507785036008166e-05
3.8130313238413705e-05
4.1003260535695476e-05
4.3689149210395986e-05
4.618164066834156e-05
4.847557707935251e-05
5.0566953380682645e-05
5.245288527541858e-05
5.4131573539469485e-05
5.5602264954677394e-05
5.68652101877712e-05
5.79216189355314e-05
5.8773612655669734e-05
5.94241752006107e-05
5.987710166767635e-05
6.0136945774178607e-05
6.020896605971984e-05
6.009907121065271e-05
5.981376479322374e-05
5.9360089672548935e-05
5.874557238428204e-05
5.79781677147517e-05
5.7066203733532464e-05
5.6018327509981345e-05
5.4843451732267725e-05
5.355070243398288e-05
5.21493680195592e-05
5.0648849765603214e-05
4.905861396086558e-05
4.7388145833080245e-05
4.5646905396299515e-05
4.384428533779437e-05
4.198957104904759e-05
4.009190289101564e-05
3.816024076961963e-05
3.6203331083517636e-05
3.4229676092567714e-05
3.224750574214165e-05
3.0264751965570344e-05
2.828902547461254e-05
2.6327595035893487e-05
2.4387369219884747e-05
2.2474880598119918e-05
2.059627235411386e-05
1.8757287263755992e-05
1.6963258991947825e-05
1.5219105643824512e-05
1.3529325501193404e-05
1.189799486770137e-05
1.0328767939857638e-05
1.1359675950562805e-05
1.2332765579820159e-05
1.3245416774775813e-05
1.4095417850803313e-05
1.4880956838154548e-05
1.5600611399102136e-05
1.6253337425036315e-05
1.6838456424277015e-05
1.735564181208879e-05
1.7804904214556665e-05
1.8186575897631536e-05
1.8501294431777913e-05
1.874998570132941e-05
1.8933846365853863e-05
1.9054325878623237e-05
1.9113108164663876e-05
1.9112093057896684e-05
1.905337759356379e-05
1.8939237248524892e-05
1.877210721812275e-05
1.8554563814185598e-05
1.8289306064394458e-05
1.797913758871511e-05
1.7626948823920007e-05
1.7235699662419273e-05
1.680840256672381e-05
1.6348106215893082e-05
1.5857879735314406e-05
1.534079755612815e-05
1.4799924945602472e-05
1.4238304244766131e-05
1.3658941844681922e-05
1.3064795927876684e-05
1.2458764996687375e-05
1.1843677205621265e-05
1.122228051031421e-05
1.0597233641285964e-05
9.971097906479373e-06
9.3463298225184e-06
8.72527457076287e-06
8.110160270563402e-06
7.503093058659732e-06
6.9060529604012915e-06
6.320890535434186e-06
5.749324277671867e-06
5.19293874677514e-06
4.6531834059866016e-06
4.131372139030811e-06
3.6286834168615084e-06
3.146161083354782e-06
3.4558549770683016e-06
3.747202602156402e-06
4.01947617254431e-06
4.272075477465819e-06
4.504524476923138e-06
4.7164674875318604e-06
4.907664995484917e-06
5.077989133418323e-06
5.227418857822523e-06
5.356034863350212e-06
5.464014269911117e-06
5.55162511783959e-06
5.619220705676174e-06
5.667233804232294e-06
5.696170779615815e-06
5.706605656794272e-06
5.699174154075631e-06
5.674567717600291e-06
5.633527583574847e-06
5.576838894546157e-06
5.505324894526794e-06
5.419841226246041e-06
5.321270352225706e-06
5.210516119776565e-06
5.0884984883882495e-06
4.956148436349627e-06
4.8144030618002115e-06
4.664200891778704e-06
4.506477411217103e-06
4.342160822226197e-06
4.172168042446223e-06
3.99740094969347e-06
3.818742878633512e-06
3.637055373750789e-06
3.453175201476603e-06
3.2679116229788127e-06
3.0820439278200313e-06
2.896319227450662e-06
2.7114505063295585e-06
2.5281149273557674e-06
2.3469523872573823e-06
2.168564316611349e-06
1.993512718273797e-06
1.822319437170523e-06
1.655465653651154e-06
1.493391591925513e-06
1.3364964344985653e-06
0.0
0.0
0.0
0.0
0.0
0.0
0.0
0.0
0.0
0.0
0.0
0.0
0.0
0.0
0.0
0.0
0.0
0.0
0.0
0.0
0.0
0.0
0.0
0.0
0.0
0.0
0.0
0.0
0.0
0.0
0.0
0.0
0.0
0.0
0.0
0.0
0.0
0.0
0.0
0.0
0.0
0.0
0.0
0.0
0.0
0.0
0.0
0.0
0.0
0.0
0.0
0.0
0.0
0.0
0.0
0.0
0.0
0.0
0.0
0.0
0.0
0.0
0.0
0.0
0.0
0.0
0.0
0.0
0.0
0.0
0.0
0.0
0.0
0.0
0.0
0.0
0.0
0.0
0.0
0.0
0.0
0.0
0.0
0.0
0.0
0.0
0.0
0.0
0.0
0.0
0.0
0.0
0.0
0.0
0.0
0.0
0.0
0.0
0.0
0.0
0.0
0.0
0.0
0.0
0.0
0.0
0.0
0.0
0.0
0.0
0.0
0.0
0.0
0.0
0.0
0.0
0.0
0.0
0.0
0.0
0.0
0.0
0.0
0.0
0.0
0.0
0.0
0.0
0.0
0.0
0.0
0.0
0.0
0.0
0.0
0.0
0.0
0.0
0.0
0.0
0.0
0.0
0.0
0.0
0.0
0.0
0.0
0.0
0.0
0.0
0.0
0.0
0.0
0.0
0.0
0.0
0.0
0.0
0.0
0.0
0.0
0.0
0.0
0.0
0.0
0.0
0.0
0.0
0.0
0.0
0.0
0.0
0.0
0.0
0.0
0.0
0.0
0.0
0.0
0.0
0.0
0.0
0.0
0.0
0.0
0.0
0.0
0.0
0.0
0.0
0.0
0.0
0.0
0.0
0.0
0.0
0.0
0.0
0.0
0.0
0.0
0.0
0.0
0.0
0.0
0.0
0.0
0.0
0.0
0.0
0.0
0.0
0.0
0.0
0.0
0.0
0.0
0.0
0.0
0.0
0.0
0.0
0.0
0.0
0.0
0.0
0.0
0.0
0.0
0.0
0.0
0.0
0.0
0.0
0.0
0.0
0.0
0.0
0.0
0.0
0.0
0.0
0.0
0.0
0.0
0.0
0.0
0.0
0.0
0.0
0.0
0.0
0.0
0.0
0.0
0.0
0.0
0.0
0.0
0.0
0.0
0.0
0.0
0.0
0.0
0.0
0.0
0.0
0.0
0.0
0.0
0.0
0.0
0.0
0.0
0.0
0.0
0.0
0.0
0.0
0.0
0.0
0.0
0.0
0.0
0.0
0.0
0.0
0.0
0.0
0.0
0.0
0.0
0.0
0.0
0.0
0.0
0.0
0.0
0.0
0.0
0.0
0.0
0.0
0.0
0.0
0.0
0.0
0.0
0.0
0.0
0.0
0.0
0.0
0.0
0.0
0.0
0.0
0.0
0.0
0.0
0.0
0.0
0.0
0.0
0.0
0.0
0.0
0.0
0.0
0.0
0.0
0.0
0.0
0.0
0.0
0.0
0.0
0.0
0.0
0.0
0.0
0.0
0.0
0.0
0.0
0.0
0.0
0.0
0.0
0.0
0.0
0.0
0.0
0.0
0.0
0.0
0.0
0.0
0.0
0.0
0.0
0.0
0.0
0.0
0.0
0.0
0.0
0.0
0.0
0.0
0.0
0.0
0.0
0.0
0.0
0.0
0.0
0.0
0.0
0.0
0.0
0.0
0.0
0.0
0.0
0.0
0.0
0.0
0.0
0.0
0.0
0.0
0.0
0.0
0.0
0.0
0.0
0.0
0.0
0.0
0.0
0.0
0.0
0.0
0.0
0.0
0.0
0.0
0.0
0.0
0.0
0.0
0.0
0.0
0.0
0.0
0.0
0.0
0.0
0.0
0.0
0.0
0.0
0.0
0.0
0.0
0.0
0.0
0.0
0.0
0.0
0.0
0.0
0.0
0.0
0.0
0.0
0.0
0.0
0.0
0.0
0.0
0.0
0.0
0.0
0.0
0.0
0.0
0.0
0.0
0.0
0.0
0.0
0.0
0.0
0.0
0.0
0.0
0.0
0.0
0.0
0.0
0.0
0.0
0.0
0.0
0.0
0.0
0.0
0.0
0.0
0.0
0.0
0.0
0.0
0.0
0.0
0.0
0.0
0.0
0.0
0.0
0.0
0.0
0.0
0.0
0.0
0.0
0.0
0.0
0.0
0.0
0.0
0.0
0.0
0.0
0.0
0.0
0.0
0.0
0.0
0.0
0.0
0.0
0.0
0.0
0.0
0.0
0.0
0.0
0.0
0.0
0.0
0.0
0.0
0.0
0.0
0.0
0.0
0.0
0.0
0.0
0.0
0.0
0.0
0.0
0.0
0.0
0.0
0.0
0.0
0.0
0.0
0.0
0.0
0.0
0.0
0.0
0.0
0.0
0.0
0.0
0.0
0.0
0.0
0.0
0.0
0.0
0.0
0.0
0.0
0.0
0.0
0.0
0.0
0.0
0.0
0.0
0.0
0.0
0.0
0.0
0.0
0.0
0.0
0.0
0.0
0.0
0.0
0.0
0.0
0.0
0.0
0.0
0.0
0.0
0.0
0.0
0.0
0.0
0.0
0.0
0.0
0.0
0.0
0.0
0.0
0.0
0.0
0.0
0.0
0.0
0.0
0.0
0.0
0.0
0.0
0.0
0.0
0.0
0.0
0.0
0.0
0.0
0.0
0.0
0.0
0.0
0.0
0.0
0.0
0.0
0.0
0.0
0.0
0.0
0.0
0.0
0.0
0.0
0.0
0.0
0.0
0.0
0.0
0.0
0.0
0.0
0.0
0.0
0.0
0.0
0.0
0.0
0.0
0.0
0.0
0.0
0.0
0.0
0.0
0.0
0.0
0.0
0.0
0.0
0.0
0.0
0.0
0.0
0.0
0.0
0.0
0.0
0.0
0.0
0.0
0.0
0.0
0.0
0.0
0.0
0.0
0.0
0.0
0.0
0.0
0.0
0.0
0.0
0.0
0.0
0.0
0.0
0.0
0.0
0.0
0.0
0.0
0.0
0.0
0.0
0.0
0.0
0.0
0.0
0.0
0.0
0.0
0.0
0.0
0.0
0.0
0.0
0.0
0.0
0.0
0.0
0.0
0.0
0.0
0.0
0.0
0.0
0.0
0.0
0.0
0.0
0.0
0.0
0.0
0.0
0.0
0.0
0.0
0.0
0.0
0.0
0.0
0.0
0.0
0.0
0.0
0.0
0.0
0.0
0.0
0.0
0.0
0.0
0.0
0.0
0.0
0.0
0.0
0.0
0.0
0.0
0.0
0.0
0.0
0.0
0.0
0.0
0.0
0.0
0.0
0.0
0.0
0.0
0.0
0.0
0.0
0.0
0.0
0.0
0.0
0.0
0.0
0.0
0.0
0.0
0.0
0.0
0.0
0.0
0.0
0.0
0.0
0.0
0.0
0.0
0.0
0.0
0.0
0.0
0.0
0.0
0.0
0.0
0.0
0.0
0.0
0.0
0.0
0.0
0.0
0.0
0.0
0.0
0.0
0.0
0.0
0.0
0.0
0.0
0.0
0.0
0.0
0.0
0.0
0.0
0.0
0.0
0.0
0.0
0.0
0.0
0.0
0.0
0.0
0.0
0.0
0.0
0.0
0.0
0.0
0.0
0.0
0.0
0.0
0.0
0.0
0.0
0.0
0.0
0.0
0.0
0.0
0.0
0.0
0.0
0.0
0.0
0.0
0.0
0.0
0.0
0.0
0.0
0.0
0.0
0.0
0.0
0.0
0.0
0.0
0.0
0.0
0.0
0.0
0.0
0.0
0.0
0.0
0.0
0.0
0.0
0.0
0.0
0.0
0.0
0.0
0.0
0.0
0.0
0.0
0.0
0.0
0.0
0.0
0.0
0.0
0.0
0.0
0.0
0.0
0.0
0.0
0.0
0.0
0.0
0.0
0.0
0.0
0.0
0.0
0.0
0.0
0.0
0.0
0.0
0.0
0.0
0.0
0.0
0.0
0.0
0.0
0.0
0.0
0.0
0.0
0.0
0.0
0.0
0.0
0.0
0.0
0.0
0.0
0.0
0.0
0.0
0.0
0.0
0.0
0.0
0.0
0.0
0.0
0.0
0.0
0.0
0.0
0.0
0.0
0.0
0.0
0.0
0.0
0.0
0.0
0.0
0.0
0.0
0.0
0.0
0.0
0.0
0.0
0.0
0.0
0.0
0.0
0.0
0.0
0.0
0.0
0.0
0.0
0.0
0.0
0.0
0.0
0.0
0.0
0.0
0.0
0.0
0.0
0.0
0.0
0.0
0.0
0.0
0.0
0.0
0.0
0.0
0.0
0.0
0.0
0.0
0.0
0.0
0.0
0.0
0.0
0.0
0.0
0.0
0.0
0.0
0.0
0.0
0.0
0.0
0.0
0.0
0.0
0.0
0.0
0.0
0.0
0.0
0.0
0.0
0.0
0.0
0.0
0.0
0.0
0.0
0.0
0.0
0.0
0.0
0.0
0.0
0.0
0.0
0.0
0.0
0.0
0.0
0.0
0.0
0.0
0.0
0.0
0.0
0.0
0.0
0.0
0.0
0.0
0.0
0.0
0.0
0.0
0.0
0.0
0.0
0.0
0.0
0.0
0.0
0.0
0.0
0.0
0.0
0.0
0.0
0.0
0.0
0.0
0.0
0.0
0.0
0.0
0.0
0.0
0.0
0.0
0.0
0.0
0.0
0.0
0.0
0.0
0.0
0.0
0.0
0.0
0.0
0.0
0.0
0.0
0.0
0.0
0.0
0.0
0.0
0.0
0.0
0.0
0.0
0.0
0.0
0.0
0.0
0.0
0.0
0.0
0.0
0.0
0.0
0.0
0.0
0.0
0.0
0.0
0.0
0.0
0.0
0.0
0.0
0.0
0.0
0.0
0.0
0.0
0.0
0.0
0.0
0.0
0.0
0.0
0.0
0.0
0.0
0.0
0.0
0.0
0.0
0.0
0.0
0.0
0.0
0.0
0.0
0.0
0.0
0.0
0.0
0.0
0.0
0.0
0.0
0.0
0.0
0.0
0.0
0.0
0.0
0.0
0.0
0.0
0.0
0.0
0.0
0.0
0.0
0.0
0.0
0.0
0.0
0.0
0.0
0.0
0.0
0.0
0.0
0.0
0.0
0.0
0.0
0.0
0.0
0.0
0.0
0.0
0.0
0.0
0.0
0.0
0.0
0.0
0.0
0.0
0.0
0.0
0.0
0.0
0.0
0.0
0.0
0.0
0.0
0.0
0.0
0.0
0.0
0.0
0.0
0.0
0.0
0.0
0.0
0.0
0.0
0.0
0.0
0.0
0.0
0.0
0.0
0.0
0.0
0.0
0.0
0.0
0.0
0.0
0.0
0.0
0.0
0.0
0.0
0.0
0.0
0.0
0.0
0.0
0.0
0.0
0.0
0.0
0.0
0.0
0.0
0.0
0.0
0.0
0.0
0.0
0.0
0.0
0.0
0.0
0.0
0.0
0.0
0.0
0.0
0.0
0.0
0.0
0.0
0.0
0.0
0.0
0.0
0.0
0.0
0.0
0.0
0.0
0.0
0.0
0.0
0.0
0.0
0.0
0.0
0.0
0.0
0.0
0.0
0.0
0.0
0.0
0.0
0.0
0.0
0.0
0.0
0.0
0.0
0.0
0.0
0.0
0.0
0.0
0.0
0.0
0.0
0.0
0.0
0.0
0.0
0.0
0.0
0.0
0.0
0.0
0.0
0.0
0.0
0.0
0.0
0.0
0.0
0.0
0.0
0.0
0.0
0.0
0.0
0.0
0.0
0.0
0.0
0.0
0.0
0.0
0.0
0.0
0.0
0.0
0.0
0.0
0.0
0.0
0.0
0.0
0.0
0.0
0.0
0.0
0.0
0.0
0.0
0.0
0.0
0.0
0.0
0.0
0.0
0.0
0.0
0.0
0.0
0.0
0.0
0.0
0.0
0.0
0.0
0.0
0.0
0.0
0.0
0.0
0.0
0.0
0.0
0.0
0.0
0.0
0.0
0.0
0.0
0.0
0.0
0.0
0.0
0.0
0.0
0.0
0.0
0.0
0.0
0.0
0.0
0.0
0.0
0.0
0.0
0.0
0.0
0.0
0.0
0.0
0.0
0.0
0.0
0.0
0.0
0.0
0.0
0.0
0.0
0.0
0.0
0.0
0.0
0.0
0.0
0.0
0.0
0.0
0.0
0.0
0.0
0.0
0.0
0.0
0.0
0.0
0.0
0.0
0.0
0.0
0.0
0.0
0.0
0.0
0.0
0.0
0.0
0.0
0.0
0.0
0.0
0.0
0.0
0.0
0.0
0.0
0.0
0.0
0.0
0.0
0.0
0.0
0.0
0.0
0.0
0.0
0.0
0.0
0.0
0.0
0.0
0.0
0.0
0.0
0.0
0.0
0.0
0.0
0.0
0.0
0.0
0.0
0.0
0.0
0.0
0.0
0.0
0.0
0.0
0.0
0.0
0.0
0.0
0.0
0.0
0.0
0.0
0.0
0.0
0.0
0.0
0.0
0.0
0.0
0.0
0.0
0.0
0.0
0.0
0.0
0.0
0.0
0.0
0.0
0.0
0.0
0.0
0.0
0.0
0.0
0.0
0.0
0.0
0.0
0.0
0.0
0.0
0.0
0.0
0.0
0.0
0.0
0.0
0.0
0.0
0.0
0.0
0.0
0.0
0.0
0.0
0.0
0.0
0.0
0.0
0.0
0.0
0.0
0.0
0.0
0.0
0.0
0.0
0.0
0.0
0.0
0.0
0.0
0.0
0.0
0.0
0.0
0.0
0.0
0.0
0.0
0.0
0.0
0.0
0.0
0.0
0.0
0.0
0.0
0.0
0.0
0.0
0.0
0.0
0.0
0.0
0.0
0.0
0.0
0.0
0.0
0.0
0.0
0.0
0.0
0.0
0.0
0.0
0.0
0.0
0.0
0.0
0.0
0.0
0.0
0.0
0.0
0.0
0.0
0.0
0.0
0.0
0.0
0.0
0.0
0.0
0.0
0.0
0.0
0.0
0.0
0.0
0.0
0.0
0.0
0.0
0.0
0.0
0.0
0.0
0.0
0.0
0.0
0.0
0.0
0.0
0.0
0.0
0.0
0.0
0.0
0.0
0.0
0.0
0.0
0.0
0.0
0.0
0.0
0.0
0.0
0.0
0.0
0.0
0.0
0.0
0.0
0.0
0.0
0.0
0.0
0.0
0.0
0.0
0.0
0.0
0.0
0.0
0.0
0.0
0.0
0.0
0.0
0.0
0.0
0.0
0.0
0.0
0.0
0.0
0.0
0.0
0.0
0.0
0.0
0.0
0.0
0.0
0.0
0.0
0.0
0.0
0.0
0.0
0.0
0.0
0.0
0.0
0.0
0.0
0.0
0.0
0.0
0.0
0.0
0.0
0.0
0.0
0.0
0.0
0.0
0.0
0.0
0.0
0.0
0.0
0.0
0.0
0.0
0.0
0.0
0.0
0.0
0.0
0.0
0.0
0.0
0.0
0.0
0.0
0.0
0.0
0.0
0.0
0.0
0.0
0.0
0.0
0.0
0.0
0.0
0.0
0.0
0.0
0.0
0.0
0.0
0.0
0.0
0.0
0.0
0.0
0.0
0.0
0.0
0.0
0.0
0.0
0.0
0.0
0.0
0.0
0.0
0.0
0.0
0.0
0.0
0.0
0.0
0.0
0.0
0.0
0.0
0.0
0.0
0.0
0.0
0.0
0.0
0.0
0.0
0.0
0.0
0.0
0.0
0.0
0.0
0.0
0.0
0.0
0.0
0.0
0.0
0.0
0.0
0.0
0.0
0.0
0.0
0.0
0.0
0.0
0.0
0.0
0.0
0.0
0.0
0.0
0.0
0.0
0.0
0.0
0.0
0.0
0.0
0.0
0.0
0.0
0.0
0.0
0.0
0.0
0.0
0.0
0.0
0.0
0.0
0.0
0.0
0.0
0.0
0.0
0.0
0.0
0.0
0.0
0.0
0.0
0.0
0.0
0.0
0.0
0.0
0.0
0.0
0.0
0.0
0.0
0.0
0.0
0.0
0.0
0.0
0.0
0.0
0.0
0.0
0.0
0.0
0.0
0.0
0.0
0.0
0.0
0.0
0.0
0.0
0.0
0.0
0.0
0.0
0.0
0.0
0.0
0.0
0.0
0.0
0.0
0.0
0.0
0.0
0.0
0.0
0.0
0.0
0.0
0.0
0.0
0.0
0.0
0.0
0.0
0.0
0.0
0.0
0.0
0.0
0.0
0.0
0.0
0.0
0.0
0.0
0.0
0.0
0.0
0.0
0.0
0.0
0.0
0.0
0.0
0.0
0.0
0.0
0.0
0.0
0.0
0.0
0.0
0.0
0.0
0.0
0.0
0.0
0.0
0.0
0.0
0.0
0.0
0.0
0.0
0.0
0.0
0.0
0.0
0.0
0.0
0.0
0.0
0.0
0.0
0.0
0.0
0.0
0.0
0.0
0.0
0.0
0.0
0.0
0.0
0.0
0.0
0.0
0.0
0.0
0.0
0.0
0.0
0.0
0.0
0.0
0.0
0.0
0.0
0.0
0.0
0.0
0.0
0.0
0.0
0.0
0.0
0.0
0.0
0.0
0.0
0.0
0.0
0.0
0.0
0.0
0.0
0.0
0.0
0.0
0.0
0.0
0.0
0.0
0.0
0.0
0.0
0.0
0.0
0.0
0.0
0.0
0.0
0.0
0.0
0.0
0.0
0.0
0.0
0.0
0.0
0.0
0.0
0.0
0.0
0.0
0.0
0.0
0.0
0.0
0.0
0.0
0.0
0.0
0.0
0.0
0.0
0.0
0.0
0.0
0.0
0.0
0.0
0.0
0.0
0.0
0.0
0.0
0.0
0.0
0.0
0.0