0.0
0.0
0.0
0.0
0.0
0.0
0.0
0.0
0.0
0.0
0.0
0.0
0.0
0.0
0.0
0.0
0.0
0.0
0.0
0.0
0.0
0.0
0.0
0.0
0.0
0.0
0.0
0.0
0.0
0.0
0.0
0.0
0.0
0.0
0.0
0.0
0.0
0.0
0.0
0.0
0.0
0.0
0.0
0.0
0.0
0.0
0.0
0.0
0.0
0.0
0.0
0.0
0.0
0.0
0.0
0.0
0.0
0.0
0.0
0.0
0.0
0.0
0.0
0.0
0.0
0.0
0.0
0.0
0.0
0.0
0.0
0.0
0.0
0.0
0.0
0.0
0.0
0.0
0.0
0.0
0.0
0.0
0.0
0.0
0.0
0.0
0.0
0.0
0.0
0.0
0.0
0.0
0.0
0.0
0.0
0.0
0.0
0.0
0.0
0.0
0.0
0.0
0.0
0.0
0.0
0.0
0.0
0.0
0.0
0.0
0.0
0.0
0.0
0.0
0.0
0.0
0.0
0.0
0.0
0.0
0.0
0.0
0.0
0.0
0.0
0.0
0.0
0.0
0.0
0.0
0.0
0.0
0.0
0.0
0.0
0.0
0.0
0.0
0.0
0.0
0.0
0.0
0.0
0.0
0.0
0.0
0.0
0.0
0.0
0.0
0.0
0.0
0.0
0.0
0.0
0.0
0.0
0.0
0.0
0.0
0.0
0.0
0.0
0.0
0.0
0.0
0.0
0.0
0.0
0.0
0.0
0.0
0.0
0.0
0.0
0.0
0.0
0.0
0.0
0.0
0.0
0.0
0.0
0.0
0.0
0.0
0.0
0.0
0.0
0.0
0.0
0.0
0.0
0.0
0.0
0.0
0.0
0.0
0.0
0.0
0.0
0.0
0.0
0.0
0.0
0.0
0.0
0.0
0.0
0.0
0.0
0.0
0.0
0.0
0.0
0.0
0.0
0.0
0.0
0.0
0.0
0.0
0.0
0.0
0.0
0.0
0.0
0.0
0.0
0.0
0.0
0.0
0.0
0.0
0.0
0.0
0.0
0.0
0.0
0.0
0.0
0.0
0.0
0.0
0.0
0.0
0.0
0.0
0.0
0.0
0.0
0.0
0.0
0.0
0.0
0.0
0.0
0.0
0.0
0.0
0.0
0.0
0.0
0.0
0.0
0.0
0.0
0.0
0.0
0.0
0.0
0.0
0.0
0.0
0.0
0.0
0.0
0.0
0.0
0.0
0.0
0.0
0.0
0.0
0.0
0.0
0.0
0.0
0.0
0.0
0.0
0.0
0.0
0.0
0.0
0.0
0.0
0.0
0.0
0.0
0.0
0.0
0.0
0.0
0.0
0.0
0.0
0.0
0.0
0.0
0.0
0.0
0.0
0.0
0.0
0.0
0.0
0.0
0.0
0.0
0.0
0.0
0.0
0.0
0.0
0.0
0.0
0.0
0.0
0.0
0.0
0.0
0.0
0.0
0.0
0.0
0.0
0.0
0.0
0.0
0.0
0.0
0.0
0.0
0.0
0.0
0.0
0.0
0.0
0.0
0.0
0.0
0.0
0.0
0.0
0.0
0.0
0.0
0.0
0.0
0.0
0.0
0.0
0.0
0.0
0.0
0.0
0.0
0.0
0.0
0.0
0.0
0.0
0.0
0.0
0.0
0.0
0.0
0.0
0.0
0.0
0.0
0.0
0.0
0.0
0.0
0.0
0.0
0.0
0.0
0.0
0.0
0.0
0.0
0.0
0.0
0.0
0.0
0.0
0.0
0.0
0.0
0.0
0.0
0.0
0.0
0.0
0.0
0.0
0.0
0.0
0.0
0.0
0.0
0.0
0.0
0.0
0.0
0.0
0.0
0.0
0.0
0.0
0.0
0.0
0.0
0.0
0.0
0.0
0.0
0.0
0.0
0.0
0.0
0.0
0.0
0.0
0.0
0.0
0.0
0.0
0.0
0.0
0.0
0.0
0.0
0.0
0.0
0.0
0.0
0.0
0.0
0.0
0.0
0.0
0.0
0.0
0.0
0.0
0.0
0.0
0.0
0.0
0.0
0.0
0.0
0.0
0.0
0.0
0.0
0.0
0.0
0.0
0.0
0.0
0.0
0.0
0.0
0.0
0.0
0.0
0.0
0.0
0.0
0.0
0.0
0.0
0.0
0.0
0.0
0.0
0.0
0.0
0.0
0.0
0.0
0.0
0.0
0.0
0.0
0.0
0.0
0.0
0.0
0.0
0.0
0.0
0.0
0.0
0.0
0.0
0.0
0.0
0.0
0.0
0.0
0.0
0.0
0.0
0.0
0.0
0.0
0.0
0.0
0.0
0.0
0.0
0.0
0.0
0.0
0.0
0.0
0.0
0.0
0.0
0.0
0.0
0.0
0.0
0.0
0.0
0.0
0.0
0.0
0.0
0.0
0.0
0.0
0.0
0.0
0.0
0.0
0.0
0.0
0.0
0.0
0.0
0.0
0.0
0.0
0.0
0.0
0.0
0.0
0.0
0.0
0.0
0.0
0.0
0.0
0.0
0.0
0.0
0.0
0.0
0.0
0.0
0.0
0.0
0.0
0.0
0.0
0.0
0.0
0.0
0.0
0.0
0.0
0.0
0.0
0.0
0.0
0.0
0.0
0.0
0.0
0.0
0.0
0.0
0.0
0.0
0.0
0.0
0.0
0.0
0.0
0.0
0.0
0.0
0.0
0.0
0.0
0.0
0.0
0.0
0.0
0.0
0.0
0.0
0.0
0.0
0.0
0.0
0.0
0.0
0.0
0.0
0.0
0.0
0.0
0.0
0.0
0.0
0.0
0.0
0.0
0.0
0.0
0.0
0.0
0.0
0.0
0.0
0.0
0.0
0.0
0.0
0.0
0.0
0.0
0.0
0.0
0.0
0.0
0.0
0.0
0.0
0.0
0.0
0.0
0.0
0.0
0.0
0.0
0.0
0.0
0.0
0.0
0.0
0.0
0.0
0.0
0.0
0.0
0.0
0.0
0.0
0.0
0.0
0.0
0.0
0.0
0.0
0.0
0.0
0.0
0.0
0.0
0.0
0.0
0.0
0.0
0.0
0.0
0.0
0.0
0.0
0.0
0.0
0.0
0.0
0.0
0.0
0.0
0.0
0.0
0.0
0.0
0.0
0.0
0.0
0.0
0.0
0.0
0.0
0.0
0.0
0.0
0.0
0.0
0.0
0.0
0.0
0.0
0.0
0.0
0.0
0.0
0.0
0.0
0.0
0.0
0.0
0.0
0.0
0.0
0.0
0.0
0.0
0.0
0.0
0.0
0.0
0.0
0.0
0.0
0.0
0.0
0.0
0.0
0.0
0.0
0.0
0.0
0.0
0.0
0.0
0.0
0.0
0.0
0.0
0.0
0.0
0.0
0.0
0.0
0.0
0.0
0.0
0.0
0.0
0.0
0.0
0.0
0.0
0.0
0.0
0.0
0.0
0.0
0.0
0.0
0.0
0.0
0.0
0.0
0.0
0.0
0.0
0.0
0.0
0.0
0.0
0.0
0.0
0.0
0.0
0.0
0.0
0.0
0.0
0.0
0.0
0.0
0.0
0.0
0.0
0.0
0.0
0.0
0.0
0.0
0.0
0.0
0.0
0.0
0.0
0.0
0.0
0.0
0.0
0.0
0.0
0.0
0.0
0.0
0.0
0.0
0.0
0.0
0.0
0.0
0.0
0.0
0.0
0.0
0.0
0.0
0.0
0.0
0.0
0.0
0.0
0.0
0.0
0.0
0.0
0.0
0.0
0.0
0.0
0.0
0.0
0.0
0.0
0.0
0.0
0.0
0.0
0.0
0.0
0.0
0.0
0.0
0.0
0.0
0.0
0.0
0.0
0.0
0.0
0.0
0.0
0.0
0.0
0.0
0.0
0.0
0.0
0.0
0.0
0.0
0.0
0.0
0.0
0.0
0.0
0.0
0.0
0.0
0.0
0.0
0.0
0.0
0.0
0.0
0.0
0.0
0.0
0.0
0.0
0.0
0.0
0.0
0.0
0.0
0.0
0.0
0.0
0.0
0.0
0.0
0.0
0.0
0.0
0.0
0.0
0.0
0.0
0.0
0.0
0.0
0.0
0.0
0.0
0.0
0.0
0.0
0.0
0.0
0.0
0.0
0.0
0.0
0.0
0.0
0.0
0.0
0.0
0.0
0.0
0.0
0.0
0.0
0.0
0.0
0.0
0.0
0.0
0.0
0.0
0.0
0.0
0.0
0.0
0.0
0.0
0.0
0.0
0.0
0.0
0.0
0.0
0.0
0.0
0.0
0.0
0.0
0.0
0.0
0.0
0.0
0.0
0.0
0.0
0.0
0.0
0.0
0.0
0.0
0.0
0.0
0.0
0.0
0.0
0.0
0.0
0.0
0.0
0.0
0.0
0.0
0.0
0.0
0.0
0.0
0.0
0.0
0.0
0.0
8.122332926141785e-07
9.379292188983889e-07
1.0691446208708925e-06
1.2056283809366293e-06
1.3470932051077377e-06
1.4932152054695406e-06
1.6436336413572065e-06
1.7979508286334239e-06
1.955732226100609e-06
2.1165067076597123e-06
2.279767028343537e-06
2.444970491802013e-06
2.6115398262019383e-06
2.7788642748222555e-06
2.9463009068800712e-06
3.1131761533100428e-06
3.278787571345358e-06
3.4424058408084102e-06
3.6032769940204966e-06
3.7606248801792505e-06
3.913653863936877e-06
4.061551756740549e-06
4.203492978275433e-06
4.338641944080323e-06
4.466156674094198e-06
4.5851926155391125e-06
4.69490667215977e-06
4.794461430424622e-06
4.883029571855681e-06
4.959798459198776e-06
5.023974882680163e-06
5.074789951125705e-06
5.111504111252054e-06
5.133412276984027e-06
5.139849049214717e-06
5.130194005015035e-06
5.1038770339237135e-06
5.060383697617357e-06
4.999260587980824e-06
4.9201206573807045e-06
4.822648493796913e-06
4.70660551240015e-06
4.571835034183998e-06
4.418267221379589e-06
4.2459238386071275e-06
4.054922808061155e-06
3.845482526494222e-06
3.617925911364908e-06
3.3726841432601154e-06
3.110300071595625e-06
2.8314312506509835e-06
3.265520628946083e-06
3.7177137983401357e-06
4.187068759222944e-06
4.672522564833069e-06
5.172890644599823e-06
5.686866684552571e-06
6.213023092406882e-06
6.749812073403227e-06
7.295567341237653e-06
7.848506486484665e-06
8.406734022769911e-06
8.968245128606201e-06
9.530930100260814e-06
1.0092579528282059e-05
1.0650890207376989e-05
1.1203471786213059e-05
1.174785416041205e-05
1.2281495608533891e-05
1.2801791667205513e-05
1.3306084737763494e-05
1.3791674412842723e-05
1.4255828507285183e-05
1.4695794773563872e-05
1.5108813277645725e-05
1.549212940685435e-05
1.5843007476876056e-05
1.6158744900578954e-05
1.643668687682226e-05
1.6674241552932218e-05
1.6868895610037018e-05
1.7018230216010018e-05
1.7119937286391312e-05
1.7171835989365466e-05
1.717188942669615e-05
1.711822141848095e-05
1.700913331571612e-05
1.6843120760984455e-05
1.6618890314117663e-05
1.6335375856475313e-05
1.599175468454373e-05
1.5587463200922285e-05
1.5122212108458705e-05
1.4596001011341354e-05
1.4009132325385772e-05
1.3362224398587936e-05
1.2656223742280913e-05
1.1892416272952007e-05
1.1072437464970936e-05
1.0198281315172647e-05
9.272308021444578e-06
1.0680495286319134e-05
1.2144287674940306e-05
1.366039689478882e-05
1.5225156453280282e-05
1.6834521868154954e-05
1.848407269591006e-05
2.0169016452023937e-05
2.1884194490931128e-05
2.362408990732331e-05
2.538283751337794e-05
2.7154235938961803e-05
2.8931761893731354e-05
3.070858662137008e-05
3.247759456698329e-05
3.423140426893332e-05
3.596239147616714e-05
3.766271448139435e-05
3.9324341649345125e-05
4.093908110781241e-05
4.249861255729877e-05
4.3994521142887144e-05
4.5418333319483123e-05
4.6761554628884366e-05
4.801570929426964e-05
4.917238152472364e-05
5.0223258409383386e-05
5.116017426776546e-05
5.197515630988106e-05
5.266047144692515e-05
5.320867408071227e-05
5.361265468770231e-05
5.386568900146026e-05
5.396148758584123e-05
5.389424558011555e-05
5.365869238676041e-05
5.325014106279954e-05
5.2664537166456365e-05
5.1898506802570705e-05
5.094940360279579e-05
4.98153543701095e-05
4.84953031117167e-05
4.698905318006273e-05
4.5297307238484854e-05
4.3421704766068736e-05
4.1364856815613806e-05
3.91303777393012e-05
3.6722913598758594e-05
3.414816697977654e-05
3.141291793700074e-05
2.8525040800534198e-05
3.2816098653256366e-05
3.726702580606127e-05
4.1867124841644113e-05
4.6604592585883836e-05
5.1466527821478376e-05
5.6438944521239274e-05
6.150679077750427e-05
6.665397358448717e-05
7.186338960914731e-05
7.711696206336318e-05
8.239568376587568e-05
8.767966645669743e-05
9.294819639949301e-05
9.817979627894774e-05
0.00010335229337037316
0.00010844289392791259
0.00011342826370574219
0.00011828461449377875
0.00012298779651567746
0.0001275133965025099
0.0001318368412205349
0.00013593350619611552
0.00013977882934521378
0.0001433484291791691
0.00014661822722284186
0.0001495645742458183
0.00015216437987242287
0.0001543952451019545
0.00015623559723708513
0.00015766482668581007
0.0001586634250711168
0.00015921312405259693
0.00015929703423603813
0.00015889978352052336
0.00015800765420820895
0.0001566087181796994
0.00015469296941822143
0.00015225245314858476
0.000149281390842618
0.00014577630033137427
0.00014173611025623966
0.00013716226808620447
0.0001320588409272384
0.00012643260835196567
0.00012029314648397238
0.00011365290258102521
0.00010652725937553229
9.893458844868993e-05
9.089629193710572e-05
8.243683189726992e-05
9.471943513371464e-05
0.00010743208806653139
0.00012054232173378337
0.00013401464561604214
0.0001478105891608585
0.00016188875890048274
0.00017620491153087146
0.00019071204325941374
0.00020536049566438806
0.00022009807824091026
0.00023487020773636926
0.00024962006430318673
0.0002642887644184123
0.0002788155504385052
0.00029313799657381176
0.000307192230981133
0.0003209131735846408
0.00033423478914561733
0.00034709035501042957
0.00035941274287416613
0.0003711347138049068
0.0003821892256810436
0.0003925097521019127
0.0004020306117406386
0.0004106873070180475
0.0004184168708882397
0.0004251582204404004
0.00043085251593821193
0.0004354435238382735
0.0004388779822527753
0.0004411059672498347
0.00044208125831783624
0.0004417617012584216
0.0004401095667168715
0.0004370919025090447
0.00043268087786127267
0.00042685411764408783
0.00041959502465289326
0.00041089308796901706
0.00040074417542353434
0.00038915080818408075
0.0003761224154920306
0.00036167556759419674
0.00034583418493984555
0.00032862972175067804
0.00031010132211859733
0.00029029594684383574
0.0002692684692943997
0.0002470817386469427
0.00022380660895909336
0.00025683123796410253
0.0002909376284632578
0.0003260337517477024
0.0003620198663068633
0.00039878867944982086
0.000436225549916959
0.00047420873210913205
0.0005126096623906939
0.0005512932877432944
0.0005901184368598254
0.0006289382335728913
0.0006676005523103155
0.0007059485150622591
0.0007438210291311512
0.0007810533647177778
0.0008174777711752381
0.0008529241305381773
0.000887220646708521
0.0009201945684519639
0.0009516729441327726
0.0009814834058890717
0.0010094549807278654
0.0010354189257997142
0.0010592095848984662
0.001080665263022842
0.001099629115635306
0.00111595004906066
0.001129483628283411
0.0011400929882304802
0.0011476497444653133
0.0011520348990722868
0.0011531397373775178
0.001150866711035034
0.0011451303029068236
0.0011358578690825842
0.00112299045332127
0.0011064835691524562
0.0010863079448523456
0.0010624502265076008
0.0010349136344009282
0.0010037185679961436
0.0009689031548681494
0.0009305237390148761
0.0008886553041049734
0.0008433918273563462
0.0007948465599076191
0.0007431522297365224
0.0006884611633969212
0.0006309453230886918
0.0005707962558425113
0.00065420398570993
0.0007401544710088302
0.000828403959309585
0.0009186903191057607
0.00101073356799567
0.0011042365011052113
0.0011988854204450197
0.0012943509654523271
0.0013902890445083025
0.0014863418667469552
0.001582139072983401
0.0016772989640895612
0.0017714298246355197
0.0018641313390978373
0.0019549960974130707
0.0020436111861291554
0.002129559860880211
0.0022124232953855414
0.0022917824016521083
0.0023672197155460866
0.0024383213413934936
0.002504678948777791
0.00256589181422366
0.0026215688999963725
0.0026713309618054556
0.002714812676784981
0.0027516647827310436
0.002781556219215112
0.002804176260859908
0.0028192366327677793
0.0028264735978297986
0.0028256500054224
0.002816557290816815
0.0027990174144897953
0.0027728847304317687
0.0027380477725049077
0.0026944309479081936
0.002641996126863368
0.0025807441177436875
0.002510716017030468
0.0024319944236988783
0.0023447045079078555
0.0022490149241972067
0.0021451385597810657
0.0020333331089680833
0.0019139014652377246
0.0017871919230556155
0.0016535981821209033
0.0015135591474015515
0.0013675585190303398
0.001565435294234282
0.001768892474356826
0.0019773264015785314
0.002190092566270419
0.0024065071290419364
0.002625848670731588
0.002847360169946143
0.0030702512066977552
0.0032937003896040882
0.0035168580030085937
0.0037388488692504966
0.003958775420172315
0.0041757209708007045
0.004388753186979918
0.004596927737581009
0.004799292120759694
0.00499488965259707
0.0051827636053356696
0.005361961481324746
0.005531539407718532
0.005690566635936223
0.005838130128897585
0.005973339218100051
0.006095330311707626
0.006203271633984403
0.006296367975632419
0.006373865433889712
0.0064350561206161835
0.006479282816046781
0.006505943545429094
0.00651449605539046
0.006504462166602501
0.006475431979133402
0.006427067906803433
0.006359108516891578
0.006271372151682901
0.006163760308601689
0.0060362607560446825
0.00588895036251607
0.005721997617270579
0.005535664821395751
0.0053303099291076355
0.0051063880199977195
0.004864452384049936
0.004605155202445087
0.004329247808484084
0.004037580514387129
0.003731101991261797
0.0034108581911741643
0.003077990801999558
0.0035189545005344753
0.003971340241474072
0.0044337495694302285
0.00490469941914234
0.005382626069913462
0.00586588958164313
0.00635277870724244
0.006841516273893383
0.00733026502325549
0.007817133898337722
0.008300184762352949
0.008777439532467167
0.009246887708955613
0.009706494277896209
0.010154207963177593
0.010587969801285924
0.011005722010075134
0.01140541712052928
0.011785027338407122
0.012142554100628214
0.012476037789331455
0.012783567564718084
0.013063291276100729
0.0133134254090208
0.013532265024888688
0.013718193648346986
0.013869693056474511
0.013985352923041034
0.01406388027030611
0.014104108680330383
0.014105007217452193
0.01406568901347332
0.013985419467211994
0.013863624010414528
0.01369989539258501
0.013494000438086911
0.013245886229908153
0.012955685675749293
0.012623722413609458
0.012250515015790569
0.011836780452231311
0.011383436776301867
0.01089160499864747
0.010362610117347515
0.009797981275561777
0.009199451020948558
0.008568953644464633
0.007908622579671615
0.007220786847379191
0.006507966534330807
0.0074310259299460585
0.008375858919782904
0.009339433805375797
0.010318555823096758
0.011309876518541494
0.012309904065243196
0.013315014508233029
0.01432146390825189
0.015325401357688728
0.01632288283458668
0.01730988585635165
0.018282324890129886
0.01923606747222634
0.020166950984425027
0.021070800030679973
0.021943444353384717
0.022780737224332614
0.023578574241560794
0.024332912459564465
0.025039789776882284
0.025695344501826853
0.026295835014170633
0.02683765943793594
0.027317375238080355
0.02773171865185248
0.028077623863918096
0.02835224183305917
0.028552958677323152
0.02867741352398393
0.028723515730559483
0.028689461383447065
0.02857374898147591
0.02837519421286324
0.02809294373568662
0.02772648787406609
0.027275672144781563
0.02674070753203628
0.026122179431514
0.02542105518876177
0.024638690161254837
0.023776832238260437
0.022837624757796438
0.021823607765572975
0.02073771756679092
0.019583284528034674
0.01836402909321888
0.01708405598460905
0.015747846567306167
0.014360249363249972
0.01292646870871257
0.014741459948973301
0.016595036257899865
0.018481045328223002
0.020393042946241707
0.022324313414225045
0.02426789168847347
0.026216587179028934
0.028163009148217892
0.030099593636473694
0.03201863183524436
0.0339122998182975
0.035772689534428664
0.03759184095649564
0.03936177527390273
0.04107452900815628
0.04272218892398632
0.04429692760177977
0.045791039530778066
0.04719697757665974
0.04850738967182702
0.04971515557195395
0.050813423518187024
0.05179564664084404
0.05265561893755753
0.05338751065660025
0.05398590291462098
0.054445821377249314
0.05476276883100559
0.05493275647570647
0.05495233376809497
0.054818616649762855
0.054529313995577644
0.05408275212278909
0.053477897205756554
0.052714375446831836
0.051792490860314996
0.05071324053359253
0.049478327237538075
0.04809016926698296
0.04655190740155259
0.04486740888734726
0.0430412683508435
0.041078805567916786
0.038986060023058614
0.0367697822065815
0.03443742161088298
0.031997111400593754
0.02945764974561174
0.026828477820610406
0.02411965448948062
0.02747190726685489
0.030887563588895495
0.034354933403267444
0.037861842496332114
0.04139567356740254
0.04494341018426821
0.04849168349358726
0.052026821544596605
0.05553490106977472
0.05900180155159524
0.062413261390491664
0.0657549359756054
0.06901245744696104
0.07217149592541147
0.07521782197512905
0.07813737005265593
0.08091630268659886
0.08354107512308061
0.08599850016404094
0.08827581291853294
0.09036073518128412
0.09224153914808915
0.0939071101740719
0.09534700827857634
0.09655152809943905
0.09751175699969135
0.09821963103137872
0.09866798846417012
0.09885062059079527
0.09876231952709143
0.09839892273157361
0.09775735397795228
0.0968356605239208
0.09563304623077512
0.09414990040103013
0.0923878221150812
0.09034963986315361
0.08803942628517582
0.08546250784881886
0.08262546931467887
0.0795361528573632
0.07620365173207465
0.07263829839800015
0.0688516470324338
0.06485645039290033
0.060666631008622
0.056297246707277836
0.051764450508144835
0.04708544493821867
0.04227843085367822
0.04809431258276712
0.054006457893728
0.05999406435992011
0.06603558811975704
0.07210882037938696
0.07819096837286815
0.0842587405187498
0.09028843548812159
0.09625603487615389
0.10213729914695838
0.10790786650049611
0.1135433542902205
0.11901946260142571
0.1243120795828415
0.12939738810811452
0.13425197332943073
0.13885293067283042
0.14317797381382544
0.14720554216278597
0.15091490738237762
0.15428627845408166
0.15730090480766545
0.15994117702637337
0.16219072464167203
0.16403451053462864
0.16545892146644403
0.16645185426834758
0.16700279723097194
0.16710290624547422
0.16674507526304996
0.165924000656053
0.16463623908268443
0.16288025847808954
0.16065648181763362
0.15796732332310515
0.15481721680946262
0.15121263589851516
0.14716210585640033
0.14267620684391544
0.1377675684024284
0.1324508550332367
0.12674274276465253
0.12066188663862867
0.11422887908734336
0.10746619920952294
0.10039815299643395
0.09305080459804047
0.08545189876084484
0.07763077461002035
0.06961827098960348
0.07909612845226911
0.08870831519185567
0.09842015693632443
0.10819593654157482
0.11799902623284413
0.12779202616582402
0.1375369088217673
0.14719516871660487
0.1567279768714298
0.16609633946094918
0.17526126002780565
0.18418390462409276
0.19282576921727004
0.20114884867596095
0.20911580663214335
0.216690145499966
0.22383637591808436
0.23052018487209064
0.23670860174635214
0.24237016155056737
0.24747506456554813
0.25199533165532206
0.2559049544985474
0.2591800400015881
0.2617989481683296
0.2637424227179921
0.2649937137617774
0.26553869187213414
0.26536595290471193
0.2644669129626348
0.26283589292546067
0.26047019200105814
0.2573701497974527
0.25353919645341433
0.24898389041100263
0.24371394346027475
0.23774223273582498
0.23108479939643178
0.22376083377282902
0.21579264682407595
0.20720562780019372
0.19802818806718558
0.18829169111025207
0.17803036879156806
0.16728122400013423
0.15608391989286427
0.1444806559876646
0.13251603143087617
0.12023689582243621
0.10769218804257819
0.12220059656482644
0.13687986318228745
0.1516758427337363
0.1665330537332988
0.18139489084780971
0.19620384551785092
0.2109017338996008
0.22542993125995292
0.23972961191576178
0.2537419937698544
0.2674085864618636
0.28067144212102046
0.2934734076812752
0.30575837769634606
0.3174715465740177
0.32855965913505536
0.3389712583928925
0.34865692944565146
0.35756953837231076
0.3656644650299883
0.37289982865931925
0.37923670521996206
0.38463933539819634
0.3890753222535276
0.3925158175010082
0.3949356954606762
0.39631371374493
0.3966326597987598
0.39587948245635957
0.3940454077306546
0.3911260381094618
0.3871214346932294
0.3820361815742866
0.3758794319261318
0.36866493534313205
0.36041104604593893
0.3511407116455913
0.34088144223932904
0.32966525969342536
0.317528627052259
0.3045123580983705
0.29066150717466027
0.276025239467193
0.26065668203453557
0.24461275595709175
0.22795399006695688
0.2107443168049516
0.19305085083659249
0.1749436511419888
0.15649546737613754
0.1773568719807113
0.1984135780058433
0.21958636773385945
0.2407944850698483
0.26195595322542986
0.28298790180625955
0.3038069020253325
0.32432930871230664
0.34447160774207947
0.3641507674645651
0.3832845926817921
0.40179207968862396
0.4195937708697475
0.43661210732805267
0.45277177800868673
0.4680000637785684
0.48222717492357703
0.49538658053460394
0.5074153282696182
0.5182543530015503
0.5278487728913169
0.5361481714616031
0.5431068642899213
0.5486841489890355
0.552844537198759
0.5555579673753805
0.556799997233249
0.556551974767182
0.5548011868640574
0.5515409845969692
0.5467708843852779
0.5404966442985523
0.5327303148812549
0.5234902639778787
0.5128011751444562
0.5006940193417752
0.4872059997175053
0.47238046939857603
0.45626682233090277
0.43892035732041584
0.42040211554704815
0.40077869194095267
0.38012202092775416
0.3585091371659876
0.3360219120151285
0.31274676658563955
0.28877436233325465
0.2641992702674663
0.2391196199483414
0.21363672954623675
0.24181281342242883
0.27018411392626734
0.2986420293814139
0.3270764091211603
0.35537599583194857
0.3834288773632757
0.4111229461774773
0.4383463645605948
0.46498803367051095
0.4909380644618049
0.5160882484978578
0.5403325266405178
0.5635674535957289
0.585692656290405
0.6066112840615985
0.6262304486534199
0.6444616520407368
0.6612212001308536
0.6764306004356317
0.6900169418562534
0.7019132547813893
0.7120588497663546
0.7203996331359529
0.7268883979367927
0.7314850887555715
0.7341570390179379
0.7348791794876152
0.7336342167971487
0.7304127809594946
0.7252135409332087
0.718043287442762
0.7089169823890046
0.6978577743223736
0.6848969795927111
0.6700740289337219
0.6534363793867494
0.6350393916168647
0.6149461728238632
0.5932273856006548
0.5699610232414184
0.5452321521509084
0.5191326221536815
0.49176074564752537
0.46322094668769914
0.43362338122785204
0.4030835298782529
0.3717217646722828
0.33966289145700257
0.3070356696423854
0.27397231115638976
0.3097185335039271
0.3456247434640424
0.3815514217564523
0.41735776793313983
0.4529022742908016
0.4880433075661946
0.5226396960057484
0.5565513193579894
0.5896396993044539
0.6217685878228936
0.652804550964935
0.6826175455300424
0.7110814861278065
0.7380748001421481
0.7634809681432595
0.787189047336394
0.8090941756907781
0.8290980544565337
0.847109406852843
0.8630444107958574
0.8768271036302945
0.8883897569334379
0.8976732195743962
0.904627227334221
0.9092106775235693
0.9113918671734222
0.9111486935203775
0.9084688156606677
0.903349776405687
0.8957990835357373
0.8858342498173493
0.8734827913220478
0.8587821837602208
0.841779776722009
0.822532665897004
0.8011075235255037
0.7775803875149537
0.7520364098356822
0.7245695649887849
0.6952823195157529
0.6642852636930502
0.6316967067245093
0.5976422369098178
0.5622542484269848
0.5256714365207028
0.488038263035258
0.4495043943703994
0.4102241140697225
0.37035571237387016
0.3300608551841138
0.37265905076123484
0.4153425618763755
0.457943415708553
0.5002929418896218
0.5422224665783066
0.5835640106609171
0.6241509891436788
0.6638189087792942
0.7024060609608814
0.739754206919928
0.775709252280855
0.8101219080541177
0.8428483351913827
0.8737507698811455
0.9026981268300088
0.9295665778544474
0.9542401031991699
0.9766110131013016
0.9965804372340957
1.0140587797889697
1.0289661380904138
1.0412326827835992
1.0507989977892644
1.0576163783836117
1.0616470859321803
1.0628645579850013
1.0612535726252157
1.056810366153872
1.0495427033890647
1.039469900057027
1.02662279695552
1.011043685774803
0.9927861866679973
0.9719150778695522
0.9485060778672076
0.9226455808382196
0.8944303462636992
0.8639671438351907
0.8313723549635722
0.7967715323918962
0.7602989195992064
0.722096931861597
0.6823156010085379
0.641111986075987
0.5986495522128013
0.5550975203418796
0.5106301902126841
0.46542623960552854
0.4196680025609109
0.373540729607454
0.4212236503440578
0.4688831686409372
0.5163297594129013
0.5633740589548103
0.6098276475034036
0.6555038305725894
0.7002184157545469
0.7437904816868647
0.7860431359087118
0.8268042583655956
0.8659072273731644
0.9031916249154067
0.9385039182310357
0.9716981147339271
1.002636387418306
1.0311896680172477
1.0572382053126204
1.080672086136227
1.1013917167542349
1.119308262489881
1.1343440436121006
1.1464328856991957
1.1555204228765983
1.1615643525248989
1.1645346402582097
1.1644136741823614
1.161196367656791
1.1548902100021168
1.1455152648165388
1.1331041157872423
1.1177017601071202
1.0993654498311574
1.078164481730066
1.0541799364198876
1.0275043677646447
0.9982414437636131
0.9665055403443126
0.9324212896864199
0.8961230848988685
0.8577545430624233
0.8174679288311865
0.7754235409590287
0.7317890642790472
0.6867388898159926
0.6404534058519916
0.5931182628941143
0.5449236156084855
0.4960633448881144
0.4467342633112242
0.39713530732184277
0.4472706662045671
0.49725532672189127
0.5468888759708493
0.5959720742238781
0.6443076775393592
0.6917012528923491
0.7379619823782939
0.7829034530847987
0.8263444292856018
0.8681096036824604
0.9080303245083404
0.9459452954050646
0.9817012451031617
1.0151535640581149
1.0461669053367653
1.0746157471983708
1.100384914977201
1.1233700600458394
1.1434780938207951
1.1606275749628867
1.1747490481241532
1.1857853327992045
1.1936917610515823
1.1984363631035289
1.2
1.1983764427833943
1.1935723978437371
1.185607478338703
1.1745141218079431
1.1603374543357359
1.1431351018440181
1.1229769493232133
1.0999448490302701
1.0741322789006607
1.0456439526331682
1.0145953831117147
0.9811124010269927
0.9453306307507019
0.9073949256967152
0.8674587655744979
0.8256836181018959
0.7822382678934338
0.7372981153791153
0.6910444487334804
0.6436636919082966
0.5953466319605948
0.5462876289537676
0.4966838117802451
0.4467342633112214
0.39663919832041267
0.44615388609583373
0.49539411120689464
0.5441612563226457
0.592258864627234
0.6394934458931636
0.6856752690558168
0.7306191379668288
0.7741451470814299
0.8160794139242347
0.8562547852828709
0.8945115141948032
0.9306979049229249
0.9646709232558057
0.9962967696217799
1.0254514126685261
1.0520210811329413
1.075902712007841
1.0970043532024096
1.115245519090682
1.1305574975465977
1.1428836072737556
1.1521794044526674
1.15841283794616
1.1615643525248995
1.1616269397975674
1.1586061367540517
1.1525199720534447
1.1433988604111365
1.1312854456596837
1.1162343932753835
1.0983121333760473
1.0775965554037823
1.0541766559094872
1.0281521410517138
0.9996329856113164
0.9687389505034092
0.9355990609396356
0.9003510475550646
0.8631407529653524
0.8241215063592986
0.7834534688609699
0.7413029525109324
0.6978417158204244
0.653246238941926
0.6076969815775622
0.5613776268092441
0.5144743140844876
0.46717486462679747
0.41966800256091386
0.3721425750496861
0.41807629031979643
0.4636377935508045
0.5086426107700229
0.5529092098949245
0.596259736821147
0.6385207333610532
0.6795238340774098
0.719106439158712
0.7571123605950337
0.793392439038851
0.8278051288698285
0.8602170491289213
0.8905034981413239
0.9185489298123496
0.9442473897515983
0.9675029095600559
0.9882298578000466
1.0063532463591753
1.021808991114963
1.0345441260066033
1.044516969822761
1.0516972452190714
1.0560661496847201
1.0576163783836119
1.0563520990010655
1.0522888789309333
1.0454535653395065
1.0358841188408505
1.0236294017123673
1.008748921768456
0.9913125331937402
0.9714000958140685
0.9491010944532938
0.9245142201854207
0.8977469154449227
0.8689148851016708
0.8381415757411007
0.8055576255137249
0.7713002870310839
0.7355128258864881
0.6983438974690315
0.6599469048169824
0.6204793403225894
0.5801021141529021
0.5389788722924768
0.4972753071407102
0.45515846361229234
0.41279604369055994
0.3703557123738682
0.3280044079310424
0.3680298056849153
0.40762744409788537
0.4466367524886649
0.4849005462533613
0.5222656529710371
0.5585835178659917
0.5937107862046948
0.6275098603184767
0.6598494290660083
0.6906049676807712
0.7196592060883569
0.7469025639249397
0.7722335506418676
0.7955591292405635
0.8167950423467608
0.835866099502006
0.8527064247233352
0.867259663557649
0.8794791490354904
0.8893280261078315
0.8967793343297149
0.9018160487339151
0.9044310790166762
0.9046272273342215
0.9024171051832591
0.8978230100096676
0.8908767623566415
0.8816195045259986
0.8701014618833094
0.8563816680885653
0.8405276556784177
0.8226151135632764
0.8027275131318456
0.7809557047769503
0.7573974867688088
0.7321571485053625
0.7053449902626825
0.6770768216528061
0.6474734410695465
0.6166600984666338
0.5847659438646917
0.551923464026134
0.5182679097675741
0.4839367163999859
0.44906891979589847
0.41380457058159803
0.3782841489397261
0.3426479824850232
0.30703566964238005
0.2715855109130978
0.3043456093745433
0.33667013733788353
0.36842811942881054
0.39949202822970525
0.4297382799768281
0.45904770950160945
0.4873060225932879
0.5144042240715935
0.5402390199772907
0.5647131924120944
0.5877359456896504
0.60922322259311
0.6290979896732568
0.6472904906626313
0.6637384672255967
0.6783873464105349
0.6911903943182994
0.7021088356495235
0.7111119389422584
0.718177067459269
0.7232896958315531
0.7264433927095448
0.727639769816342
0.7268883979367923
0.7242066905124485
0.7196197556441987
0.7131602174315482
0.7048680076994863
0.6947901292800659
0.6829803921259459
0.6694991236365827
0.6544128546743774
0.6377939828371866
0.6197204146352966
0.600275188294498
0.5795460789725726
0.55762518823334
0.5346085196714058
0.5105955426202623
0.4856887459080016
0.45999318364684516
0.4336160150567913
0.40666604032801434
0.37925323452311616
0.3514882815076218
0.3234821098763659
0.2953454328139628
0.2671882937905034
0.23911961994834321
0.2112467849834003
0.23643277749298208
0.261217561754929
0.2855010280581621
0.3091862390279216
0.332179794545649
0.3543921778394484
0.37573808149218435
0.39613671221339214
0.41551207332517426
0.43379322401865167
0.450914514547787
0.4668157966392542
0.48144260851120235
0.49474633400903156
0.5066843354825946
0.5172200601456217
0.5263231197745157
0.5339693437191826
0.5401408053129957
0.5448258218815858
0.5480189286606856
0.5497208270411057
0.5499383076637778
0.5486841489890354
0.5459769920618079
0.5418411922875216
0.5363066491220344
0.529408614662522
0.5211874822045147
0.511688555903075
0.5009618027430343
0.48906158808420164
0.4760463961021752
0.46197853649367027
0.44692383885730297
0.43095133619578824
0.4141329390142325
0.3965431015108904
0.37825848137196216
0.35935759469020123
0.3399204675289315
0.32002828564802105
0.2997630438970712
0.27920719676312516
0.25844331153637623
0.237553725527196
0.21662020873214988
0.19572363330495302
0.17494365114199265
0.15435838083979012
0.17254601052690668
0.19039552711504198
0.20783523575315085
0.22479610933442287
0.24121203794465668
0.25702006272554206
0.2721605933729816
0.2865776085712294
0.30021883874596655
0.3130359306035496
0.32498459300879196
0.3360247238397251
0.3461205175440771
0.35524055320866493
0.36335786303886497
0.3704499812307675
0.37649897330261034
0.3814914460350543
0.3854185382506479
0.38827589274179897
0.3900636097328357
0.3907861823355035
0.3904524145278167
0.3890753222535276
0.3866720183033003
0.38326358169868685
0.3788749123560776
0.3735345718596585
0.36727461122000654
0.3601303865379612
0.35214036353195977
0.3433459119206902
0.33379109068199364
0.3235224252329413
0.3125886775954217
0.3010406106257482
0.28893074739644753
0.27631312682279663
0.2632430566267213
0.24977686472551663
0.23597165012346033
0.22188503437018006
0.20757491463125063
0.19309921939362373
0.17851566780177947
0.16388153358963814
0.1492534145389333
0.13468700835655925
0.12023689582243882
0.10595633201481758
0.11829292085752928
0.13036701043686572
0.14213049720612975
0.15353734243580514
0.1645437302343078
0.17510821371978005
0.185191848910464
0.1947583159609796
0.20377402743188716
0.21220822334062206
0.22003305280259122
0.22722364213190915
0.23375814933140945
0.23961780496117074
0.24478693943340746
0.2492529968391709
0.2530065354682839
0.25604121523858997
0.2583537723031633
0.25994398115488926
0.2608146045961829
0.2609713319877491
0.2604227062337543
0.25918004000158784
0.25725732171237364
0.2546711118733854
0.2514404303554869
0.24758663524748759
0.24313329394491517
0.23810604715294714
0.23253246650224876
0.2264419064920275
0.21986535148690503
0.21283525850300186
0.20538539652426555
0.1975506830921669
0.18936701891095978
0.18087112120629886
0.17210035656777536
0.16309257399533322
0.1538859388562549
0.1445187684430925
0.13502936980404406
0.12545588049564727
0.11583611288375605
0.10620740259240544
0.09660646167180202
0.08706923702616842
0.0776307746100211
0.06832508986751284
0.07618494938855488
0.08385621701782064
0.09130865952110823
0.09851352128032152
0.10544361680305786
0.1120734149217897
0.11837911447574119
0.12433871130914813
0.12993205645991907
0.13514090545296692
0.13994895865240745
0.14434189266608502
0.14830738283465145
0.15183511687510914
0.1549167997856467
0.1575461501541892
0.15971888804749576
0.16143271469060258
0.16268728417786987
0.16348416748669367
0.16382680909301753
0.16372047651402963
0.16317220312776268
0.1621907246416722
0.160786409602566
0.15897118435849322
0.15675845289926374
0.15416301201620325
0.15120096223345977
0.14788961497274006
0.14424739642065657
0.14029374857306595
0.1360490279337163
0.1315344023454109
0.12677174643060865
0.1217835361151047
0.11659274270308703
0.11122272696465453
0.1056971336877268
0.10003978713540747
0.09427458783719067
0.08842541112820931
0.08251600783491372
0.07656990748842772
0.07061032442822855
0.06466006713918179
0.05874145114400316
0.05287621575151135
0.04708544493821854
0.04138949261747642
0.046093130625108815
0.050670993676344776
0.05510528510575839
0.05937918895210702
0.06347691980354693
0.06738376725034943
0.07108613486639292
0.07457157366595182
0.07782881000731177
0.0808477679393098
0.08361958601101674
0.0861366285882833
0.08839249174375013
0.09038200380894063
0.0921012206983517
0.09354741613571349
0.09471906693195481
0.09561583348262216
0.09623853566968743
0.09658912436863072
0.09667064877645022
0.0964872197897618
0.09604396967436711
0.09534700827857631
0.09440337605213354
0.0932209941408261
0.09180861183370785
0.09017575164538709
0.08833265231996487
0.08629021004603782
0.08405991817363562
0.08165380572417108
0.07908437498334527
0.07636453846463942
0.07350755552743078
0.07052696892909371
0.06743654158456204
0.06425019379995221
0.06098194123889472
0.05764583387135975
0.054255896144947934
0.050826068608029164
0.04737015120269157
0.043901748433405316
0.040434216604525425
0.0369806133065366
0.03355364931708676
0.030165643068721416
0.026828477820610333
0.023553561656805274
0.02619749848660148
0.02876339667562369
0.031241446602389665
0.03362244367977013
0.03589781291919633
0.0380596302511883
0.040100640585312285
0.04201427260720853
0.04379465032456597
0.0454366013877499
0.0469356622242115
0.048288080038730356
0.049490811743971574
0.05054151989764194
0.051438565733796
0.05218099938639671
0.05276854741317174
0.05320159773698246
0.05348118213042167
0.05360895637706625
0.053587178249772834
0.053418683452583736
0.05310685967819768
0.05265561893755753
0.0520693683219004
0.05135297936062634
0.050511756140550854
0.04955140235354725
0.04847798744024468
0.04729791199737144
0.04601787261549904
0.04464482631242514
0.04318595472518996
0.04164862822085534
0.04004037008262821
0.03836882092381261
0.036641703477350726
0.034866787903498155
0.03305185775244091
0.03120467671245545
0.029332956267614282
0.02744432438200512
0.025546295320119608
0.023646240705382113
0.021751361910903017
0.01986866386839205
0.01800493037287273
0.016166700952374005
0.014360249363250237
0.012591563763168365
0.013987497971254313
0.01533831014816808
0.01663893831202731
0.01788466802041575
0.019071143329501095
0.020194375941992554
0.02125075255042459
0.02223704038999238
0.02315039102259228
0.023988342380914365
0.02474881910827011
0.02543013123639078
0.02603097124959633
0.026550409589547255
0.026987888660210416
0.02734321539769178
0.027616552474191872
0.027808408209522403
0.02791962526737334
0.027951368216833927
0.027905110042543462
0.027782617689277235
0.02758593672876399
0.027317375238080352
0.026979486980082675
0.026575053977022787
0.02610706856876307
0.02557871504685729
0.024993350955225046
0.02435448814721156
0.023665773687527234
0.022930970685895644
0.02215393914724589
0.02133861692095502
0.02048900082902865
0.019609128050191566
0.018703057833694997
0.017774853613224083
0.016828565587662644
0.015868213831630864
0.01489777199471141
0.013921151644102618
0.012942187301162266
0.011964622217884004
0.010992094934880058
0.010028126657874474
0.00907610948514012
0.008139295513682655
0.007220786847379273
0.006323526525684337
0.007015794248491203
0.007683718656506347
0.00832485509737081
0.008936945021883752
0.009517920329616202
0.010065906774918278
0.010579226444610446
0.011056399322425262
0.011496143958843933
0.011897377268393189
0.012259213479672555
0.012580962266409966
0.012862126090640675
0.013102396791704241
0.013301651457115114
0.013459947613513424
0.013577517777812709
0.013654763410344422
0.013692248313250359
0.013690691518590559
0.013650959711620867
0.013574059235449538
0.013461127723813426
0.0133134254090208
0.013132326152197915
0.012919308242853903
0.012675945014451878
0.012403895322147125
0.012104893928139486
0.011780741839187089
0.011433296639762542
0.011064462863095844
0.010676182440969056
0.010270425271595602
0.009849179943264072
0.00941444464964538
0.008968218330779891
0.008512492071774538
0.008049240789176184
0.0075804152328428805
0.007107934328936349
0.006633677887399685
0.006159479695002219
0.005687121012705951
0.005218324493783316
0.004754748536768282
0.004297982084999795
0.00384953988219108
0.003410858191174183
0.0029832909807104594
0.0033057518252483592
0.0036159464384276484
0.003912770261857923
0.004195211730010809
0.004462353744235194
0.004713374693617748
0.004947549031879725
0.00516424742118704
0.005362936455334637
0.005543177976252233
0.005704627999149335
0.005847035262889224
0.005970239423331367
0.006074168908425901
0.006158838454765393
0.006224346346111227
0.0062708713751038975
0.006298669549943553
0.006308070568291155
0.006299474080988532
0.006273345768434617
0.00623021325258231
0.0061706618675434755
0.006095330311707635
0.006004906204098628
0.005900121567416603
0.005781748259842943
0.005650593377230481
0.005507494646760695
0.005353315832534924
0.0051889421728754685
0.005015275868358181
0.004833231638778445
0.004643732366380597
0.004447704841754005
0.004246075627833289
0.00403976705642907
0.0038296933706782068
0.0036167570257306107
0.003401845158903857
0.0031858262394270226
0.0029695469067815192
0.0027538290055229885
0.00253946682334834
0.0023272245380533915
0.002117833877922
0.0019119919989938818
0.0017103595815873072
0.0015135591474015506
0.0013221735975039119
0.0014632557643515008
0.0015985606490728885
0.0017276215396600065
0.0018500151174261183
0.0019653618425645525
0.002073326136484981
0.002173616366728383
0.0022659846409490998
0.0023502264170935806
0.0024261799374897994
0.0024937254950945036
0.002552784540623274
0.002603318639712342
0.0026453282896294265
0.002678851605364845
0.0027039628851937506
0.0027207710660061917
0.0027294180788543275
0.0027300771152668625
0.00272295081493092
0.00270826938534251
0.002686288663979388
0.0026572881334576445
0.002621568899996372
0.002579451645335884
0.0025312745620366395
0.0024773912818297655
0.002418168806399427
0.002353985449653196
0.0022852288001836015
0.002212293712242202
0.0021355803331425402
0.0020554921745795118
0.0019724342349062276
0.0018868111789442819
0.001799025581426058
0.0017094762396771645
0.0016185565606495014
0.001526653026909381
0.0014341437456782092
0.0013413970845116024
0.001248770396695642
0.001156608838931765
0.0010652442833835461
0.0009749943256645853
0.0008861613898650818
0.0007990319312425675
0.0007138757367447897
0.0006309453230886879
0.0005504754316932814
0.0006084527184374472
0.0006638849783008318
0.0007165878925039971
0.0007663960629857388
0.0008131630566716391
0.0008567613649974852
0.0008970822818201187
0.0009340357031039061
0.0009675498520048255
0.0009975709331813277
0.0010240627203457506
0.0010470060812282369
0.001066398444260679
0.0010822532113982971
0.0010945991215833121
0.0011034795694184962
0.0011089518836588077
0.0011110865701475145
0.0011099665238196443
0.001105686214371496
0.0010983508501507249
0.001088075524758116
0.0010749843507708366
0.001059209584898466
0.0010408907487684017
0.001020173749407882
0.0009972100033462197
0.0009721555681050469
0.0009451702846763699
0.0009164169344106071
0.0008860604135491786
0.0008542669284413976
0.0008212032142830255
0.0007870357800065175
0.0007519301817404152
0.0007160503270401411
0.0006795578118742669
0.0006426112921316951
0.0006053658911955082
0.0005679726449115914
0.0005305779850630039
0.0004933232622480286
0.0004563443088491239
0.00041977104257508125
0.00038372711085794467
0.0003483295761919059
0.00031368864231418986
0.0002799074209469014
0.00024708173864694663
0.00021529998314627613
0.00023767856832121817
0.00025900798957938914
0.0002792202533686538
0.0002982550788359132
0.0003160598679402873
0.00033258964271507273
0.00034780695118041935
0.0003616817434946547
0.00037419122000759527
0.0003853196529443814
0.00039505818350309304
0.0004034045961941261
0.00041036307228391075
0.00041594392423060703
0.00042016331301453116
0.00042304295027242395
0.0004246097871416575
0.00042489569170921953
0.0004239371169405325
0.0004217747609358185
0.00041845322132684525
0.00041402064558498046
0.0004085283789632551
0.0004020306117406386
0.00039458402737684923
0.00038624745312088065
0.0003770815145468901
0.00036714829541721286
0.0003565110041950417
0.00034523364844870485
0.00033338071830652834
0.00032101688003582224
0.00030820668073286634
0.0002950142650223779
0.0002815031045763481
0.0002677357411726572
0.0002537735439250975
0.00023967648122759895
0.00022550290786800417
0.00021130936768020867
0.0001971504120188578
0.0001830784342578592
0.0001691435204335605
0.00015539331607534543
0.0001418729091913388
0.00012862472930465942
0.00011568846236692816
0.00010310098131023234
9.089629193710637e-05
7.910549378990947e-05
8.721873925845815e-05
9.492706966310701e-05
0.00010220707567421393
0.0001090382883288561
0.00011540315012553319
0.00012128697428762152
0.0001266778928468154
0.00013156679422309493
0.00013594725099888284
0.00013981543860219601
0.00014317004562673088
0.00014601217652612957
0.00014834524742519703
0.00015017487579278033
0.00015150876471939738
0.00015235658253776429
0.00015272983851623092
0.00015264175534396591
0.00015210713911265213
0.00015114224748276225
0.00014976465670324008
0.00014799312813186305
0.00014584747487991266
0.00014334842917916864
0.0001405175110419551
0.00013737689875605808
0.00013394930172619117
0.0001302578361422941
0.0001263259039226887
0.00012217707534700856
0.00011783497576022324
0.00011332317669496024
0.00010866509172512277
0.00010388387732939158
9.900233900902993e-05
9.40428428703654e-05
8.902723284882627e-05
8.39767537183044e-05
7.89119799973494e-05
7.385275083206365e-05
6.881811090503069e-05
6.382625738990582e-05
5.889449294287668e-05
5.403918469485539e-05
4.9275729182311834e-05
4.4618523129940834e-05
4.0080939975172306e-05
3.567531200270285e-05
3.141291793700078e-05
2.730397582192875e-05
3.0066728880069998e-05
3.268312563292603e-05
3.5145651887738976e-05
3.744784218033942e-05
3.9584263430007055e-05
4.155049463944501e-05
4.334310289772798e-05
4.4959615950358786e-05
4.6398491605259564e-05
4.765908424686634e-05
4.874160873237532e-05
4.9647101944741203e-05
5.0377382276288345e-05
5.093500731480917e-05
5.132323000086544e-05
5.1545953520724525e-05
5.1607685194045575e-05
5.1513489609130893e-05
5.126894125133464e-05
5.08800768621848e-05
5.035334775795604e-05
4.9695572326930034e-05
4.8913888914456404e-05
4.801570929426972e-05
4.700867291337234e-05
4.590060208627104e-05
4.469945830247932e-05
4.3413299799088474e-05
4.205024053788478e-05
4.061841071406878e-05
3.912591891111387e-05
3.7580816003823745e-05
3.599106089918365e-05
3.436448819229912e-05
3.270877780253111e-05
3.1031426643015115e-05
2.933972236505804e-05
2.764071920754999e-05
2.594121597048887e-05
2.4247736121096465e-05
2.2566510030765848e-05
2.0903459331329784e-05
1.9264183369817073e-05
1.7653947732097596e-05
1.6077674797505138e-05
1.4539936278812422e-05
1.3044947694706726e-05
1.1596564715308633e-05
1.0198281315172603e-05
8.853229662735118e-06
9.736865100482405e-06
1.0570941925560136e-05
1.1353214378379269e-05
1.2081786729259982e-05
1.2755105861275328e-05
1.337195262780183e-05
1.3931432078602556e-05
1.44329626493803e-05
1.4876264410361818e-05
1.5261346469619997e-05
1.558849362654132e-05
1.5858252370095355e-05
1.6071416315425207e-05
1.622901117073188e-05
1.6332279324534204e-05
1.6382664141140466e-05
1.638179404962573e-05
1.6331466508768962e-05
1.623363192730705e-05
1.6090377615533786e-05
1.5903911840730513e-05
1.5676548055195248e-05
1.5410689361755806e-05
1.5108813277645722e-05
1.4773456853502234e-05
1.440720220004898e-05
1.40126624707655e-05
1.3592468344555205e-05
1.3149255048109843e-05
1.2685649953373548e-05
1.2204260781228113e-05
1.170766443829879e-05
1.1198396509608586e-05
1.0678941425732037e-05
1.0151723319103941e-05
9.619097580269324e-06
9.083343121102255e-06
8.546655348410892e-06
8.011139847872913e-06
7.478806774939603e-06
6.951565946197202e-06
6.4312226217083425e-06
5.91947396605825e-06
5.417906173229302e-06
4.927992238004458e-06
4.4510903543786915e-06
3.988442919417087e-06
3.5411761191692664e-06
3.110300071595579e-06
2.6967095000183845e-06
2.9621614089156875e-06
3.2118879447054874e-06
3.445265290752266e-06
3.6617789806849877e-06
3.861020980219833e-06
4.042686417884452e-06
4.206569996129929e-06
4.352562114358563e-06
4.480644735276448e-06
4.5908870257287535e-06
4.683440802780957e-06
4.758535815291077e-06
4.816474890579578e-06
4.857628975056252e-06
4.882432096813556e-06
4.891376277252233e-06
4.8850064177791125e-06
4.863915186514535e-06
4.828737928778441e-06
4.780147623896706e-06
4.718849909594395e-06
4.645578193925178e-06
4.5610888733363195e-06
4.466156674094198e-06
4.361570132904214e-06
4.248127231156823e-06
4.1266311958287525e-06
3.99788647866746e-06
3.862694923900375e-06
3.7218521333367403e-06
3.576144036382477e-06
3.4263436711658315e-06
3.2732081816858678e-06
3.117476034643533e-06
2.9598644584085166e-06
2.801067105410411e-06
2.6417519381314555e-06
2.482559337814853e-06
2.3241004339967648e-06
2.166955652019229e-06
2.011673474792042e-06
1.858769414238299e-06
1.708725187091826e-06
1.5619880890033055e-06
1.4189705602724177e-06
1.280049935936154e-06
1.1455683724273416e-06
0.0
0.0
0.0
0.0
0.0
0.0
0.0
0.0
0.0
0.0
0.0
0.0
0.0
0.0
0.0
0.0
0.0
0.0
0.0
0.0
0.0
0.0
0.0
0.0
0.0
0.0
0.0
0.0
0.0
0.0
0.0
0.0
0.0
0.0
0.0
0.0
0.0
0.0
0.0
0.0
0.0
0.0
0.0
0.0
0.0
0.0
0.0
0.0
0.0
0.0
0.0
0.0
0.0
0.0
0.0
0.0
0.0
0.0
0.0
0.0
0.0
0.0
0.0
0.0
0.0
0.0
0.0
0.0
0.0
0.0
0.0
0.0
0.0
0.0
0.0
0.0
0.0
0.0
0.0
0.0
0.0
0.0
0.0
0.0
0.0
0.0
0.0
0.0
0.0
0.0
0.0
0.0
0.0
0.0
0.0
0.0
0.0
0.0
0.0
0.0
0.0
0.0
0.0
0.0
0.0
0.0
0.0
0.0
0.0
0.0
0.0
0.0
0.0
0.0
0.0
0.0
0.0
0.0
0.0
0.0
0.0
0.0
0.0
0.0
0.0
0.0
0.0
0.0
0.0
0.0
0.0
0.0
0.0
0.0
0.0
0.0
0.0
0.0
0.0
0.0
0.0
0.0
0.0
0.0
0.0
0.0
0.0
0.0
0.0
0.0
0.0
0.0
0.0
0.0
0.0
0.0
0.0
0.0
0.0
0.0
0.0
0.0
0.0
0.0
0.0
0.0
0.0
0.0
0.0
0.0
0.0
0.0
0.0
0.0
0.0
0.0
0.0
0.0
0.0
0.0
0.0
0.0
0.0
0.0
0.0
0.0
0.0
0.0
0.0
0.0
0.0
0.0
0.0
0.0
0.0
0.0
0.0
0.0
0.0
0.0
0.0
0.0
0.0
0.0
0.0
0.0
0.0
0.0
0.0
0.0
0.0
0.0
0.0
0.0
0.0
0.0
0.0
0.0
0.0
0.0
0.0
0.0
0.0
0.0
0.0
0.0
0.0
0.0
0.0
0.0
0.0
0.0
0.0
0.0
0.0
0.0
0.0
0.0
0.0
0.0
0.0
0.0
0.0
0.0
0.0
0.0
0.0
0.0
0.0
0.0
0.0
0.0
0.0
0.0
0.0
0.0
0.0
0.0
0.0
0.0
0.0
0.0
0.0
0.0
0.0
0.0
0.0
0.0
0.0
0.0
0.0
0.0
0.0
0.0
0.0
0.0
0.0
0.0
0.0
0.0
0.0
0.0
0.0
0.0
0.0
0.0
0.0
0.0
0.0
0.0
0.0
0.0
0.0
0.0
0.0
0.0
0.0
0.0
0.0
0.0
0.0
0.0
0.0
0.0
0.0
0.0
0.0
0.0
0.0
0.0
0.0
0.0
0.0
0.0
0.0
0.0
0.0
0.0
0.0
0.0
0.0
0.0
0.0
0.0
0.0
0.0
0.0
0.0
0.0
0.0
0.0
0.0
0.0
0.0
0.0
0.0
0.0
0.0
0.0
0.0
0.0
0.0
0.0
0.0
0.0
0.0
0.0
0.0
0.0
0.0
0.0
0.0
0.0
0.0
0.0
0.0
0.0
0.0
0.0
0.0
0.0
0.0
0.0
0.0
0.0
0.0
0.0
0.0
0.0
0.0
0.0
0.0
0.0
0.0
0.0
0.0
0.0
0.0
0.0
0.0
0.0
0.0
0.0
0.0
0.0
0.0
0.0
0.0
0.0
0.0
0.0
0.0
0.0
0.0
0.0
0.0
0.0
0.0
0.0
0.0
0.0
0.0
0.0
0.0
0.0
0.0
0.0
0.0
0.0
0.0
0.0
0.0
0.0
0.0
0.0
0.0
0.0
0.0
0.0
0.0
0.0
0.0
0.0
0.0
0.0
0.0
0.0
0.0
0.0
0.0
0.0
0.0
0.0
0.0
0.0
0.0
0.0
0.0
0.0
0.0
0.0
0.0
0.0
0.0
0.0
0.0
0.0
0.0
0.0
0.0
0.0
0.0
0.0
0.0
0.0
0.0
0.0
0.0
0.0
0.0
0.0
0.0
0.0
0.0
0.0
0.0
0.0
0.0
0.0
0.0
0.0
0.0
0.0
0.0
0.0
0.0
0.0
0.0
0.0
0.0
0.0
0.0
0.0
0.0
0.0
0.0
0.0
0.0
0.0
0.0
0.0
0.0
0.0
0.0
0.0
0.0
0.0
0.0
0.0
0.0
0.0
0.0
0.0
0.0
0.0
0.0
0.0
0.0
0.0
0.0
0.0
0.0
0.0
0.0
0.0
0.0
0.0
0.0
0.0
0.0
0.0
0.0
0.0
0.0
0.0
0.0
0.0
0.0
0.0
0.0
0.0
0.0
0.0
0.0
0.0
0.0
0.0
0.0
0.0
0.0
0.0
0.0
0.0
0.0
0.0
0.0
0.0
0.0
0.0
0.0
0.0
0.0
0.0
0.0
0.0
0.0
0.0
0.0
0.0
0.0
0.0
0.0
0.0
0.0
0.0
0.0
0.0
0.0
0.0
0.0
0.0
0.0
0.0
0.0
0.0
0.0
0.0
0.0
0.0
0.0
0.0
0.0
0.0
0.0
0.0
0.0
0.0
0.0
0.0
0.0
0.0
0.0
0.0
0.0
0.0
0.0
0.0
0.0
0.0
0.0
0.0
0.0
0.0
0.0
0.0
0.0
0.0
0.0
0.0
0.0
0.0
0.0
0.0
0.0
0.0
0.0
0.0
0.0
0.0
0.0
0.0
0.0
0.0
0.0
0.0
0.0
0.0
0.0
0.0
0.0
0.0
0.0
0.0
0.0
0.0
0.0
0.0
0.0
0.0
0.0
0.0
0.0
0.0
0.0
0.0
0.0
0.0
0.0
0.0
0.0
0.0
0.0
0.0
0.0
0.0
0.0
0.0
0.0
0.0
0.0
0.0
0.0
0.0
0.0
0.0
0.0
0.0
0.0
0.0
0.0
0.0
0.0
0.0
0.0
0.0
0.0
0.0
0.0
0.0
0.0
0.0
0.0
0.0
0.0
0.0
0.0
0.0
0.0
0.0
0.0
0.0
0.0
0.0
0.0
0.0
0.0
0.0
0.0
0.0
0.0
0.0
0.0
0.0
0.0
0.0
0.0
0.0
0.0
0.0
0.0
0.0
0.0
0.0
0.0
0.0
0.0
0.0
0.0
0.0
0.0
0.0
0.0
0.0
0.0
0.0
0.0
0.0
0.0
0.0
0.0
0.0
0.0
0.0
0.0
0.0
0.0
0.0
0.0
0.0
0.0
0.0
0.0
0.0
0.0
0.0
0.0
0.0
0.0
0.0
0.0
0.0
0.0
0.0
0.0
0.0
0.0
0.0
0.0
0.0
0.0
0.0
0.0
0.0
0.0
0.0
0.0
0.0
0.0
0.0
0.0
0.0
0.0
0.0
0.0
0.0
0.0
0.0
0.0
0.0
0.0
0.0
0.0
0.0
0.0
0.0
0.0
0.0
0.0
0.0
0.0
0.0
0.0
0.0
0.0
0.0
0.0
0.0
0.0
0.0
0.0
0.0
0.0
0.0
0.0
0.0
0.0
0.0
0.0
0.0
0.0
0.0
0.0
0.0
0.0
0.0
0.0
0.0
0.0
0.0
0.0
0.0
0.0
0.0
0.0
0.0
0.0
0.0
0.0
0.0
0.0
0.0
0.0
0.0
0.0
0.0
0.0
0.0
0.0
0.0
0.0
0.0
0.0
0.0
0.0
0.0
0.0
0.0
0.0
0.0
0.0
0.0
0.0
0.0
0.0
0.0
0.0
0.0
0.0
0.0
0.0
0.0
0.0
0.0
0.0
0.0
0.0
0.0
0.0
0.0
0.0
0.0
0.0
0.0
0.0
0.0
0.0
0.0
0.0
0.0
0.0
0.0
0.0
0.0
0.0
0.0
0.0
0.0
0.0
0.0
0.0
0.0
0.0
0.0
0.0
0.0
0.0
0.0
0.0
0.0
0.0
0.0
0.0
0.0
0.0
0.0
0.0
0.0
0.0
0.0
0.0
0.0
0.0
0.0
0.0
0.0
0.0
0.0
0.0
0.0
0.0
0.0
0.0
0.0
0.0
0.0
0.0
0.0
0.0
0.0
0.0
0.0
0.0
0.0
0.0
0.0
0.0
0.0
0.0
0.0
0.0
0.0
0.0
0.0
0.0
0.0
0.0
0.0
0.0
0.0
0.0
0.0
0.0
0.0
0.0
0.0
0.0
0.0
0.0
0.0
0.0
0.0
0.0
0.0
0.0
0.0
0.0
0.0
0.0
0.0
0.0
0.0
0.0
0.0
0.0
0.0
0.0
0.0
0.0
0.0
0.0
0.0
0.0
0.0
0.0
0.0
0.0
0.0
0.0
0.0
0.0
0.0
0.0
0.0
0.0
0.0
0.0
0.0
0.0
0.0
0.0
0.0
0.0
0.0
0.0
0.0
0.0
0.0
0.0
0.0
0.0
0.0
0.0
0.0
0.0
0.0
0.0
0.0
0.0
0.0
0.0
0.0
0.0
0.0
0.0
0.0
0.0
0.0
0.0
0.0
0.0
0.0
0.0
0.0
0.0
0.0
0.0
0.0
0.0
0.0
0.0
0.0
0.0
0.0
0.0
0.0
0.0
0.0
0.0
0.0
0.0
0.0
0.0
0.0
0.0
0.0
0.0
0.0
0.0
0.0
0.0
0.0
0.0
0.0
0.0
0.0
0.0
0.0
0.0
0.0
0.0
0.0
0.0
0.0
0.0
0.0
0.0
0.0
0.0
0.0
0.0
0.0
0.0
0.0
0.0
0.0
0.0
0.0
0.0
0.0
0.0
0.0
0.0
0.0
0.0
0.0
0.0
0.0
0.0
0.0
0.0
0.0
0.0
0.0
0.0
0.0
0.0
0.0
0.0
0.0
0.0
0.0
0.0
0.0
0.0
0.0
0.0
0.0
0.0
0.0
0.0
0.0
0.0
0.0
0.0
0.0
0.0
0.0
0.0
0.0
0.0
0.0
0.0
0.0
0.0
0.0
0.0
0.0
0.0
0.0
0.0
0.0
0.0
0.0
0.0
0.0
0.0
0.0
0.0
0.0
0.0
0.0
0.0
0.0
0.0
0.0
0.0
0.0
0.0
0.0
0.0
0.0
0.0
0.0
0.0
0.0
0.0
0.0
0.0
0.0
0.0
0.0
0.0
0.0
0.0
0.0
0.0
0.0
0.0
0.0
0.0
0.0
0.0
0.0
0.0
0.0
0.0
0.0
0.0
0.0
0.0
0.0
0.0
0.0
0.0
0.0
0.0
0.0
0.0
0.0
0.0
0.0
0.0
0.0
0.0
0.0
0.0
0.0
0.0
0.0
0.0
0.0
0.0
0.0
0.0
0.0
0.0
0.0
0.0
0.0
0.0
0.0
0.0
0.0
0.0
0.0
0.0
0.0
0.0
0.0
0.0
0.0
0.0
0.0
0.0
0.0
0.0
0.0
0.0
0.0
0.0
0.0
0.0
0.0
0.0
0.0
0.0
0.0
0.0
0.0
0.0
0.0
0.0
0.0
0.0
0.0
0.0
0.0
0.0
0.0
0.0
0.0
0.0
0.0
0.0
0.0
0.0
0.0
0.0
0.0
0.0
0.0
0.0
0.0
0.0
0.0
0.0
0.0
0.0
0.0
0.0
0.0
0.0
0.0
0.0
0.0
0.0
0.0
0.0
0.0
0.0
0.0
0.0
0.0
0.0
0.0
0.0
0.0
0.0
0.0
0.0
0.0
0.0
0.0
0.0
0.0
0.0
0.0
0.0
0.0
0.0
0.0
0.0
0.0
0.0
0.0
0.0
0.0
0.0
0.0
0.0
0.0
0.0
0.0
0.0
0.0
0.0
0.0
0.0
0.0
0.0
0.0
0.0
0.0
0.0
0.0
0.0
0.0
0.0
0.0
0.0
0.0
0.0
0.0
0.0
0.0
0.0
0.0
0.0
0.0
0.0
0.0
0.0
0.0
0.0
0.0
0.0
0.0
0.0
0.0
0.0
0.0
0.0
0.0
0.0
0.0
0.0
0.0
0.0
0.0
0.0
0.0
0.0
0.0
0.0
0.0
0.0
0.0
0.0
0.0
0.0
0.0
0.0
0.0
0.0
0.0
0.0
0.0
0.0
0.0
0.0
0.0
0.0
0.0
0.0
0.0
0.0
0.0
0.0
0.0
0.0
0.0
0.0
0.0
0.0
0.0
0.0
0.0
0.0
0.0
0.0
0.0
0.0
0.0
0.0
0.0
0.0
0.0
0.0
0.0
0.0
0.0
0.0
0.0
0.0
0.0
0.0
0.0
0.0
0.0
0.0
0.0
0.0
0.0
0.0
0.0
0.0
0.0
0.0
0.0
0.0
0.0
0.0
0.0
0.0
0.0
0.0
0.0
0.0
0.0
0.0
0.0
0.0
0.0
0.0
0.0
0.0
0.0
0.0
0.0
0.0
0.0
0.0
0.0
0.0
0.0
0.0
0.0
0.0
0.0
0.0
0.0
0.0
0.0
0.0
0.0
0.0
0.0
0.0
0.0
0.0
0.0
0.0
0.0
0.0
0.0
0.0
0.0
0.0
0.0
0.0
0.0
0.0
0.0
0.0
0.0
0.0
0.0
0.0
0.0
0.0
0.0
0.0
0.0
0.0
0.0
0.0
0.0
0.0
0.0
0.0
0.0
0.0
0.0
0.0
0.0
0.0
0.0
0.0
0.0
0.0
0.0
0.0
0.0
0.0
0.0
0.0
0.0
0.0
0.0
0.0
0.0
0.0
0.0
0.0
0.0
0.0
0.0
0.0
0.0
0.0
0.0
0.0
0.0
0.0
0.0
0.0
0.0
0.0
0.0
0.0
0.0
0.0
0.0
0.0
0.0
0.0
0.0
0.0
0.0
0.0
0.0
0.0
0.0
0.0
0.0
0.0
0.0
0.0
0.0
0.0
0.0
0.0
0.0
0.0
0.0
0.0
0.0
0.0
0.0
0.0
0.0
0.0
0.0
0.0
0.0
0.0
0.0
0.0
0.0
0.0
0.0
0.0
0.0
0.0
0.0
0.0
0.0
0.0
0.0
0.0
0.0
0.0
0.0
0.0
0.0
0.0
0.0
0.0
0.0
0.0
0.0
0.0
0.0
0.0
0.0
0.0
0.0
0.0
0.0
0.0
0.0
0.0
0.0
0.0
0.0
0.0
0.0
0.0
0.0
0.0
0.0
0.0
0.0
0.0
0.0
0.0
0.0
0.0
0.0
0.0
0.0
0.0
0.0
0.0
0.0
0.0
0.0
0.0
0.0
0.0
0.0
0.0
0.0
0.0
0.0
0.0
0.0
0.0
0.0
0.0
0.0
0.0
0.0
0.0
0.0
0.0
0.0
0.0
0.0
0.0
0.0
0.0
0.0
0.0
0.0
0.0
0.0
0.0
0.0
0.0
0.0
0.0
0.0
0.0
0.0
0.0
0.0
0.0
0.0
0.0
0.0
0.0
0.0
0.0
0.0
0.0
0.0
0.0
0.0
0.0
0.0
0.0
0.0
0.0
0.0
0.0
0.0
0.0
0.0
0.0
0.0
0.0
0.0
0.0
0.0
0.0
0.0
0.0
0.0
0.0
0.0
0.0
0.0
0.0
0.0
0.0
0.0
0.0
0.0
0.0
0.0
0.0
0.0
0.0
0.0
0.0
0.0
0.0
0.0
0.0
0.0
0.0
0.0
0.0
0.0
0.0
0.0
0.0
0.0
0.0
0.0
0.0
0.0
0.0
0.0
0.0
0.0
0.0
0.0
0.0
0.0
0.0
0.0
0.0
0.0
0.0
0.0
0.0
0.0
0.0
0.0
0.0
0.0
0.0
0.0
0.0
0.0
0.0
0.0
0.0
0.0
0.0
0.0
0.0
0.0
0.0
0.0
0.0
0.0
0.0
0.0
0.0
0.0
0.0
0.0
0.0
0.0
0.0
0.0
0.0
0.0
0.0
0.0
0.0
0.0
0.0
0.0
0.0
0.0
0.0
0.0
0.0
0.0
0.0
0.0
0.0
0.0
0.0
0.0
0.0
0.0
0.0
0.0
0.0
0.0
0.0
0.0
0.0
0.0
0.0
0.0
0.0
0.0
0.0
0.0
0.0
0.0
0.0
0.0
0.0
0.0
0.0
0.0
0.0
0.0
0.0
0.0
0.0
0.0
0.0
0.0
0.0
0.0
0.0
0.0
0.0
0.0
0.0
0.0
0.0
0.0
0.0
0.0
0.0
0.0
0.0
0.0
0.0
0.0
0.0
0.0
0.0
0.0
0.0
0.0
0.0
0.0
0.0
0.0
0.0
0.0
0.0
0.0
0.0
0.0
0.0
0.0
0.0
0.0
0.0
0.0
0.0
0.0
0.0
0.0
0.0
0.0
0.0
0.0
0.0
0.0
0.0
0.0
0.0
0.0
0.0
0.0
0.0
0.0
0.0
0.0
0.0
0.0
0.0
0.0
0.0
0.0
0.0
0.0
0.0
0.0
0.0
0.0
0.0
0.0
0.0
0.0
0.0
0.0
0.0
0.0
0.0
0.0
0.0
0.0
0.0
0.0
0.0
0.0
0.0
0.0
0.0
0.0
0.0
0.0
0.0
0.0
0.0
0.0
0.0
0.0
0.0
0.0
0.0
0.0
0.0
0.0
0.0
0.0
0.0
0.0
0.0
0.0
0.0
0.0
0.0
0.0
0.0
0.0
0.0
0.0
0.0
0.0
0.0
0.0
0.0
0.0
0.0
0.0
0.0
0.0
0.0
0.0
0.0
0.0
0.0
0.0
0.0
0.0
0.0
0.0
0.0
0.0
0.0
0.0
0.0
0.0
0.0
0.0
0.0