0.0
0.0
0.0
0.0
0.0
0.0
0.0
0.0
0.0
0.0
0.0
0.0
0.0
0.0
0.0
0.0
0.0
0.0
0.0
0.0
0.0
0.0
0.0
0.0
0.0
0.0
0.0
0.0
0.0
0.0
0.0
0.0
0.0
0.0
0.0
0.0
0.0
0.0
0.0
0.0
0.0
0.0
0.0
0.0
0.0
0.0
0.0
0.0
0.0
0.0
0.0
0.0
0.0
0.0
0.0
0.0
0.0
0.0
0.0
0.0
0.0
0.0
0.0
0.0
0.0
0.0
0.0
0.0
0.0
0.0
0.0
0.0
0.0
0.0
0.0
0.0
0.0
0.0
0.0
0.0
0.0
0.0
0.0
0.0
0.0
0.0
0.0
0.0
0.0
0.0
0.0
0.0
0.0
0.0
0.0
0.0
0.0
0.0
0.0
0.0
0.0
0.0
0.0
0.0
0.0
0.0
0.0
0.0
0.0
0.0
0.0
0.0
0.0
0.0
0.0
0.0
0.0
0.0
0.0
0.0
0.0
0.0
0.0
0.0
0.0
0.0
0.0
0.0
0.0
0.0
0.0
0.0
0.0
0.0
0.0
0.0
0.0
0.0
0.0
0.0
0.0
0.0
0.0
0.0
0.0
0.0
0.0
0.0
0.0
0.0
0.0
0.0
0.0
0.0
0.0
0.0
0.0
0.0
0.0
0.0
0.0
0.0
0.0
0.0
0.0
0.0
0.0
0.0
0.0
0.0
0.0
0.0
0.0
0.0
0.0
0.0
0.0
0.0
0.0
0.0
0.0
0.0
0.0
0.0
0.0
0.0
0.0
0.0
0.0
0.0
0.0
0.0
0.0
0.0
0.0
0.0
0.0
0.0
0.0
0.0
0.0
0.0
0.0
0.0
0.0
0.0
0.0
0.0
0.0
0.0
0.0
0.0
0.0
0.0
0.0
0.0
0.0
0.0
0.0
0.0
0.0
0.0
0.0
0.0
0.0
0.0
0.0
0.0
0.0
0.0
0.0
0.0
0.0
0.0
0.0
0.0
0.0
0.0
0.0
0.0
0.0
0.0
0.0
0.0
0.0
0.0
0.0
0.0
0.0
0.0
0.0
0.0
0.0
0.0
0.0
0.0
0.0
0.0
0.0
0.0
0.0
0.0
0.0
0.0
0.0
0.0
0.0
0.0
0.0
0.0
0.0
0.0
0.0
0.0
0.0
0.0
0.0
0.0
0.0
0.0
0.0
0.0
0.0
0.0
0.0
0.0
0.0
0.0
0.0
0.0
0.0
0.0
0.0
0.0
0.0
0.0
0.0
0.0
0.0
0.0
0.0
0.0
0.0
0.0
0.0
0.0
0.0
0.0
0.0
0.0
0.0
0.0
0.0
0.0
0.0
0.0
0.0
0.0
0.0
0.0
0.0
0.0
0.0
0.0
0.0
0.0
0.0
0.0
0.0
0.0
0.0
0.0
0.0
0.0
0.0
0.0
0.0
0.0
0.0
0.0
0.0
0.0
0.0
0.0
0.0
0.0
0.0
0.0
0.0
0.0
0.0
0.0
0.0
0.0
0.0
0.0
0.0
0.0
0.0
0.0
0.0
0.0
0.0
0.0
0.0
0.0
0.0
0.0
0.0
0.0
0.0
0.0
0.0
0.0
0.0
0.0
0.0
0.0
0.0
0.0
0.0
0.0
0.0
0.0
0.0
0.0
0.0
0.0
0.0
0.0
0.0
0.0
0.0
0.0
0.0
0.0
0.0
0.0
0.0
0.0
0.0
0.0
0.0
0.0
0.0
0.0
0.0
0.0
0.0
0.0
0.0
0.0
0.0
0.0
0.0
0.0
0.0
0.0
0.0
0.0
0.0
0.0
0.0
0.0
0.0
0.0
0.0
0.0
0.0
0.0
0.0
0.0
0.0
0.0
0.0
0.0
0.0
0.0
0.0
0.0
0.0
0.0
0.0
0.0
0.0
0.0
0.0
0.0
0.0
0.0
0.0
0.0
0.0
0.0
0.0
0.0
0.0
0.0
0.0
0.0
0.0
0.0
0.0
0.0
0.0
0.0
0.0
0.0
0.0
0.0
0.0
0.0
0.0
0.0
0.0
0.0
0.0
0.0
0.0
0.0
0.0
0.0
0.0
0.0
0.0
0.0
0.0
0.0
0.0
0.0
0.0
0.0
0.0
0.0
0.0
0.0
0.0
0.0
0.0
0.0
0.0
0.0
0.0
0.0
0.0
0.0
0.0
0.0
0.0
0.0
0.0
0.0
0.0
0.0
0.0
0.0
0.0
0.0
0.0
0.0
0.0
0.0
0.0
0.0
0.0
0.0
0.0
0.0
0.0
0.0
0.0
0.0
0.0
0.0
0.0
0.0
0.0
0.0
0.0
0.0
0.0
0.0
0.0
0.0
0.0
0.0
0.0
0.0
0.0
0.0
0.0
0.0
0.0
0.0
0.0
0.0
0.0
0.0
0.0
0.0
0.0
0.0
0.0
0.0
0.0
0.0
0.0
0.0
0.0
0.0
0.0
0.0
0.0
0.0
0.0
0.0
0.0
0.0
0.0
0.0
0.0
0.0
0.0
0.0
0.0
0.0
0.0
0.0
0.0
0.0
0.0
0.0
0.0
0.0
0.0
0.0
0.0
0.0
0.0
0.0
0.0
0.0
0.0
0.0
0.0
0.0
0.0
0.0
0.0
0.0
0.0
0.0
0.0
0.0
0.0
0.0
0.0
0.0
0.0
0.0
0.0
0.0
0.0
0.0
0.0
0.0
0.0
0.0
0.0
0.0
0.0
0.0
0.0
0.0
0.0
0.0
0.0
0.0
0.0
0.0
0.0
0.0
0.0
0.0
0.0
0.0
0.0
0.0
0.0
0.0
0.0
0.0
0.0
0.0
0.0
0.0
0.0
0.0
0.0
0.0
0.0
0.0
0.0
0.0
0.0
0.0
0.0
0.0
0.0
0.0
0.0
0.0
0.0
0.0
0.0
0.0
0.0
0.0
0.0
0.0
0.0
0.0
0.0
0.0
0.0
0.0
0.0
0.0
0.0
0.0
0.0
0.0
0.0
0.0
0.0
0.0
0.0
0.0
0.0
0.0
0.0
0.0
0.0
0.0
0.0
0.0
0.0
0.0
0.0
0.0
0.0
0.0
0.0
0.0
0.0
0.0
0.0
0.0
0.0
0.0
0.0
0.0
0.0
0.0
0.0
0.0
0.0
0.0
0.0
0.0
0.0
0.0
0.0
0.0
0.0
0.0
0.0
0.0
0.0
0.0
0.0
0.0
0.0
0.0
0.0
0.0
0.0
0.0
0.0
0.0
0.0
0.0
0.0
0.0
0.0
0.0
0.0
0.0
0.0
0.0
0.0
0.0
0.0
0.0
0.0
0.0
0.0
0.0
0.0
0.0
0.0
0.0
0.0
0.0
0.0
0.0
0.0
0.0
0.0
0.0
0.0
0.0
0.0
0.0
0.0
0.0
0.0
0.0
0.0
0.0
0.0
0.0
0.0
0.0
0.0
0.0
0.0
0.0
0.0
0.0
0.0
0.0
0.0
0.0
0.0
0.0
0.0
0.0
0.0
0.0
0.0
0.0
0.0
0.0
0.0
0.0
0.0
0.0
0.0
0.0
0.0
0.0
0.0
0.0
0.0
0.0
0.0
0.0
0.0
0.0
0.0
0.0
0.0
0.0
0.0
0.0
0.0
0.0
0.0
0.0
0.0
0.0
0.0
0.0
0.0
0.0
0.0
0.0
0.0
0.0
0.0
0.0
0.0
0.0
0.0
0.0
0.0
0.0
0.0
0.0
0.0
0.0
0.0
0.0
0.0
0.0
0.0
0.0
0.0
0.0
0.0
0.0
0.0
0.0
0.0
0.0
0.0
0.0
0.0
0.0
0.0
0.0
0.0
0.0
0.0
0.0
0.0
0.0
0.0
0.0
0.0
0.0
0.0
0.0
0.0
0.0
0.0
0.0
0.0
0.0
0.0
0.0
0.0
0.0
0.0
0.0
0.0
0.0
0.0
0.0
0.0
0.0
0.0
0.0
0.0
0.0
0.0
0.0
0.0
0.0
0.0
0.0
0.0
0.0
0.0
0.0
0.0
0.0
0.0
0.0
0.0
0.0
0.0
0.0
0.0
0.0
0.0
0.0
0.0
0.0
0.0
0.0
0.0
0.0
0.0
0.0
0.0
0.0
0.0
0.0
0.0
0.0
0.0
0.0
0.0
0.0
0.0
0.0
0.0
0.0
0.0
0.0
0.0
0.0
0.0
0.0
0.0
0.0
0.0
0.0
0.0
0.0
0.0
0.0
0.0
0.0
0.0
0.0
0.0
0.0
0.0
0.0
0.0
0.0
0.0
0.0
0.0
0.0
0.0
0.0
0.0
0.0
0.0
0.0
0.0
0.0
0.0
0.0
0.0
0.0
4.0611664630708925e-07
4.6896460944919446e-07
5.345723104354463e-07
6.028141904683147e-07
6.735466025538689e-07
7.466076027347703e-07
8.218168206786032e-07
8.989754143167119e-07
9.778661130503044e-07
1.0582533538298562e-06
1.1398835141717685e-06
1.2224852459010064e-06
1.3057699131009692e-06
1.3894321374111278e-06
1.4731504534400356e-06
1.5565880766550214e-06
1.639393785672679e-06
1.7212029204042051e-06
1.8016384970102483e-06
1.8803124400896252e-06
1.9568269319684386e-06
2.0307758783702746e-06
2.1017464891377167e-06
2.1693209720401616e-06
2.233078337047099e-06
2.2925963077695562e-06
2.347453336079885e-06
2.397230715212311e-06
2.4415147859278403e-06
2.479899229599388e-06
2.5119874413400815e-06
2.5373949755628527e-06
2.555752055626027e-06
2.5667061384920134e-06
2.5699245246073584e-06
2.5650970025075173e-06
2.5519385169618568e-06
2.5301918488086785e-06
2.499630293990412e-06
2.4600603286903522e-06
2.4113242468984565e-06
2.353302756200075e-06
2.285917517091999e-06
2.2091336106897943e-06
2.1229619193035638e-06
2.0274614040305773e-06
1.922741263247111e-06
1.808962955682454e-06
1.6863420716300577e-06
1.5551500357978126e-06
1.4157156253254918e-06
1.6327603144730415e-06
1.8588568991700678e-06
2.093534379611472e-06
2.3362612824165343e-06
2.5864453222999117e-06
2.8434333422762854e-06
3.106511546203441e-06
3.3749060367016134e-06
3.6477836706188265e-06
3.9242532432423325e-06
4.2033670113849554e-06
4.484122564303101e-06
4.765465050130407e-06
5.046289764141029e-06
5.325445103688494e-06
5.601735893106529e-06
5.873927080206025e-06
6.1407478042669455e-06
6.400895833602757e-06
6.653042368881747e-06
6.895837206421361e-06
7.127914253642591e-06
7.347897386781936e-06
7.554406638822863e-06
7.746064703427175e-06
7.921503738438028e-06
8.079372450289477e-06
8.21834343841113e-06
8.337120776466109e-06
8.434447805018509e-06
8.509115108005009e-06
8.559968643195656e-06
8.585917994682733e-06
8.585944713348076e-06
8.559110709240475e-06
8.50456665785806e-06
8.421560380492228e-06
8.309445157058831e-06
8.167687928237656e-06
7.995877342271865e-06
7.793731600461142e-06
7.5611060542293524e-06
7.298000505670677e-06
7.004566162692886e-06
6.681112199293968e-06
6.328111871140457e-06
5.9462081364760035e-06
5.536218732485468e-06
5.099140657586323e-06
4.636154010722289e-06
5.340247643159567e-06
6.072143837470153e-06
6.83019844739441e-06
7.612578226640141e-06
8.417260934077477e-06
9.24203634795503e-06
1.0084508226011968e-05
1.0942097245465564e-05
1.1812044953661654e-05
1.269141875668897e-05
1.3577117969480902e-05
1.4465880946865677e-05
1.535429331068504e-05
1.6238797283491644e-05
1.711570213446666e-05
1.798119573808357e-05
1.8831357240697175e-05
1.9662170824672562e-05
2.0469540553906205e-05
2.1249306278649384e-05
2.1997260571443572e-05
2.2709166659741562e-05
2.3380777314442183e-05
2.400785464713482e-05
2.458619076236182e-05
2.5111629204691693e-05
2.558008713388273e-05
2.598757815494053e-05
2.6330235723462577e-05
2.6604337040356136e-05
2.6806327343851156e-05
2.693284450073013e-05
2.6980743792920615e-05
2.6947122790057776e-05
2.6829346193380204e-05
2.662507053139977e-05
2.6332268583228183e-05
2.5949253401285352e-05
2.5474701801397897e-05
2.490767718505475e-05
2.424765155585835e-05
2.3494526590031365e-05
2.2648653619242427e-05
2.1710852383034368e-05
2.0682428407806903e-05
1.95651888696506e-05
1.8361456799379297e-05
1.707408348988827e-05
1.570645896850037e-05
1.4262520400267099e-05
1.6408049326628183e-05
1.8633512903030634e-05
2.0933562420822057e-05
2.3302296292941918e-05
2.5733263910739188e-05
2.8219472260619637e-05
3.0753395388752136e-05
3.3326986792243586e-05
3.5931694804573656e-05
3.855848103168159e-05
4.119784188293784e-05
4.3839833228348716e-05
4.647409819974651e-05
4.908989813947387e-05
5.167614668518658e-05
5.422144696395629e-05
5.6714131852871096e-05
5.914230724688937e-05
6.149389825783873e-05
6.375669825125496e-05
6.591842061026746e-05
6.796675309805776e-05
6.988941467260689e-05
7.167421458958455e-05
7.330911361142093e-05
7.478228712290915e-05
7.608218993621143e-05
7.719762255097725e-05
7.811779861854256e-05
7.883241334290504e-05
7.93317125355584e-05
7.960656202629846e-05
7.964851711801907e-05
7.944989176026168e-05
7.900382710410447e-05
7.83043590898497e-05
7.734648470911071e-05
7.612622657429238e-05
7.4640695421309e-05
7.288815016568713e-05
7.086805512811983e-05
6.858113404310223e-05
6.60294204636192e-05
6.321630417598284e-05
6.014657324198619e-05
5.6826451290512604e-05
5.3263629687766144e-05
4.946729422434497e-05
4.544814596855286e-05
4.121841594863496e-05
4.735971756685732e-05
5.371604403326569e-05
6.0271160866891686e-05
6.700732280802107e-05
7.390529458042925e-05
8.094437945024137e-05
8.810245576543573e-05
9.535602162970687e-05
0.00010268024783219403
0.00011004903912045513
0.00011743510386818463
0.00012481003215159336
0.00013214438220920615
0.0001394077752192526
0.00014656899828690588
0.0001535961154905665
0.0001604565867923204
0.00016711739457280866
0.00017354517750521478
0.00017970637143708307
0.0001855673569024534
0.0001910946128405218
0.00019625487605095634
0.0002010153058703193
0.00020534365350902375
0.00020920843544411984
0.0002125791102202002
0.00021542625796910596
0.00021772176191913676
0.00021943899112638766
0.00022055298362491736
0.00022104062915891812
0.0002208808506292108
0.00022005478335843575
0.00021854595125452234
0.00021634043893063634
0.00021342705882204392
0.00020979751232644663
0.00020544654398450853
0.00020037208771176717
0.00019457540409204037
0.0001880612077460153
0.00018083778379709837
0.00017291709246992278
0.00016431486087533902
0.00015505066105929867
0.00014514797342191787
0.00013463423464719985
0.00012354086932347136
0.00011190330447954668
0.00012841561898205127
0.0001454688142316289
0.0001630168758738512
0.00018100993315343166
0.00019939433972491043
0.0002181127749584795
0.00023710436605456602
0.00025630483119534693
0.0002756466438716472
0.0002950592184299127
0.00031446911678644564
0.00033380027615515775
0.00035297425753112954
0.0003719105145655756
0.0003905266823588889
0.00040873888558761904
0.00042646206526908865
0.0004436103233542605
0.00046009728422598197
0.0004758364720663863
0.0004907417029445359
0.0005047274903639327
0.0005177094628998571
0.0005296047924492331
0.000540332631511421
0.000549814557817653
0.00055797502453033
0.0005647418141417054
0.0005700464941152401
0.0005738248722326567
0.0005760174495361434
0.0005765698686887589
0.000575433355517517
0.0005725651514534118
0.0005679289345412921
0.000561495226660635
0.0005532417845762281
0.0005431539724261728
0.0005312251132538004
0.0005174568172004641
0.0005018592839980718
0.0004844515774340747
0.00046526186950743807
0.0004443276520524867
0.0004216959136781731
0.00039742327995380953
0.0003715761148682612
0.0003442305816984606
0.0003154726615443459
0.00028539812792125564
0.000327101992854965
0.0003700772355044151
0.0004142019796547925
0.00045934515955288035
0.000505366783997835
0.0005521182505526057
0.0005994427102225099
0.0006471754827261636
0.0006951445222541512
0.0007431709333734776
0.0007910695364917005
0.0008386494820447806
0.0008857149123177599
0.0009320656695489186
0.0009774980487065354
0.0010218055930645777
0.0010647799304401055
0.0011062116476927707
0.0011458912008260541
0.0011836098577730433
0.0012191606706967468
0.0012523394743888955
0.00128294590711183
0.0013107844499981862
0.0013356654809027278
0.0013574063383924905
0.0013758323913655218
0.001390778109607556
0.001402088130429954
0.0014096183163838896
0.0014132367989148993
0.0014128250027112
0.0014082786454084075
0.0013995087072448977
0.0013864423652158843
0.0013690238862524538
0.0013472154739540968
0.001320998063431684
0.0012903720588718437
0.001255358008515234
0.0012159972118494392
0.0011723522539539278
0.0011245074620986034
0.0010725692798905328
0.0010166665544840416
0.0009569507326188623
0.0008935959615278077
0.0008267990910604516
0.0007567795737007758
0.0006837792595151699
0.000782717647117141
0.000884446237178413
0.0009886632007892657
0.0010950462831352094
0.0012032535645209682
0.001312924335365794
0.0014236800849730714
0.0015351256033488776
0.0016468501948020441
0.0017584290015042968
0.0018694244346252483
0.0019793877100861574
0.0020878604854003523
0.002194376593489959
0.0022984638687905045
0.002399646060379847
0.002497444826298535
0.0025913818026678348
0.002680980740662373
0.002765769703859266
0.0028452833179681116
0.0029190650644487924
0.0029866696090500256
0.003047665155853813
0.0031016358169922015
0.0031481839878162096
0.003186932716944856
0.0032175280603080917
0.0032396414080233904
0.003252971772714547
0.00325724802769523
0.0032522310833012504
0.003237715989566701
0.0032135339534017167
0.003179554258445789
0.0031356860758414507
0.0030818801543008446
0.0030181303780223412
0.002944475181258035
0.0028609988086352894
0.0027678324106978755
0.0026651549645538178
0.0025531940099988598
0.002432226192024968
0.0023025776012225436
0.002164623904242042
0.0020187902571935645
0.0018655509956308986
0.0017054290955870821
0.001538995400999779
0.0017594772502672377
0.001985670120737036
0.0022168747847151143
0.00245234970957117
0.002691313034956731
0.002932944790821565
0.00317638935362122
0.0034207581369466917
0.003665132511627745
0.003908566949168861
0.004150092381176474
0.004388719766233584
0.004623443854477807
0.0048532471389481045
0.005077103981588797
0.005293984900642962
0.005502861005037567
0.00570270856026464
0.005892513669203561
0.006071277050314107
0.0062380188946657275
0.006391783782359042
0.006531645638050364
0.0066567127045104
0.006766132512444344
0.006859096824173493
0.006934846528237256
0.006992676461520517
0.007031940135153055
0.0070520543401651915
0.007052503608726096
0.00703284450673666
0.006992709733605997
0.006931812005207264
0.006849947696292505
0.006747000219043456
0.006622943114954077
0.0064778428378746465
0.006311861206804729
0.006125257507895284
0.005918390226115656
0.005691718388150933
0.005445802499323735
0.0051813050586737575
0.004898990637780889
0.004599725510474279
0.004284476822232317
0.0039543112898358075
0.0036103934236895955
0.0032539832671654033
0.0037155129649730292
0.004187929459891452
0.004669716902687898
0.005159277911548379
0.005654938259270747
0.006154952032621598
0.006657507254116514
0.007160731954125945
0.007662700678844364
0.00816144141729334
0.008654942928175825
0.009141162445064943
0.00961803373611317
0.010083475492212514
0.010535400015339987
0.010971722176692358
0.011390368612166307
0.011789287120780397
0.012166456229782232
0.012519894888441142
0.012847672250913426
0.013147917507085317
0.01341882971896797
0.013658687619040178
0.01386585932592624
0.014038811931959048
0.014176120916529585
0.014276479338661576
0.014338706761991966
0.014361757865279741
0.014344730691723533
0.014286874490737955
0.01418759710643162
0.01404647186784331
0.013863243937033046
0.013637836072390781
0.01337035376601814
0.013061089715757
0.012710527594380886
0.012319345080627419
0.011888416119130218
0.011418812378898219
0.010911803882786487
0.01036885878339546
0.009791642264017337
0.00918201454660944
0.008542027992304526
0.007873923283653083
0.007180124681624986
0.006463234354356285
0.007370729974486651
0.008297518128949933
0.009240522664111501
0.010196521473120853
0.011162156707112523
0.012133945844236734
0.013108293589514467
0.014081504574108946
0.015049796818236847
0.01600931591762218
0.01695614990914875
0.017886344767214332
0.01879592047824782
0.019680887636951364
0.02053726450407814
0.02136109446199316
0.022148463800889886
0.022895519765389033
0.02359848878832987
0.02425369483591351
0.024857577785976977
0.025406711759093512
0.02589782332042202
0.026327809468778766
0.026693755328300126
0.02699295145731049
0.027222910688624657
0.027381384415502794
0.027466378237853237
0.027476166884047484
0.027409308324881428
0.027264656997788822
0.027041376061394545
0.026738948602878277
0.026357187723415918
0.025896245430157498
0.025356620266796265
0.024739163618769038
0.02404508463349148
0.023275953700776297
0.02243370444367363
0.02152063417542175
0.020539402783958393
0.019493030011529307
0.01838489110329075
0.01721871080544149
0.015998555700296877
0.01472882487280587
0.013414238910305203
0.01205982724474031
0.013735953633427445
0.015443781794447747
0.017177466701633722
0.018930921248166057
0.02069783678370127
0.022471705092134104
0.02424584174679363
0.026013410772298302
0.02776745053488736
0.02950090077579762
0.031206630695245832
0.0328774679878027
0.03450622872348052
0.036085747962705736
0.037608910987564526
0.039068685026327966
0.04045815134329943
0.041770537561540304
0.04299925008202047
0.04413790645926647
0.04518036759064206
0.046120769574044575
0.04695355508703595
0.04767350413928817
0.048275764049719526
0.048755878499845674
0.04910981551568936
0.04933399423208506
0.04942531029539764
0.049381159763545714
0.049199461365786804
0.04887867698897614
0.0484178302619604
0.04781652311538756
0.04707495020051507
0.0461939110575406
0.04517481993157681
0.04401971314258791
0.04273125392440943
0.04131273465733944
0.0397680764286816
0.038101825866037324
0.036319149199000075
0.0344258235162169
0.03242822519645017
0.030333315504311
0.028148623353638918
0.025882225254072418
0.023542722469109333
0.02113921542683911
0.02404715629138356
0.027003228946864
0.029997032179960054
0.03301779405987852
0.03605441018969348
0.039095484186434076
0.0421293702593749
0.04514421774406079
0.048128017438076945
0.05106864957347919
0.053953933250248054
0.05677167714511025
0.059509731300712854
0.06215603979142075
0.06469869405405726
0.06712598666471536
0.06942646533641521
0.07158898690691272
0.07360277108139299
0.07545745369118881
0.07714313922704083
0.07865045240383273
0.07997058851318668
0.08109536232083601
0.08201725526731432
0.08272946073322202
0.08322592713417379
0.08350139861548597
0.08355145312273711
0.08337253763152498
0.0829620003280265
0.08231811954134222
0.08144012923904477
0.08032824090881681
0.07898366166155257
0.07740860840473131
0.07560631794925758
0.07358105292820016
0.07133810342195772
0.0688837842012142
0.06622542751661835
0.06337137138232626
0.06033094331931434
0.05711443954367168
0.05373309960476147
0.05019907649821698
0.04652540229902023
0.04272594938042242
0.03881538730501018
0.03480913549480174
0.039548064226134556
0.04435415759592783
0.049210078468162215
0.05409796827078741
0.05899951311642206
0.06389601308291201
0.06876845441088365
0.07359758435830244
0.0783639884357149
0.08304816973047459
0.08763063001390282
0.09209195231204638
0.09641288460863502
0.10057442433798047
0.10455790331607168
0.108345072749983
0.11191818795904218
0.11526009243604532
0.11835430087317607
0.12118508077528369
0.12373753228277407
0.12599766582766103
0.1279524772492737
0.12959002000079406
0.1308994740841648
0.13187121135899604
0.1324968568808887
0.13276934593606707
0.13268297645235597
0.1322334564813174
0.13141794646273033
0.13023509600052907
0.12868507489872635
0.12676959822670716
0.12449194520550132
0.12185697173013738
0.11887111636791249
0.11554239969821589
0.11188041688641451
0.10789632341203798
0.10360281390009686
0.09901409403359279
0.09414584555512603
0.08901518439578403
0.08364061200006712
0.07804195994643214
0.0722403279938323
0.06625801571543809
0.060118447911218106
0.05384609402128909
0.06110029828241322
0.06843993159114373
0.07583792136686815
0.0832665268666494
0.09069744542390486
0.09810192275892546
0.1054508669498004
0.11271496562997646
0.11986480595788089
0.1268709968849272
0.1337042932309318
0.14033572106051023
0.1467367038406376
0.15287918884817303
0.15873577328700886
0.16427982956752768
0.16948562919644625
0.17432846472282573
0.17878476918615538
0.18283223251499414
0.18644991432965963
0.18961835260998103
0.19231966769909817
0.1945376611267638
0.1962579087505041
0.1974678477303381
0.198156856872465
0.1983163298993799
0.19793974122817978
0.1970227038653273
0.1955630190547309
0.1935607173466147
0.1910180907871433
0.1879397159630659
0.18433246767156602
0.18020552302296947
0.17557035582279565
0.17044072111966452
0.16483262984671268
0.1587643135261295
0.15225617904918526
0.14533075358733014
0.1380126197335965
0.13032834101726778
0.12230637797854588
0.11397699503347844
0.1053721584024758
0.09652542541829624
0.0874718255709944
0.07824773368806877
0.08867843599035564
0.09920678900292165
0.10979318386692972
0.12039724253492415
0.13097797661271493
0.14149395090312977
0.15190345101266625
0.16216465435615332
0.17223580387103973
0.18207538373228255
0.19164229634089605
0.20089603984431198
0.20979688543487374
0.21830605366402633
0.22638588900434337
0.2340000318892842
0.24111358746178851
0.24769329026730197
0.2537076641348091
0.25912717650077516
0.26392438644565847
0.26807408573080155
0.27155343214496064
0.27434207449451775
0.2764222685993795
0.2777789836876903
0.2783999986166245
0.278275987383591
0.2774005934320287
0.2757704922984846
0.27338544219263894
0.27024832214927613
0.26636515744062744
0.26174513198893934
0.2564005875722281
0.2503470096708876
0.24360299985875264
0.23619023469928802
0.22813341116545138
0.21946017866020792
0.21020105777352407
0.20038934597047633
0.19006101046387708
0.1792545685829938
0.16801095600756424
0.15637338329281977
0.14438718116662733
0.13209963513373316
0.1195598099741707
0.10681836477311837
0.12090640671121441
0.13509205696313367
0.14932101469070694
0.16353820456058016
0.17768799791597428
0.19171443868163784
0.20556147308873865
0.2191731822802974
0.23249401683525547
0.24546903223090244
0.2580441242489289
0.2701662633202589
0.28178372679786445
0.2928463281452025
0.30330564203079924
0.31311522432670996
0.3222308260203684
0.3306106000654268
0.3382153002178159
0.3450084709281267
0.35095662739069466
0.3560294248831773
0.36019981656797645
0.36344419896839636
0.36574254437778575
0.36707851950896897
0.3674395897438076
0.36681710839857434
0.3652063904797473
0.36260677046660433
0.359021643721381
0.3544584911945023
0.3489288871611868
0.34244848979635556
0.33503701446686096
0.3267181896933747
0.31751969580843237
0.3074730864119316
0.2966136928003274
0.2849805116207092
0.2726160760754542
0.25956631107684075
0.24588037282376268
0.23161047334384957
0.21681169061392602
0.20154176493912646
0.1858608823361414
0.16983144572850128
0.1535178348211927
0.13698615557819488
0.15485926675196354
0.1728123717320212
0.19077571087822615
0.20867888396656992
0.2264511371454008
0.2440216537830973
0.2613198480028742
0.2782756596789947
0.29481984965222696
0.3108842939114468
0.3264022754824675
0.3413087727650212
0.35554074306390326
0.36903740007107405
0.38174048407162975
0.393594523668197
0.40454708784538906
0.41454902722826686
0.4235547034264215
0.4315222053979287
0.43841355181514724
0.44419487846671896
0.4488366097871981
0.4523136136671105
0.45460533876178466
0.4556959335867111
0.45557434676018876
0.45423440783033386
0.4516748882028435
0.44789954176786867
0.44291712490867463
0.4367413956610239
0.4293910918801104
0.4208898883610045
0.411266332948502
0.40055376176275187
0.38879019375747687
0.3760182049178411
0.36228478249439244
0.34764115975787646
0.3321426318465251
0.31584835336225464
0.2988211184549089
0.2811271242134924
0.2628357182603514
0.244019131517629
0.2247521971851997
0.20511205703486124
0.18517785618693508
0.1650304275920569
0.18632952538061742
0.20767128093818776
0.2289717078542765
0.2501464709448109
0.2711112332891533
0.29178200533045856
0.3120754945718394
0.3319094543896471
0.3512030304804407
0.369877103459964
0.3878546261404275
0.40506095402705883
0.42142416759569135
0.43687538494057276
0.4513490634150044
0.4647832889272237
0.4771200515995849
0.4883055065506508
0.49829021861704786
0.5070293898944849
0.5144830690452069
0.5206163413917996
0.5253994988946322
0.5288081891918058
0.5308235429660901
0.5314322789925007
0.5306267863126078
0.528405183076936
0.5247713516945324
0.5197349500285136
0.51331139847776
0.5055218428874015
0.49639309333399867
0.4859575389347761
0.4742530389336038
0.4613227904191098
0.4472151731318496
0.43198357191759534
0.4156861774817861
0.3983857661959481
0.3801494597996032
0.3610484659307985
0.34115780050426897
0.3205559930379935
0.2993247761064006
0.2775487601709398
0.25531509510634204
0.23271311980276427
0.20983400128045546
0.186770364803727
0.2106118251720289
0.2344415843204686
0.25816487970645063
0.28168702947740515
0.3049138237517018
0.3277519152862947
0.35010920787727345
0.37189524084343234
0.3930215679543559
0.4134021291827978
0.4329536136865822
0.45159581245770336
0.46925195911551787
0.48584905736696354
0.501318193709153
0.5155948340086238
0.5286191026563102
0.5403360430681134
0.5506958583771174
0.5596541312449405
0.5671720218060503
0.5732164428495978
0.5777602114382991
0.5807821762624494
0.5822673201291049
0.5822068370911807
0.5805981838283955
0.5774451050010584
0.5727576324082694
0.5665520578936212
0.5588508800535601
0.5496827249155787
0.539082240865033
0.5270899682099438
0.5137521838823224
0.49912072188180656
0.4832527701721563
0.46621064484320995
0.44806154244943425
0.42887727153121163
0.40873396441559323
0.38771177047951433
0.3658945321395236
0.3433694449079963
0.3202267029259958
0.29655913144705714
0.27246180780424273
0.2480316724440572
0.2233671316556121
0.19856765366092138
0.22363533310228356
0.24862766336094563
0.27344443798542467
0.29798603711193905
0.3221538387696796
0.34585062644617454
0.36898099118914696
0.39145172654239935
0.4131722146428009
0.4340548018412302
0.4540151622541702
0.4729726477025323
0.49085062255158085
0.5075767820290574
0.5230834526683826
0.5373078735991854
0.5501924574886005
0.5616850300229197
0.5717390469103976
0.5803137874814434
0.5873745240620766
0.5928926663996023
0.5968458805257911
0.5992181815517644
0.6
0.5991882213916971
0.5967861989218686
0.5928037391693515
0.5872570609039716
0.5801687271678679
0.5715675509220091
0.5614884746616067
0.5499724245151351
0.5370661394503303
0.5228219763165841
0.5072976915558574
0.49055620051349635
0.47266531537535095
0.4536974628483576
0.43372938278724893
0.41284180905094797
0.3911191339467169
0.36864905768955764
0.3455222243667402
0.3218318459541483
0.2976733159802974
0.2731438144768838
0.24834190589012256
0.2233671316556107
0.19831959916020633
0.22307694304791686
0.24769705560344732
0.27208062816132284
0.296129432313617
0.3197467229465818
0.3428376345279084
0.3653095689834144
0.38707257354071495
0.40803970696211733
0.42812739264143546
0.4472557570974016
0.46534895246146246
0.48233546162790286
0.49814838481088997
0.5127257063342631
0.5260105405664707
0.5379513560039205
0.5485021766012048
0.557622759545341
0.5652787487732989
0.5714418036368778
0.5760897022263337
0.57920641897308
0.5807821762624498
0.5808134698987837
0.5793030683770258
0.5762599860267223
0.5716994302055682
0.5656427228298418
0.5581171966376918
0.5491560666880236
0.5387982777018911
0.5270883279547436
0.5140760705258569
0.4998164928056582
0.4843694752517046
0.4677995304698178
0.4501755237775323
0.4315703764826762
0.4120607531796493
0.39172673443048495
0.3706514762554662
0.3489208579102122
0.326623119470963
0.3038484907887811
0.28068881340462204
0.2572371570422438
0.23358743231339874
0.20983400128045693
0.18607128752484306
0.20903814515989821
0.23181889677540224
0.25432130538501146
0.27645460494746227
0.2981298684105735
0.3192603666805266
0.3397619170387049
0.359553219579356
0.37855618029751686
0.3966962195194255
0.41390256443491424
0.43010852456446064
0.44525174907066195
0.4592744649061748
0.47212369487579914
0.48375145478002796
0.4941149289000233
0.5031766231795877
0.5109044955574815
0.5172720630033016
0.5222584849113805
0.5258486226095357
0.5280330748423601
0.5288081891918059
0.5281760495005328
0.5261444394654666
0.5227267826697533
0.5179420594204253
0.5118147008561836
0.504374460884228
0.4956562665968701
0.48570004790703425
0.4745505472266469
0.46225711009271037
0.44887345772246134
0.4344574425508354
0.41907078787055035
0.40277881275686245
0.38565014351554194
0.36775641294324407
0.34917194873451574
0.3299734524084912
0.3102396701612947
0.29005105707645107
0.2694894361462384
0.2486376535703551
0.22757923180614617
0.20639802184527997
0.1851778561869341
0.1640022039655212
0.18401490284245764
0.20381372204894269
0.22331837624433246
0.24245027312668066
0.26113282648551855
0.27929175893299585
0.2968553931023474
0.31375493015923833
0.32992471453300415
0.3453024838403856
0.35982960304417844
0.37345128196246985
0.3861167753209338
0.39777956462028174
0.4083975211733804
0.417933049751003
0.4263532123616676
0.4336298317788245
0.4397395745177452
0.44466401305391573
0.44838966716485745
0.45090802436695754
0.4522155395083381
0.45231361366711076
0.45120855259162956
0.4489115050048338
0.44543838117832074
0.4408097522629993
0.4350507309416547
0.42819083404428265
0.42026382783920885
0.4113075567816382
0.4013637565659228
0.39047785238847516
0.3786987433844044
0.36607857425268125
0.35267249513134125
0.33853841082640307
0.32373672053477326
0.3083300492333169
0.29238297193234586
0.275961732013067
0.25913395488378704
0.24196835819999296
0.22453445989794923
0.20690228529079902
0.18914207446986306
0.1713239912425116
0.15351783482119002
0.1357927554565489
0.15217280468727165
0.16833506866894177
0.18421405971440527
0.19974601411485263
0.21486913998841406
0.22952385475080472
0.24365301129664396
0.25720211203579674
0.27011950998864537
0.2823565962060472
0.2938679728448252
0.304611611296555
0.3145489948366284
0.32364524533131567
0.33186923361279835
0.33919367320526744
0.3455951971591497
0.35105441782476177
0.3555559694711292
0.3590885337296345
0.36164484791577656
0.3632216963547724
0.363819884908171
0.36344419896839614
0.36210334525622423
0.35980987782209933
0.3565801087157741
0.35243400384974316
0.34739506464003295
0.34149019606297293
0.33474956181829135
0.3272064273371887
0.3188969914185933
0.3098602073176483
0.300137594147249
0.2897730394862863
0.27881259411667
0.2673042598357029
0.25529777131013115
0.2428443729540008
0.22999659182342258
0.21680800752839566
0.20333302016400717
0.18962661726155808
0.1757441407538109
0.16174105493818294
0.1476727164069814
0.1335941468952517
0.11955980997417161
0.10562339249170015
0.11821638874649104
0.1306087808774645
0.14275051402908104
0.1545931195139608
0.1660898972728245
0.1771960889197242
0.18786904074609218
0.19806835610669607
0.20775603666258713
0.21689661200932583
0.2254572572738935
0.2334078983196271
0.24072130425560118
0.24737316700451578
0.2533421677412973
0.25861003007281086
0.26316155988725787
0.2669846718595913
0.27007040265649784
0.2724129109407929
0.2740094643303428
0.27486041352055285
0.2749691538318889
0.2743420744945177
0.27298849603090397
0.2709205961437608
0.2681533245610172
0.264704307331261
0.26059374110225736
0.2558442779515375
0.25048090137151713
0.24453079404210082
0.2380231980510876
0.23098926824683513
0.22346191942865148
0.21547566809789412
0.20706646950711624
0.1982715507554452
0.18912924068598108
0.17967879734510062
0.16996023376446576
0.16001414282401052
0.1498815219485356
0.13960359838156258
0.12922165576818812
0.118776862763598
0.10831010436607494
0.09786181665247651
0.08747182557099632
0.07717919041989506
0.08627300526345334
0.09519776355752099
0.10391761787657543
0.11239805466721144
0.12060601897232834
0.12851003136277103
0.1360802966864908
0.1432888042856147
0.15010941937298328
0.1565179653017748
0.16249229650439598
0.16801236191986255
0.17306025877203854
0.17762027660433247
0.18167893151943248
0.18522499061538375
0.18824948665130517
0.19074572301752715
0.19270926912532396
0.19413794637089948
0.19503180486641786
0.19539309116775175
0.19522620726390835
0.1945376611267638
0.19333600915165014
0.19163179084934343
0.1894374561780388
0.18676728592982925
0.18363730561000327
0.1800651932689806
0.17607018176597988
0.1716729559603451
0.16689554534099682
0.16176121261647064
0.15629433879771085
0.1505203053128741
0.14446537369822376
0.13815656341139831
0.13162152831336066
0.12488843236275832
0.11798582506173017
0.11094251718509003
0.10378745731562532
0.09654960969681187
0.08925783390088973
0.08194076679481907
0.07462670726946664
0.06734350417827963
0.06011844791121941
0.05297816600740879
0.05914646042876464
0.06518350521843286
0.07106524860306487
0.07676867121790257
0.0822718651171539
0.08755410685989003
0.092595924455232
0.0973791579804898
0.10188701371594358
0.10610411167031103
0.11001652640129561
0.11361182106595458
0.11687907466570473
0.11980890248058537
0.12239346971670373
0.12462649841958545
0.12650326773414194
0.12802060761929498
0.12917688615158165
0.12997199057744463
0.13040730229809144
0.13048566599387454
0.13021135311687715
0.12959002000079392
0.12862866085618682
0.1273355559366927
0.12572021517774346
0.12379331762374379
0.12156664697245759
0.11905302357647357
0.11626623325112438
0.11322095324601375
0.10993267574345252
0.10641762925150093
0.10269269826213277
0.09877534154608344
0.09468350945547989
0.09043556060314943
0.08605017828388768
0.08154628699766661
0.07694296942812745
0.07225938422154625
0.06751468490202203
0.06272794024782363
0.05791805644187802
0.05310370129620272
0.04830323083590101
0.04353461851308421
0.03881538730501055
0.03416254493375642
0.03809247469427744
0.04192810850891032
0.04565432976055411
0.04925676064016076
0.05272180840152893
0.05603670746089485
0.059189557237870595
0.062169355654574064
0.06496602822995953
0.06757045272648346
0.06997447932620372
0.07217094633304251
0.07415369141732572
0.07591755843755457
0.07745839989282335
0.0787730750770946
0.07985944402374788
0.08071635734530129
0.08134364208893494
0.08174208374334684
0.08191340454650876
0.08186023825701481
0.08158610156388134
0.0810953623208361
0.080393204801283
0.07948559217924661
0.07837922644963187
0.07708150600810162
0.07560048111672989
0.07394480748637003
0.07212369821032828
0.07014687428653298
0.06802451396685814
0.06576720117270544
0.06338587321530433
0.06089176805755235
0.058296371351543516
0.055611363482327265
0.0528485668438634
0.050019893567703734
0.047137293918595335
0.04421270556410466
0.04125800391745686
0.03828495374421386
0.035305162214114276
0.032330033569590896
0.02937072557200158
0.026438107875755675
0.02354272246910927
0.02069474630873821
0.023046565312554407
0.025335496838172388
0.027552642552879196
0.02968959447605351
0.031738459901773465
0.033691883625174716
0.03554306743319646
0.03728578683297591
0.03891440500365589
0.0404238839696549
0.04180979300550837
0.04306831429414165
0.04419624587187507
0.04519100190447031
0.04605061034917585
0.046773708067856745
0.047359533465977405
0.04780791674131108
0.048119267834843715
0.04829456218431536
0.04833532438822511
0.0482436098948809
0.048021984837183555
0.047673504139288156
0.04720168802606677
0.04661049707041305
0.045904305916853926
0.045087875822693545
0.044166326159982436
0.04314510502301891
0.04202995908681781
0.04082690286208554
0.03954218749167263
0.03818226923231971
0.03675377776371539
0.03526348446454686
0.03371827079228102
0.032125096899976106
0.03049097061944736
0.028822916935679874
0.027127948072473967
0.025413034304014582
0.023685075601345786
0.021950874216702658
0.020217108302262712
0.0184903066532683
0.01677682465854338
0.015082821534360708
0.013414238910305167
0.011776780828402637
0.01309874924330074
0.014381698337811845
0.015620723301194833
0.016811221839885065
0.017948906459598166
0.01902981512559415
0.020050320292656142
0.021007136303604266
0.021897325162282984
0.02271830069387495
0.02346783111210575
0.024144040019365178
0.024745405871985787
0.02527075994882097
0.025719282866898
0.026090499693198356
0.02638427370658587
0.02660079886849123
0.026740591065210834
0.026804478188533126
0.026793589124886417
0.026709341726291868
0.02655342983909884
0.026327809468778766
0.0260346841609502
0.02567648968031317
0.025255878070275427
0.024775701176773624
0.02423899372012234
0.02364895599868572
0.02300893630774952
0.02232241315621257
0.02159297736259498
0.02082431411042767
0.020020185041314104
0.019184410461906304
0.018320851738675363
0.017433393951749077
0.016525928876220456
0.015602338356227725
0.014666478133807141
0.01372216219100256
0.012773147660059804
0.011823120352691056
0.010875680955451508
0.009934331934196025
0.009002465186436366
0.008083350476187003
0.007180124681625119
0.006295781881584183
0.006993748985627156
0.00766915507408404
0.008319469156013655
0.008942334010207874
0.009535571664750548
0.010097187970996277
0.010625376275212295
0.01111852019499619
0.01157519551129614
0.011994171190457183
0.012374409554135055
0.01271506561819539
0.013015485624798165
0.013275204794773628
0.013493944330105208
0.01367160769884589
0.013808276237095936
0.013904204104761201
0.01395981263368667
0.013975684108416963
0.013952555021271731
0.013891308844638618
0.013792968364381994
0.013658687619040176
0.013489743490041338
0.013287526988511393
0.013053534284381534
0.012789357523428645
0.012496675477612523
0.01217724407360578
0.011832886843763617
0.011465485342947822
0.011076969573622945
0.01066930846047751
0.010244500414514326
0.009804564025095783
0.009351528916847499
0.008887426806612041
0.008414282793831322
0.007934106915815432
0.007448885997355705
0.006960575822051309
0.006471093650581133
0.005982311108942002
0.005496047467440029
0.005014063328937237
0.00453805474257006
0.0040696477568413275
0.0036103934236896367
0.0031617632628421683
0.0035078971242456015
0.0038418593282531733
0.004162427548685405
0.004468472510941876
0.004758960164808101
0.005032953387459139
0.005289613222305223
0.005528199661212631
0.005748071979421967
0.005948688634196594
0.006129606739836277
0.006290481133204983
0.006431063045320338
0.0065511983958521204
0.006650825728557557
0.006729973806756712
0.0067887588889063545
0.006827381705172211
0.006846124156625179
0.0068453457592952795
0.0068254798558104336
0.006787029617724769
0.006730563861906713
0.0066567127045104
0.006566163076098958
0.006459654121426951
0.006337972507225939
0.006201947661073562
0.006052446964069743
0.005890370919593544
0.005716648319881271
0.005532231431547922
0.005338091220484528
0.005135212635797801
0.004924589971632036
0.00470722232482269
0.004484109165389946
0.004256246035887269
0.004024620394588092
0.0037902076164214402
0.0035539671644681746
0.0033168389436998426
0.0030797398475011094
0.0028435605063529754
0.002609162246891658
0.002377374268384141
0.0021489910424998975
0.00192476994109554
0.0017054290955870915
0.0014916454903552297
0.0016528759126241796
0.0018079732192138242
0.0019563851309289614
0.0020976058650054043
0.002231176872117597
0.002356687346808874
0.0024737745159398626
0.00258212371059352
0.0026814682276673184
0.0027715889881261167
0.0028523139995746674
0.002923517631444612
0.0029851197116656835
0.0030370844542129505
0.0030794192273826963
0.0031121731730556134
0.0031354356875519488
0.0031493347749717766
0.0031540352841455776
0.003149737040494266
0.0031366728842173084
0.003115106626291155
0.0030853309337717377
0.0030476651558538174
0.003002453102049314
0.0029500607837083014
0.0028908741299214715
0.0028252966886152405
0.0027537473233803476
0.002676657916267462
0.0025944710864377342
0.0025076379341790905
0.0024166158193892227
0.0023218661831902986
0.0022238524208770026
0.0021230378139166445
0.002019883528214535
0.0019148466853391034
0.0018083785128653054
0.0017009225794519286
0.0015929131197135113
0.0014847734533907596
0.0013769145027614942
0.00126973341167417
0.0011636122690266957
0.001058916938961
0.0009559959994969409
0.0008551797907936536
0.0007567795737007753
0.0006610867987519559
0.0007316278821757504
0.0007992803245364442
0.0008638107698300033
0.0009250075587130592
0.0009826809212822763
0.0010366630682424906
0.0010868081833641915
0.0011329923204745499
0.0011751132085467903
0.0012130899687448997
0.0012468627475472518
0.001276392270311637
0.001301659319856171
0.0013226641448147133
0.0013394258026824225
0.0013519814425968753
0.0013603855330030958
0.0013647090394271638
0.0013650385576334312
0.00136147540746546
0.001354134692671255
0.001343144331989694
0.0013286440667288223
0.001310784449998186
0.001289725822667942
0.0012656372810183197
0.0012386956409148827
0.0012090844031997134
0.001176992724826598
0.0011426144000918007
0.001106146856121101
0.0010677901665712701
0.0010277460872897559
0.0009862171174531138
0.0009434055894721409
0.000899512790713029
0.0008547381198385823
0.0008092782803247507
0.0007633265134546905
0.0007170718728391046
0.0006706985422558012
0.000624385198347821
0.0005783044194658825
0.0005326221416917731
0.00048749716283229266
0.0004430806949325409
0.00039951596562128375
0.00035693786837239487
0.00031547266154434395
0.0002752377158466407
0.0003042263592187236
0.0003319424891504159
0.00035829394625199856
0.0003831980314928694
0.00040658152833581953
0.0004283806824987426
0.00044854114091005934
0.00046701785155195305
0.00048377492600241274
0.0004987854665906639
0.0005120313601728753
0.0005235030406141184
0.0005331992221303394
0.0005411266056991486
0.0005472995607916561
0.0005517397847092481
0.0005544759418294039
0.0005555432850737573
0.0005549832619098222
0.000552843107185748
0.0005491754250753624
0.000544037762379058
0.0005374921753854183
0.000529604792449233
0.0005204453743842009
0.000510086874703941
0.0004986050016731098
0.00048607778405252344
0.00047258514233818494
0.00045820846720530357
0.0004430302067745893
0.0004271334642206988
0.00041060160714151276
0.0003935178900032588
0.0003759650908702076
0.0003580251635200706
0.00033977890593713347
0.00032130564606584755
0.0003026829455977541
0.0002839863224557957
0.00026528899253150194
0.0002466616311240143
0.00022817215442456196
0.00020988552128754063
0.00019186355542897234
0.00017416478809595295
0.00015684432115709493
0.0001399537104734507
0.00012354086932347331
0.00010764999157313806
0.00011883928416060908
0.00012950399478969457
0.0001396101266843269
0.0001491275394179566
0.00015802993397014364
0.00016629482135753636
0.00017390347559020968
0.00018084087174732736
0.00018709561000379763
0.0001926598264721907
0.00019752909175154652
0.00020170229809706304
0.00020518153614195538
0.00020797196211530352
0.00021008165650726558
0.00021152147513621197
0.00021230489357082876
0.00021244784585460976
0.00021196855847026625
0.00021088738046790926
0.00020922661066342263
0.00020701032279249023
0.00020426418948162755
0.0002010153058703193
0.00019729201368842461
0.00019312372656044033
0.00018854075727344505
0.00018357414770860643
0.00017825550209752086
0.00017261682422435243
0.00016669035915326417
0.00016050844001791112
0.00015410334036643317
0.00014750713251118896
0.00014075155228817404
0.0001338678705863286
0.00012688677196254875
0.00011983824061379947
0.00011275145393400209
0.00010565468384010434
9.85752060094289e-05
9.15392171289296e-05
8.457176021678025e-05
7.769665803767271e-05
7.09364545956694e-05
6.431236465232971e-05
5.784423118346408e-05
5.155049065511617e-05
4.5448145968553186e-05
3.9552746894954735e-05
4.3609369629229075e-05
4.7463534831553505e-05
5.1103537837106965e-05
5.451914416442805e-05
5.770157506276659e-05
6.064348714381076e-05
6.33389464234077e-05
6.578339711154747e-05
6.797362549944142e-05
6.990771930109801e-05
7.158502281336544e-05
7.300608826306478e-05
7.417262371259852e-05
7.508743789639016e-05
7.575438235969869e-05
7.617829126888214e-05
7.636491925811546e-05
7.632087767198296e-05
7.605356955632606e-05
7.557112374138113e-05
7.488232835162004e-05
7.399656406593152e-05
7.292373743995633e-05
7.167421458958432e-05
7.025875552097754e-05
6.868844937802904e-05
6.697465086309558e-05
6.512891807114705e-05
6.316295196134435e-05
6.108853767350428e-05
5.891748788011162e-05
5.666158834748012e-05
5.4332545862561384e-05
5.194193866469579e-05
4.950116950451496e-05
4.70214214351827e-05
4.451361642441313e-05
4.19883768591522e-05
3.94559899986747e-05
3.6926375416031824e-05
3.4409055452515344e-05
3.191312869495291e-05
2.944724647143834e-05
2.7019592347427696e-05
2.4637864591155917e-05
2.2309261564970417e-05
2.0040469987586153e-05
1.7837656001351424e-05
1.570645896850039e-05
1.3651987910964375e-05
1.5033364440034999e-05
1.6341562816463015e-05
1.7572825943869488e-05
1.872392109016971e-05
1.9792131715003528e-05
2.0775247319722506e-05
2.167155144886399e-05
2.2479807975179393e-05
2.3199245802629782e-05
2.382954212343317e-05
2.437080436618766e-05
2.4823550972370602e-05
2.5188691138144172e-05
2.5467503657404586e-05
2.566161500043272e-05
2.5772976760362262e-05
2.5803842597022787e-05
2.5756744804565447e-05
2.563447062566732e-05
2.54400384310924e-05
2.517667387897802e-05
2.4847786163465017e-05
2.4456944457228202e-05
2.400785464713486e-05
2.350433645668617e-05
2.295030104313552e-05
2.234972915123966e-05
2.1706649899544237e-05
2.102512026894239e-05
2.030920535703439e-05
1.9562959455556935e-05
1.8790408001911873e-05
1.7995530449591823e-05
1.718224409614956e-05
1.6354388901265554e-05
1.5515713321507557e-05
1.466986118252902e-05
1.3820359603774995e-05
1.2970607985244435e-05
1.2123868060548233e-05
1.1283255015382924e-05
1.0451729665664892e-05
9.632091684908536e-06
8.826973866048798e-06
8.038837398752569e-06
7.269968139406211e-06
6.522473847353363e-06
5.798282357654316e-06
5.099140657586301e-06
4.426614831367559e-06
4.868432550241202e-06
5.285470962780068e-06
5.676607189189634e-06
6.040893364629991e-06
6.377552930637664e-06
6.685976313900915e-06
6.965716039301278e-06
7.21648132469015e-06
7.438132205180909e-06
7.630673234809999e-06
7.79424681327066e-06
7.929126185047677e-06
8.035708157712604e-06
8.11450558536594e-06
8.166139662267102e-06
8.191332070570233e-06
8.190897024812864e-06
8.165733254384481e-06
8.116815963653525e-06
8.045188807766893e-06
7.951955920365256e-06
7.838274027597624e-06
7.705344680877903e-06
7.554406638822861e-06
7.386728426751117e-06
7.20360110002449e-06
7.00633123538275e-06
6.7962341722776025e-06
6.574627524054922e-06
6.342824976686774e-06
6.1021303906140564e-06
5.853832219149395e-06
5.599198254804293e-06
5.339470712866018e-06
5.075861659551971e-06
4.809548790134662e-06
4.541671560551127e-06
4.273327674205446e-06
4.005569923936456e-06
3.7394033874698016e-06
3.475782973098601e-06
3.2156113108541712e-06
2.959736983029125e-06
2.708953086614651e-06
2.463996119002229e-06
2.2255451771893457e-06
1.9942214597085434e-06
1.7705880595846332e-06
1.5551500357977895e-06
1.3483547500091923e-06
1.4810807044578437e-06
1.6059439723527437e-06
1.722632645376133e-06
1.8308894903424939e-06
1.9305104901099166e-06
2.021343208942226e-06
2.1032849980649643e-06
2.1762810571792813e-06
2.240322367638224e-06
2.2954435128643767e-06
2.3417204013904785e-06
2.3792679076455386e-06
2.408237445289789e-06
2.428814487528126e-06
2.441216048406778e-06
2.4456881386261167e-06
2.4425032088895562e-06
2.4319575932572676e-06
2.4143689643892203e-06
2.390073811948353e-06
2.3594249547971977e-06
2.322789096962589e-06
2.2805444366681598e-06
2.233078337047099e-06
2.180785066452107e-06
2.1240636155784117e-06
2.0633155979143762e-06
1.99894323933373e-06
1.9313474619501873e-06
1.8609260666683701e-06
1.7880720181912385e-06
1.7131718355829158e-06
1.6366040908429339e-06
1.5587380173217666e-06
1.4799322292042583e-06
1.4005335527052055e-06
1.3208759690657277e-06
1.2412796689074264e-06
1.1620502169983824e-06
1.0834778260096146e-06
1.005836737396021e-06
9.293847071191495e-07
8.54362593545913e-07
7.809940445016527e-07
7.094852801362088e-07
6.40024967968077e-07
5.727841862136708e-07
0.0
0.0
0.0
0.0
0.0
0.0
0.0
0.0
0.0
0.0
0.0
0.0
0.0
0.0
0.0
0.0
0.0
0.0
0.0
0.0
0.0
0.0
0.0
0.0
0.0
0.0
0.0
0.0
0.0
0.0
0.0
0.0
0.0
0.0
0.0
0.0
0.0
0.0
0.0
0.0
0.0
0.0
0.0
0.0
0.0
0.0
0.0
0.0
0.0
0.0
0.0
0.0
0.0
0.0
0.0
0.0
0.0
0.0
0.0
0.0
0.0
0.0
0.0
0.0
0.0
0.0
0.0
0.0
0.0
0.0
0.0
0.0
0.0
0.0
0.0
0.0
0.0
0.0
0.0
0.0
0.0
0.0
0.0
0.0
0.0
0.0
0.0
0.0
0.0
0.0
0.0
0.0
0.0
0.0
0.0
0.0
0.0
0.0
0.0
0.0
0.0
0.0
0.0
0.0
0.0
0.0
0.0
0.0
0.0
0.0
0.0
0.0
0.0
0.0
0.0
0.0
0.0
0.0
0.0
0.0
0.0
0.0
0.0
0.0
0.0
0.0
0.0
0.0
0.0
0.0
0.0
0.0
0.0
0.0
0.0
0.0
0.0
0.0
0.0
0.0
0.0
0.0
0.0
0.0
0.0
0.0
0.0
0.0
0.0
0.0
0.0
0.0
0.0
0.0
0.0
0.0
0.0
0.0
0.0
0.0
0.0
0.0
0.0
0.0
0.0
0.0
0.0
0.0
0.0
0.0
0.0
0.0
0.0
0.0
0.0
0.0
0.0
0.0
0.0
0.0
0.0
0.0
0.0
0.0
0.0
0.0
0.0
0.0
0.0
0.0
0.0
0.0
0.0
0.0
0.0
0.0
0.0
0.0
0.0
0.0
0.0
0.0
0.0
0.0
0.0
0.0
0.0
0.0
0.0
0.0
0.0
0.0
0.0
0.0
0.0
0.0
0.0
0.0
0.0
0.0
0.0
0.0
0.0
0.0
0.0
0.0
0.0
0.0
0.0
0.0
0.0
0.0
0.0
0.0
0.0
0.0
0.0
0.0
0.0
0.0
0.0
0.0
0.0
0.0
0.0
0.0
0.0
0.0
0.0
0.0
0.0
0.0
0.0
0.0
0.0
0.0
0.0
0.0
0.0
0.0
0.0
0.0
0.0
0.0
0.0
0.0
0.0
0.0
0.0
0.0
0.0
0.0
0.0
0.0
0.0
0.0
0.0
0.0
0.0
0.0
0.0
0.0
0.0
0.0
0.0
0.0
0.0
0.0
0.0
0.0
0.0
0.0
0.0
0.0
0.0
0.0
0.0
0.0
0.0
0.0
0.0
0.0
0.0
0.0
0.0
0.0
0.0
0.0
0.0
0.0
0.0
0.0
0.0
0.0
0.0
0.0
0.0
0.0
0.0
0.0
0.0
0.0
0.0
0.0
0.0
0.0
0.0
0.0
0.0
0.0
0.0
0.0
0.0
0.0
0.0
0.0
0.0
0.0
0.0
0.0
0.0
0.0
0.0
0.0
0.0
0.0
0.0
0.0
0.0
0.0
0.0
0.0
0.0
0.0
0.0
0.0
0.0
0.0
0.0
0.0
0.0
0.0
0.0
0.0
0.0
0.0
0.0
0.0
0.0
0.0
0.0
0.0
0.0
0.0
0.0
0.0
0.0
0.0
0.0
0.0
0.0
0.0
0.0
0.0
0.0
0.0
0.0
0.0
0.0
0.0
0.0
0.0
0.0
0.0
0.0
0.0
0.0
0.0
0.0
0.0
0.0
0.0
0.0
0.0
0.0
0.0
0.0
0.0
0.0
0.0
0.0
0.0
0.0
0.0
0.0
0.0
0.0
0.0
0.0
0.0
0.0
0.0
0.0
0.0
0.0
0.0
0.0
0.0
0.0
0.0
0.0
0.0
0.0
0.0
0.0
0.0
0.0
0.0
0.0
0.0
0.0
0.0
0.0
0.0
0.0
0.0
0.0
0.0
0.0
0.0
0.0
0.0
0.0
0.0
0.0
0.0
0.0
0.0
0.0
0.0
0.0
0.0
0.0
0.0
0.0
0.0
0.0
0.0
0.0
0.0
0.0
0.0
0.0
0.0
0.0
0.0
0.0
0.0
0.0
0.0
0.0
0.0
0.0
0.0
0.0
0.0
0.0
0.0
0.0
0.0
0.0
0.0
0.0
0.0
0.0
0.0
0.0
0.0
0.0
0.0
0.0
0.0
0.0
0.0
0.0
0.0
0.0
0.0
0.0
0.0
0.0
0.0
0.0
0.0
0.0
0.0
0.0
0.0
0.0
0.0
0.0
0.0
0.0
0.0
0.0
0.0
0.0
0.0
0.0
0.0
0.0
0.0
0.0
0.0
0.0
0.0
0.0
0.0
0.0
0.0
0.0
0.0
0.0
0.0
0.0
0.0
0.0
0.0
0.0
0.0
0.0
0.0
0.0
0.0
0.0
0.0
0.0
0.0
0.0
0.0
0.0
0.0
0.0
0.0
0.0
0.0
0.0
0.0
0.0
0.0
0.0
0.0
0.0
0.0
0.0
0.0
0.0
0.0
0.0
0.0
0.0
0.0
0.0
0.0
0.0
0.0
0.0
0.0
0.0
0.0
0.0
0.0
0.0
0.0
0.0
0.0
0.0
0.0
0.0
0.0
0.0
0.0
0.0
0.0
0.0
0.0
0.0
0.0
0.0
0.0
0.0
0.0
0.0
0.0
0.0
0.0
0.0
0.0
0.0
0.0
0.0
0.0
0.0
0.0
0.0
0.0
0.0
0.0
0.0
0.0
0.0
0.0
0.0
0.0
0.0
0.0
0.0
0.0
0.0
0.0
0.0
0.0
0.0
0.0
0.0
0.0
0.0
0.0
0.0
0.0
0.0
0.0
0.0
0.0
0.0
0.0
0.0
0.0
0.0
0.0
0.0
0.0
0.0
0.0
0.0
0.0
0.0
0.0
0.0
0.0
0.0
0.0
0.0
0.0
0.0
0.0
0.0
0.0
0.0
0.0
0.0
0.0
0.0
0.0
0.0
0.0
0.0
0.0
0.0
0.0
0.0
0.0
0.0
0.0
0.0
0.0
0.0
0.0
0.0
0.0
0.0
0.0
0.0
0.0
0.0
0.0
0.0
0.0
0.0
0.0
0.0
0.0
0.0
0.0
0.0
0.0
0.0
0.0
0.0
0.0
0.0
0.0
0.0
0.0
0.0
0.0
0.0
0.0
0.0
0.0
0.0
0.0
0.0
0.0
0.0
0.0
0.0
0.0
0.0
0.0
0.0
0.0
0.0
0.0
0.0
0.0
0.0
0.0
0.0
0.0
0.0
0.0
0.0
0.0
0.0
0.0
0.0
0.0
0.0
0.0
0.0
0.0
0.0
0.0
0.0
0.0
0.0
0.0
0.0
0.0
0.0
0.0
0.0
0.0
0.0
0.0
0.0
0.0
0.0
0.0
0.0
0.0
0.0
0.0
0.0
0.0
0.0
0.0
0.0
0.0
0.0
0.0
0.0
0.0
0.0
0.0
0.0
0.0
0.0
0.0
0.0
0.0
0.0
0.0
0.0
0.0
0.0
0.0
0.0
0.0
0.0
0.0
0.0
0.0
0.0
0.0
0.0
0.0
0.0
0.0
0.0
0.0
0.0
0.0
0.0
0.0
0.0
0.0
0.0
0.0
0.0
0.0
0.0
0.0
0.0
0.0
0.0
0.0
0.0
0.0
0.0
0.0
0.0
0.0
0.0
0.0
0.0
0.0
0.0
0.0
0.0
0.0
0.0
0.0
0.0
0.0
0.0
0.0
0.0
0.0
0.0
0.0
0.0
0.0
0.0
0.0
0.0
0.0
0.0
0.0
0.0
0.0
0.0
0.0
0.0
0.0
0.0
0.0
0.0
0.0
0.0
0.0
0.0
0.0
0.0
0.0
0.0
0.0
0.0
0.0
0.0
0.0
0.0
0.0
0.0
0.0
0.0
0.0
0.0
0.0
0.0
0.0
0.0
0.0
0.0
0.0
0.0
0.0
0.0
0.0
0.0
0.0
0.0
0.0
0.0
0.0
0.0
0.0
0.0
0.0
0.0
0.0
0.0
0.0
0.0
0.0
0.0
0.0
0.0
0.0
0.0
0.0
0.0
0.0
0.0
0.0
0.0
0.0
0.0
0.0
0.0
0.0
0.0
0.0
0.0
0.0
0.0
0.0
0.0
0.0
0.0
0.0
0.0
0.0
0.0
0.0
0.0
0.0
0.0
0.0
0.0
0.0
0.0
0.0
0.0
0.0
0.0
0.0
0.0
0.0
0.0
0.0
0.0
0.0
0.0
0.0
0.0
0.0
0.0
0.0
0.0
0.0
0.0
0.0
0.0
0.0
0.0
0.0
0.0
0.0
0.0
0.0
0.0
0.0
0.0
0.0
0.0
0.0
0.0
0.0
0.0
0.0
0.0
0.0
0.0
0.0
0.0
0.0
0.0
0.0
0.0
0.0
0.0
0.0
0.0
0.0
0.0
0.0
0.0
0.0
0.0
0.0
0.0
0.0
0.0
0.0
0.0
0.0
0.0
0.0
0.0
0.0
0.0
0.0
0.0
0.0
0.0
0.0
0.0
0.0
0.0
0.0
0.0
0.0
0.0
0.0
0.0
0.0
0.0
0.0
0.0
0.0
0.0
0.0
0.0
0.0
0.0
0.0
0.0
0.0
0.0
0.0
0.0
0.0
0.0
0.0
0.0
0.0
0.0
0.0
0.0
0.0
0.0
0.0
0.0
0.0
0.0
0.0
0.0
0.0
0.0
0.0
0.0
0.0
0.0
0.0
0.0
0.0
0.0
0.0
0.0
0.0
0.0
0.0
0.0
0.0
0.0
0.0
0.0
0.0
0.0
0.0
0.0
0.0
0.0
0.0
0.0
0.0
0.0
0.0
0.0
0.0
0.0
0.0
0.0
0.0
0.0
0.0
0.0
0.0
0.0
0.0
0.0
0.0
0.0
0.0
0.0
0.0
0.0
0.0
0.0
0.0
0.0
0.0
0.0
0.0
0.0
0.0
0.0
0.0
0.0
0.0
0.0
0.0
0.0
0.0
0.0
0.0
0.0
0.0
0.0
0.0
0.0
0.0
0.0
0.0
0.0
0.0
0.0
0.0
0.0
0.0
0.0
0.0
0.0
0.0
0.0
0.0
0.0
0.0
0.0
0.0
0.0
0.0
0.0
0.0
0.0
0.0
0.0
0.0
0.0
0.0
0.0
0.0
0.0
0.0
0.0
0.0
0.0
0.0
0.0
0.0
0.0
0.0
0.0
0.0
0.0
0.0
0.0
0.0
0.0
0.0
0.0
0.0
0.0
0.0
0.0
0.0
0.0
0.0
0.0
0.0
0.0
0.0
0.0
0.0
0.0
0.0
0.0
0.0
0.0
0.0
0.0
0.0
0.0
0.0
0.0
0.0
0.0
0.0
0.0
0.0
0.0
0.0
0.0
0.0
0.0
0.0
0.0
0.0
0.0
0.0
0.0
0.0
0.0
0.0
0.0
0.0
0.0
0.0
0.0
0.0
0.0
0.0
0.0
0.0
0.0
0.0
0.0
0.0
0.0
0.0
0.0
0.0
0.0
0.0
0.0
0.0
0.0
0.0
0.0
0.0
0.0
0.0
0.0
0.0
0.0
0.0
0.0
0.0
0.0
0.0
0.0
0.0
0.0
0.0
0.0
0.0
0.0
0.0
0.0
0.0
0.0
0.0
0.0
0.0
0.0
0.0
0.0
0.0
0.0
0.0
0.0
0.0
0.0
0.0
0.0
0.0
0.0
0.0
0.0
0.0
0.0
0.0
0.0
0.0
0.0
0.0
0.0
0.0
0.0
0.0
0.0
0.0
0.0
0.0
0.0
0.0
0.0
0.0
0.0
0.0
0.0
0.0
0.0
0.0
0.0
0.0
0.0
0.0
0.0
0.0
0.0
0.0
0.0
0.0
0.0
0.0
0.0
0.0
0.0
0.0
0.0
0.0
0.0
0.0
0.0
0.0
0.0
0.0
0.0
0.0
0.0
0.0
0.0
0.0
0.0
0.0
0.0
0.0
0.0
0.0
0.0
0.0
0.0
0.0
0.0
0.0
0.0
0.0
0.0
0.0
0.0
0.0
0.0
0.0
0.0
0.0
0.0
0.0
0.0
0.0
0.0
0.0
0.0
0.0
0.0
0.0
0.0
0.0
0.0
0.0
0.0
0.0
0.0
0.0
0.0
0.0
0.0
0.0
0.0
0.0
0.0
0.0
0.0
0.0
0.0
0.0
0.0
0.0
0.0
0.0
0.0
0.0
0.0
0.0
0.0
0.0
0.0
0.0
0.0
0.0
0.0
0.0
0.0
0.0
0.0
0.0
0.0
0.0
0.0
0.0
0.0
0.0
0.0
0.0
0.0
0.0
0.0
0.0
0.0
0.0
0.0
0.0
0.0
0.0
0.0
0.0
0.0
0.0
0.0
0.0
0.0
0.0
0.0
0.0
0.0
0.0
0.0
0.0
0.0
0.0
0.0
0.0
0.0
0.0
0.0
0.0
0.0
0.0
0.0
0.0
0.0
0.0
0.0
0.0
0.0
0.0
0.0
0.0
0.0
0.0
0.0
0.0
0.0
0.0
0.0
0.0
0.0
0.0
0.0
0.0
0.0
0.0
0.0
0.0
0.0
0.0
0.0
0.0
0.0
0.0
0.0
0.0
0.0
0.0
0.0
0.0
0.0
0.0
0.0
0.0
0.0
0.0
0.0
0.0
0.0
0.0
0.0
0.0
0.0
0.0
0.0
0.0
0.0
0.0
0.0
0.0
0.0
0.0
0.0
0.0
0.0
0.0
0.0
0.0
0.0
0.0
0.0
0.0
0.0
0.0
0.0
0.0
0.0
0.0
0.0
0.0
0.0
0.0
0.0
0.0
0.0
0.0
0.0
0.0
0.0
0.0
0.0
0.0
0.0
0.0
0.0
0.0
0.0
0.0
0.0
0.0
0.0
0.0
0.0
0.0
0.0
0.0
0.0
0.0
0.0
0.0
0.0
0.0
0.0
0.0
0.0
0.0
0.0
0.0
0.0
0.0
0.0
0.0
0.0
0.0
0.0
0.0
0.0
0.0
0.0
0.0
0.0
0.0
0.0
0.0
0.0
0.0
0.0
0.0
0.0
0.0
0.0
0.0
0.0
0.0
0.0
0.0
0.0
0.0
0.0
0.0
0.0
0.0
0.0
0.0
0.0
0.0
0.0
0.0
0.0
0.0
0.0
0.0
0.0
0.0
0.0
0.0
0.0
0.0
0.0
0.0
0.0
0.0
0.0
0.0
0.0
0.0
0.0
0.0
0.0
0.0
0.0
0.0
0.0
0.0
0.0
0.0
0.0
0.0
0.0
0.0
0.0
0.0
0.0
0.0
0.0
0.0
0.0
0.0
0.0
0.0
0.0
0.0
0.0
0.0
0.0
0.0
0.0
0.0
0.0
0.0
0.0
0.0
0.0
0.0
0.0
0.0
0.0
0.0
0.0
0.0
0.0
0.0
0.0
0.0
0.0
0.0
0.0
0.0
0.0
0.0
0.0
0.0
0.0
0.0
0.0
0.0
0.0
0.0
0.0
0.0
0.0
0.0
0.0
0.0
0.0
0.0
0.0
0.0
0.0
0.0
0.0
0.0
0.0
0.0
0.0
0.0
0.0
0.0
0.0
0.0
0.0
0.0
0.0
0.0
0.0
0.0
0.0
0.0
0.0
0.0
0.0
0.0
0.0
0.0
0.0
0.0
0.0
0.0
0.0
0.0
0.0
0.0
0.0
0.0
0.0
0.0
0.0
0.0
0.0
0.0
0.0
0.0
0.0
0.0
0.0
0.0
0.0
0.0
0.0
0.0
0.0
0.0
0.0
0.0
0.0
0.0
0.0
0.0
0.0
0.0
0.0
0.0
0.0
0.0
0.0
0.0
0.0
0.0
0.0
0.0
0.0
0.0
0.0
0.0
0.0
0.0
0.0
0.0
0.0
0.0
0.0
0.0
0.0
0.0
0.0
0.0
0.0
0.0
0.0
0.0
0.0
0.0
0.0
0.0
0.0
0.0
0.0
0.0
0.0
0.0
0.0
0.0
0.0
0.0
0.0
0.0
0.0
0.0
0.0
0.0
0.0
0.0
0.0
0.0
0.0
0.0
0.0
0.0
0.0
0.0
0.0
0.0
0.0
0.0
0.0
0.0
0.0
0.0
0.0
0.0
0.0
0.0
0.0
0.0
0.0
0.0
0.0
0.0
0.0
0.0
0.0
0.0
0.0
0.0
0.0
0.0
0.0
0.0
0.0
0.0
0.0
0.0
0.0
0.0
0.0
0.0
0.0
0.0
0.0
0.0
0.0
0.0
0.0
0.0
0.0
0.0
0.0
0.0
0.0
0.0
0.0
0.0
0.0
0.0
0.0
0.0
0.0
0.0
0.0
0.0
0.0
0.0
0.0
0.0
0.0
0.0
0.0
0.0
0.0
0.0
0.0
0.0
0.0
0.0
0.0
0.0
0.0
0.0
0.0
0.0
0.0
0.0
0.0
0.0
0.0
0.0
0.0
0.0
0.0
0.0
0.0
0.0
0.0
0.0
0.0
0.0
0.0
0.0
0.0
0.0
0.0
0.0
0.0
0.0
0.0
0.0
0.0
0.0
0.0
0.0
0.0
0.0
0.0
0.0
0.0
0.0
0.0
0.0
0.0
0.0
0.0
0.0
0.0
0.0
0.0
0.0
0.0
0.0
0.0
0.0
0.0
0.0
0.0
0.0
0.0
0.0
0.0
0.0
0.0
0.0
0.0
0.0
0.0
0.0
0.0
0.0
0.0
0.0
0.0
0.0
0.0
0.0