0.0
0.0
0.0
0.0
0.0
0.0
0.0
0.0
0.0
0.0
0.0
0.0
0.0
0.0
0.0
0.0
0.0
0.0
0.0
0.0
0.0
0.0
0.0
0.0
0.0
0.0
0.0
0.0
0.0
0.0
0.0
0.0
0.0
0.0
0.0
0.0
0.0
0.0
0.0
0.0
0.0
0.0
0.0
0.0
0.0
0.0
0.0
0.0
0.0
0.0
0.0
0.0
0.0
0.0
0.0
0.0
0.0
0.0
0.0
0.0
0.0
0.0
0.0
0.0
0.0
0.0
0.0
0.0
0.0
0.0
0.0
0.0
0.0
0.0
0.0
0.0
0.0
0.0
0.0
0.0
0.0
0.0
0.0
0.0
0.0
0.0
0.0
0.0
0.0
0.0
0.0
0.0
0.0
0.0
0.0
0.0
0.0
0.0
0.0
0.0
0.0
0.0
0.0
0.0
0.0
0.0
0.0
0.0
0.0
0.0
0.0
0.0
0.0
0.0
0.0
0.0
0.0
0.0
0.0
0.0
0.0
0.0
0.0
0.0
0.0
0.0
0.0
0.0
0.0
0.0
0.0
0.0
0.0
0.0
0.0
0.0
0.0
0.0
0.0
0.0
0.0
0.0
0.0
0.0
0.0
0.0
0.0
0.0
0.0
0.0
0.0
0.0
0.0
0.0
0.0
0.0
0.0
0.0
0.0
0.0
0.0
0.0
0.0
0.0
0.0
0.0
0.0
0.0
0.0
0.0
0.0
0.0
0.0
0.0
0.0
0.0
0.0
0.0
0.0
0.0
0.0
0.0
0.0
0.0
0.0
0.0
0.0
0.0
0.0
0.0
0.0
0.0
0.0
0.0
0.0
0.0
0.0
0.0
0.0
0.0
0.0
0.0
0.0
0.0
0.0
0.0
0.0
0.0
0.0
0.0
0.0
0.0
0.0
0.0
0.0
0.0
0.0
0.0
0.0
0.0
0.0
0.0
0.0
0.0
0.0
0.0
0.0
0.0
0.0
0.0
0.0
0.0
0.0
0.0
0.0
0.0
0.0
0.0
0.0
0.0
0.0
0.0
0.0
0.0
0.0
0.0
0.0
0.0
0.0
0.0
0.0
0.0
0.0
0.0
0.0
0.0
0.0
0.0
0.0
0.0
0.0
0.0
0.0
0.0
0.0
0.0
0.0
0.0
0.0
0.0
0.0
0.0
0.0
0.0
0.0
0.0
0.0
0.0
0.0
0.0
0.0
0.0
0.0
0.0
0.0
0.0
0.0
0.0
0.0
0.0
0.0
0.0
0.0
0.0
0.0
0.0
0.0
0.0
0.0
0.0
0.0
0.0
0.0
0.0
0.0
0.0
0.0
0.0
0.0
0.0
0.0
0.0
0.0
0.0
0.0
0.0
0.0
0.0
0.0
0.0
0.0
0.0
0.0
0.0
0.0
0.0
0.0
0.0
0.0
0.0
0.0
0.0
0.0
0.0
0.0
0.0
0.0
0.0
0.0
0.0
0.0
0.0
0.0
0.0
0.0
0.0
0.0
0.0
0.0
0.0
0.0
0.0
0.0
0.0
0.0
0.0
0.0
0.0
0.0
0.0
0.0
0.0
0.0
0.0
0.0
0.0
0.0
0.0
0.0
0.0
0.0
0.0
0.0
0.0
0.0
0.0
0.0
0.0
0.0
0.0
0.0
0.0
0.0
0.0
0.0
0.0
0.0
0.0
0.0
0.0
0.0
0.0
0.0
0.0
0.0
0.0
0.0
0.0
0.0
0.0
0.0
0.0
0.0
0.0
0.0
0.0
0.0
0.0
0.0
0.0
0.0
0.0
0.0
0.0
0.0
0.0
0.0
0.0
0.0
0.0
0.0
0.0
0.0
0.0
0.0
0.0
0.0
0.0
0.0
0.0
0.0
0.0
0.0
0.0
0.0
0.0
0.0
0.0
0.0
0.0
0.0
0.0
0.0
0.0
0.0
0.0
0.0
0.0
0.0
0.0
0.0
0.0
0.0
0.0
0.0
0.0
0.0
0.0
0.0
0.0
0.0
0.0
0.0
0.0
0.0
0.0
0.0
0.0
0.0
0.0
0.0
0.0
0.0
0.0
0.0
0.0
0.0
0.0
0.0
0.0
0.0
0.0
0.0
0.0
0.0
0.0
0.0
0.0
0.0
0.0
0.0
0.0
0.0
0.0
0.0
0.0
0.0
0.0
0.0
0.0
0.0
0.0
0.0
0.0
0.0
0.0
0.0
0.0
0.0
0.0
0.0
0.0
0.0
0.0
0.0
0.0
0.0
0.0
0.0
0.0
0.0
0.0
0.0
0.0
0.0
0.0
0.0
0.0
0.0
0.0
0.0
0.0
0.0
0.0
0.0
0.0
0.0
0.0
0.0
0.0
0.0
0.0
0.0
0.0
0.0
0.0
0.0
0.0
0.0
0.0
0.0
0.0
0.0
0.0
0.0
0.0
0.0
0.0
0.0
0.0
0.0
0.0
0.0
0.0
0.0
0.0
0.0
0.0
0.0
0.0
0.0
0.0
0.0
0.0
0.0
0.0
0.0
0.0
0.0
0.0
0.0
0.0
0.0
0.0
0.0
0.0
0.0
0.0
0.0
0.0
0.0
0.0
0.0
0.0
0.0
0.0
0.0
0.0
0.0
0.0
0.0
0.0
0.0
0.0
0.0
0.0
0.0
0.0
0.0
0.0
0.0
0.0
0.0
0.0
0.0
0.0
0.0
0.0
0.0
0.0
0.0
0.0
0.0
0.0
0.0
0.0
0.0
0.0
0.0
0.0
0.0
0.0
0.0
0.0
0.0
0.0
0.0
0.0
0.0
0.0
0.0
0.0
0.0
0.0
0.0
0.0
0.0
0.0
0.0
0.0
0.0
0.0
0.0
0.0
0.0
0.0
0.0
0.0
0.0
0.0
0.0
0.0
0.0
0.0
0.0
0.0
0.0
0.0
0.0
0.0
0.0
0.0
0.0
0.0
0.0
0.0
0.0
0.0
0.0
0.0
0.0
0.0
0.0
0.0
0.0
0.0
0.0
0.0
0.0
0.0
0.0
0.0
0.0
0.0
0.0
0.0
0.0
0.0
0.0
0.0
0.0
0.0
0.0
0.0
0.0
0.0
0.0
0.0
0.0
0.0
0.0
0.0
0.0
0.0
0.0
0.0
0.0
0.0
0.0
0.0
0.0
0.0
0.0
0.0
0.0
0.0
0.0
0.0
0.0
0.0
0.0
0.0
0.0
0.0
0.0
0.0
0.0
0.0
0.0
0.0
0.0
0.0
0.0
0.0
0.0
0.0
0.0
0.0
0.0
0.0
0.0
0.0
0.0
0.0
0.0
0.0
0.0
0.0
0.0
0.0
0.0
0.0
0.0
0.0
0.0
0.0
0.0
0.0
0.0
0.0
0.0
0.0
0.0
0.0
0.0
0.0
0.0
0.0
0.0
0.0
0.0
0.0
0.0
0.0
0.0
0.0
0.0
0.0
0.0
0.0
0.0
0.0
0.0
0.0
0.0
0.0
0.0
0.0
0.0
0.0
0.0
0.0
0.0
0.0
0.0
0.0
0.0
0.0
0.0
0.0
0.0
0.0
0.0
0.0
0.0
0.0
0.0
0.0
0.0
0.0
0.0
0.0
0.0
0.0
0.0
0.0
0.0
0.0
0.0
0.0
0.0
0.0
0.0
0.0
0.0
0.0
0.0
0.0
0.0
0.0
0.0
0.0
0.0
0.0
0.0
0.0
0.0
0.0
0.0
0.0
0.0
0.0
0.0
0.0
0.0
0.0
0.0
0.0
0.0
0.0
0.0
0.0
0.0
0.0
0.0
0.0
0.0
0.0
0.0
0.0
0.0
0.0
0.0
0.0
0.0
0.0
0.0
0.0
0.0
0.0
0.0
0.0
0.0
0.0
0.0
0.0
0.0
0.0
0.0
0.0
0.0
0.0
0.0
0.0
0.0
0.0
0.0
0.0
0.0
0.0
0.0
0.0
0.0
0.0
0.0
0.0
0.0
0.0
0.0
0.0
0.0
0.0
0.0
0.0
0.0
0.0
0.0
0.0
0.0
0.0
0.0
0.0
0.0
0.0
0.0
0.0
0.0
0.0
0.0
0.0
0.0
0.0
0.0
0.0
0.0
0.0
0.0
0.0
0.0
0.0
0.0
0.0
0.0
0.0
0.0
0.0
0.0
0.0
0.0
0.0
0.0
0.0
0.0
0.0
0.0
0.0
0.0
0.0
0.0
0.0
0.0
0.0
0.0
0.0
0.0
0.0
0.0
0.0
0.0
0.0
0.0
0.0
0.0
0.0
0.0
0.0
0.0
0.0
0.0
0.0
0.0
0.0
0.0
0.0
0.0
0.0
0.0
0.0
0.0
0.0
0.0
0.0
0.0
0.0
0.0
0.0
0.0
0.0
0.0
0.0
4.7380275402493745e-07
5.471253776907268e-07
6.236676955080206e-07
7.032832222130337e-07
7.858043696461804e-07
8.710422031905653e-07
9.587862907917038e-07
1.0488046500361638e-06
1.1408437985586885e-06
1.2346289128014988e-06
1.3298640998670632e-06
1.4262327868845073e-06
1.5233982319511307e-06
1.6210041603129824e-06
1.7186755290133747e-06
1.8160194227641914e-06
1.912626083284792e-06
2.008070073804906e-06
2.1019115798452897e-06
2.1936978467712293e-06
2.2829647539631785e-06
2.36923852476532e-06
2.4520375706606693e-06
2.530874467380188e-06
2.6052580598882825e-06
2.674695692397816e-06
2.7386955587598655e-06
2.796769167747696e-06
2.8484339169158136e-06
2.8932157678659525e-06
2.9306520148967618e-06
2.9602941381566617e-06
2.981710731563698e-06
2.9944904949073492e-06
2.9982452787085846e-06
2.9926131695921037e-06
2.977261603122166e-06
2.9518904902767914e-06
2.916235342988814e-06
2.870070383472078e-06
2.8132116213815326e-06
2.7455198822334204e-06
2.6669037699406655e-06
2.57732254580476e-06
2.4767889058541574e-06
2.3653716380356737e-06
2.243198140454963e-06
2.1104567816295295e-06
1.9673990835684008e-06
1.8143417084307813e-06
1.651668229546407e-06
1.9048870335518816e-06
2.168666382365079e-06
2.442456776213384e-06
2.72563816281929e-06
3.01751954268323e-06
3.3173388993223326e-06
3.6242634705706813e-06
3.937390376151882e-06
4.2557476157219645e-06
4.5782954504493875e-06
4.903928179949114e-06
5.231476325020284e-06
5.559709225152141e-06
5.887338058164535e-06
6.2130192876365764e-06
6.535358541957617e-06
6.852914926907029e-06
7.164205771644769e-06
7.4677118058698825e-06
7.761882763695371e-06
8.045143407491587e-06
8.315899962583024e-06
8.572546951245592e-06
8.813474411960007e-06
9.037075487331704e-06
9.241754361511032e-06
9.425934525337723e-06
9.588067344812985e-06
9.726640905877128e-06
9.840189105854926e-06
9.927300959339178e-06
9.986630083728266e-06
1.0016904327129855e-05
1.0016935498906088e-05
9.985629160780554e-06
9.921994434167738e-06
9.825153777240932e-06
9.694352683235302e-06
9.528969249610598e-06
9.328523565983843e-06
9.092686867204666e-06
8.821290396600911e-06
8.514333923282456e-06
8.171993856475033e-06
7.794630899176296e-06
7.382797182997199e-06
6.937242825888671e-06
6.4589218545663796e-06
5.94899743385071e-06
5.40884634584267e-06
6.230288917019495e-06
7.084167810381845e-06
7.968564855293479e-06
8.881341264413498e-06
9.820137756423723e-06
1.0782375739280868e-05
1.1765259597013963e-05
1.2765780119709824e-05
1.3780719112605262e-05
1.480665521613713e-05
1.5839970964394385e-05
1.6876861104676624e-05
1.7913342195799216e-05
1.8945263497406917e-05
1.996831915687777e-05
2.0978061694430832e-05
2.196991678081337e-05
2.2939199295451322e-05
2.3881130646223905e-05
2.479085732509095e-05
2.5663470666684166e-05
2.6494027769698488e-05
2.727757353351588e-05
2.8009163754990625e-05
2.8683889222755457e-05
2.9296900738806972e-05
2.9843434989529848e-05
3.0318841180763947e-05
3.071860834403967e-05
3.1038393213748824e-05
3.127404856782635e-05
3.1421651917518486e-05
3.147753442507405e-05
3.143830992173407e-05
3.1300903892276906e-05
3.106258228663306e-05
3.0720980013766215e-05
3.0274128968166243e-05
2.9720485434964212e-05
2.9058956715897208e-05
2.8288926815168073e-05
2.7410281021703256e-05
2.6423429222449498e-05
2.5329327780206763e-05
2.412949980910805e-05
2.2826053681259034e-05
2.1421699599275847e-05
1.9919764071536317e-05
1.8324202129917096e-05
1.6639607133644948e-05
1.9142724214399544e-05
2.1739098386869073e-05
2.4422489490959065e-05
2.718601234176557e-05
3.002214122919572e-05
3.292271763738958e-05
3.587896128687749e-05
3.8881484590950845e-05
4.192031060533593e-05
4.498489453696185e-05
4.806414886342748e-05
5.114647209974017e-05
5.4219781233037595e-05
5.727154782938618e-05
6.0288837799384334e-05
6.325835479128234e-05
6.616648716168295e-05
6.899935845470427e-05
7.174288130081186e-05
7.438281462646411e-05
7.690482404531203e-05
7.929454528106737e-05
8.15376504513747e-05
8.361991702118197e-05
8.552729921332442e-05
8.724600164339401e-05
8.876255492558e-05
9.006389297614013e-05
9.113743172163299e-05
9.197114890005586e-05
9.255366462481815e-05
9.287432236401487e-05
9.292326997102224e-05
9.269154038697196e-05
9.217113162145523e-05
9.135508560482464e-05
9.02375654939625e-05
8.88139310033411e-05
8.70808113248605e-05
8.503617519330166e-05
8.267939764947312e-05
8.001132305028593e-05
7.703432387422241e-05
7.375235487197997e-05
7.017100211565055e-05
6.629752650559804e-05
6.214090130239383e-05
5.771184326173579e-05
5.3022836963311674e-05
4.808815194007412e-05
5.525300382800021e-05
6.266871803880997e-05
7.031635434470696e-05
7.817520994269125e-05
8.622284367716746e-05
9.443510935861492e-05
0.00010278619839300835
0.00011124869190132468
0.00011979362247089302
0.00012839054564053098
0.00013700762117954874
0.00014561170417685894
0.0001541684459107405
0.00016264240442246135
0.00017099716466805688
0.00017919546807232758
0.00018719935125770712
0.00019497029366827677
0.0002024693737560839
0.0002096574333432636
0.00021649524971952894
0.00022294371498060873
0.00022896402205944906
0.00023451785684870587
0.0002395675957605277
0.0002440765080181398
0.00024800896192356687
0.0002513306342972903
0.0002540087222389929
0.00025601215631411894
0.00025731181422907027
0.0002578807340187378
0.00025769432573407924
0.0002567305805848417
0.00025497027646360936
0.00025239717875240905
0.00024899823529238454
0.0002447637643808544
0.00023968763464859327
0.00023376743566372836
0.0002270046381073804
0.00021940474237035118
0.0002109774144299481
0.00020173660788157659
0.00019170067102122887
0.0001808924379025151
0.00016933930232557084
0.0001570732737550665
0.0001441310142107166
0.0001305538552261378
0.00014981822214572648
0.00016971361660356705
0.0001901863551861597
0.00021117825534567024
0.00023262672967906215
0.00025446490411822607
0.0002766217603969937
0.0002990223030612381
0.00032158775118358834
0.0003442357548348981
0.0003668806362508532
0.0003894336555143507
0.00041180330045298446
0.0004338956003265049
0.000455614462752037
0.00047686203318555553
0.0004975390761472701
0.0005175453772466373
0.0005367801649303123
0.0005551425507441173
0.0005725319867686252
0.0005888487387579215
0.0006039943733831667
0.0006178722578574386
0.0006303880700966578
0.0006414503174539285
0.0006509708619520517
0.0006588654498319897
0.0006650542431344468
0.0006694623509380994
0.0006720203577921673
0.000672664846803552
0.0006713389147704364
0.0006679926766956471
0.0006625837569648408
0.0006550777644374075
0.0006454487486722661
0.0006336796344972016
0.0006197626321294338
0.0006036996200672082
0.0005855024979977504
0.0005651935070064204
0.0005428055144253444
0.0005183822607279011
0.0004919785659578686
0.00046366049327944443
0.00043350546734630477
0.0004016023453148707
0.00036805143846840356
0.0003329644825747982
0.00038161899166412583
0.0004317567747551509
0.00048323564293059124
0.0005359026861450271
0.0005895945813308075
0.0006441379589780399
0.0006993498285929281
0.0007550380631805242
0.0008110019426298431
0.0008670327556023904
0.0009229144592403172
0.0009784243957189106
0.0010333340643707198
0.0010874099478070717
0.0011404143901576247
0.0011921065252420073
0.001242243252180123
0.0012905802556415658
0.0013368730676303964
0.0013808781674018837
0.0014223541158128713
0.001461062720120378
0.0014967702249638018
0.001529248524997884
0.0015582763943865156
0.0015836407281245722
0.001605137789926442
0.0016225744612088154
0.001635769485501613
0.0016445547024478712
0.001648776265400716
0.0016482958364963999
0.0016429917529764753
0.0016327601584523806
0.001617516092751865
0.0015971945339611961
0.0015717513862797796
0.0015411644073369645
0.0015054340686838177
0.0014645843432677728
0.0014186634138243458
0.0013677442962795822
0.0013119253724483706
0.001251330826538955
0.0011861109802313817
0.0011164425213886727
0.0010425286217824424
0.000964598939570527
0.000882909502650905
0.0007977424694343648
0.000913170588303331
0.001031853943374815
0.00115344040092081
0.0012775539969910777
0.001403795825274463
0.0015317450579267595
0.00166096009913525
0.0017909798705736907
0.0019213252272690514
0.002051500501755013
0.0021809951737294564
0.0023092856617671835
0.0024358372329670776
0.0025601060257382856
0.0026815411802555886
0.002799587070443155
0.0029136856306816237
0.0030232787697791405
0.0031278108641061017
0.003226731321169144
0.00331949720429613
0.003405575908523591
0.0034844478772250295
0.003555609348496115
0.003618575119824235
0.003672881319118911
0.0037180881697689984
0.0037537827370261066
0.003779581642693955
0.003795133734833638
0.0038001226989777684
0.0037942695971847924
0.003777335321161151
0.003749122945635336
0.0037094799681867533
0.0036583004218150254
0.003595526846684319
0.003521152107692731
0.0034352210448010405
0.003337831943407838
0.0032291378124808547
0.0031093474586461204
0.00297872634499867
0.0028375972240291293
0.002686340534759634
0.0025253945549490488
0.0023552553000591586
0.0021764761615693817
0.001989667278184929
0.001795494634499742
0.0020527234586451104
0.002316615140859875
0.0025863539155009663
0.0028610746611663646
0.0031398652074495193
0.003421768922625159
0.003705787579224756
0.003990884493104473
0.00427598793023237
0.0045599947740303385
0.004841774444705886
0.005120173060605848
0.005394017830224108
0.005662121662106122
0.005923287978520263
0.006176315717416788
0.006420004505877161
0.006653159986975413
0.006874599280737487
0.007083156558699791
0.007277688710443349
0.007457081079418882
0.007620253244392092
0.007766164821928799
0.0078938212645184
0.008002279628202408
0.008090654282943465
0.008158122538440603
0.008203930157678565
0.008227396730192724
0.008227920876847112
0.008204985257859437
0.008158161355873663
0.008087114006075142
0.007991605645674589
0.007871500255550699
0.007726766967446422
0.007557483310853754
0.007363838074605516
0.007146133759211164
0.006904788597134932
0.006640338119509422
0.006353436249211024
0.00604485590178605
0.005715489077411037
0.005366346428886659
0.00499855629260437
0.004613363171475109
0.004212125660971195
0.00379631381169297
0.004334765125801867
0.0048859177032066934
0.005448003053135881
0.006019157563473108
0.006597427969149205
0.007180777371391864
0.007767091796469266
0.008354187279813602
0.008939817458651758
0.009521681653508897
0.010097433416205129
0.010664689519242432
0.0112210393587987
0.0117640547409146
0.012291300017896651
0.012800342539474418
0.013288763380860692
0.01375416830757713
0.014194198934745939
0.014606544036514665
0.014988950959398997
0.015339237091599536
0.015655301338795963
0.015935135555546872
0.01617683588024728
0.01637861392061889
0.01653880773595118
0.01665589256177184
0.01672849122232396
0.016755384176159696
0.016735519140344123
0.01666802023919428
0.016552196624170224
0.01638755051248386
0.01617378459320522
0.01591080875112258
0.015598746060354494
0.0152379380017165
0.014828948860111034
0.014372569260731988
0.013869818805651921
0.013321947775381255
0.012730437863250902
0.012097001913961368
0.011423582641353559
0.01071235030437768
0.009965699324355278
0.009186243830928597
0.008376812128562483
0.007540440080082332
0.008599184970234425
0.009680437817108254
0.010780609774796751
0.011895941718640994
0.013022516158297944
0.014156270151609522
0.015293009187766876
0.016428422003127104
0.017558096287942988
0.018677535237225876
0.019782174894006875
0.02086740222841672
0.021928573891289126
0.022961035576443255
0.023960141921424497
0.02492127687232535
0.02583987443437153
0.026711439726287204
0.027531570253051516
0.02829597730856576
0.02900050741697314
0.029641163718942428
0.03021412720715902
0.030715777713575226
0.031142714549683478
0.03149177670019557
0.0317600624700621
0.03194494848475326
0.03204410794416211
0.03205552803138873
0.03197752637902833
0.031808766497420295
0.03154827207162697
0.031195440036691325
0.03075005234398524
0.030212286335183747
0.029582723644595642
0.02886235755523054
0.028052598739073394
0.027155279317572348
0.026172655184285902
0.025107406537992042
0.023962636581284794
0.02274186834678419
0.021449039620505875
0.020088495939681737
0.018664981650346357
0.017183629018273517
0.01564994539535607
0.014069798452197028
0.016025279238998685
0.018017745426855705
0.020040377818572673
0.022086074789527066
0.02414747624765148
0.026216989274156454
0.028286815371259235
0.03034897923434802
0.032395358957368586
0.03441771757176389
0.03640773581112014
0.03835704598576981
0.0402572668440606
0.04210003928982336
0.04387706281882528
0.04558013253071596
0.047201176567182666
0.048732293821797015
0.05016579176235721
0.05149422420247755
0.05271042885574907
0.053807564503052
0.054779147601541935
0.05561908816250286
0.056321724724672784
0.05688185824981996
0.05729478476830425
0.057556326604099234
0.057662862011297236
0.05761135305747
0.05739937159341793
0.0570251231538055
0.0564874686389538
0.05578594363461881
0.05492077523393424
0.053892896233797366
0.05270395658683961
0.05135633199968589
0.049853129578477665
0.048198190433562674
0.04639608916679519
0.04445213017704354
0.04237234073216675
0.04016346076891971
0.03783292939585853
0.03538886808836283
0.032840060579245406
0.030195929463084484
0.027466509547294224
0.02466241799797896
0.02805501567328082
0.03150376710467467
0.03499653754328673
0.03852075973652494
0.04206347855464239
0.04561139821750642
0.049150931969270714
0.052668254034737585
0.05614935367775643
0.059580091169059046
0.06294625545862273
0.06623362333596196
0.06942801985083166
0.07251537975665755
0.07548180972973347
0.07831365110883459
0.0809975428924844
0.0835204847247315
0.08586989959495848
0.0880336959730536
0.0900003290982143
0.09175886113780485
0.09329901993205113
0.09461125604097534
0.0956867978118667
0.09651770418875902
0.09709691498986942
0.09741829838473363
0.09747669530985996
0.09726796057011249
0.09678900038269758
0.09603780613156591
0.0950134841122189
0.09371628106028627
0.09214760527181133
0.0903100431388532
0.0882073709408005
0.08584456174956685
0.08322778732561734
0.08036441490141656
0.07726299876938808
0.07393326661271397
0.07038610053920005
0.0666335128009503
0.06268861620555505
0.058565589247919804
0.0542796360155236
0.04984694094382616
0.04528461852251187
0.04061065807726869
0.04613940826382364
0.05174651719524914
0.05741175821285592
0.06311429631591864
0.06883276530249241
0.07454534859673068
0.08022986347936427
0.08586384841801951
0.09142465317500072
0.09688953135222035
0.10223573501621995
0.10744061103072076
0.1124816987100742
0.11733682839431055
0.12198422053541695
0.12640258487498018
0.1305712192855492
0.13447010784205288
0.13808001768537206
0.14138259423783095
0.14436045432990308
0.14699727679893787
0.14927789012415263
0.15118835666759306
0.15271605309819228
0.15384974658549538
0.15457966636103682
0.15489757025874493
0.15479680586108197
0.1542723658948703
0.15332093753985207
0.15194094533395058
0.1501325873818474
0.14789786459782503
0.14524060273975153
0.14216646701849361
0.1386829690958979
0.1347994663145852
0.13052715303415025
0.12587904398071098
0.120869949550113
0.11551644303919158
0.1098368198143137
0.10385104846174803
0.0975807140000783
0.09104895327083748
0.084280382659471
0.07730101833467776
0.07013818922975446
0.06282044302483727
0.0712836813294821
0.07984658685633435
0.08847757492801284
0.0971442813444243
0.105813686327889
0.11445224321874636
0.12302601144143378
0.13150079323497255
0.1398422736175277
0.14801616303241508
0.15598834210275378
0.1637250079039286
0.17119282114741052
0.17835905365620186
0.18519173550151033
0.19165980116211562
0.19773323406252064
0.20338320884329666
0.20858223071718127
0.21330427126749316
0.21752490005126957
0.2212214113783112
0.22437294564894786
0.22696060464789108
0.22896756020892148
0.23037915568539444
0.2311829996845425
0.23136905154927653
0.23092969809954306
0.2298598211762152
0.22815685556385268
0.22582083690438381
0.22285443925166717
0.2192630019569102
0.21505454561682702
0.21023977686013104
0.20483208179326157
0.19884750797294193
0.1923047348211648
0.18522503244715105
0.17763220889071613
0.16955254585188514
0.16101472302252925
0.1520497311868124
0.14269077430830351
0.1329731608723915
0.12293418480288842
0.11261299632134562
0.10205046316616012
0.09128902263608023
0.10345817532208158
0.11574125383674191
0.12809204784475134
0.14046344962407817
0.15280763938150074
0.1650762760536514
0.17722069284811062
0.18919209674884552
0.2009417711828797
0.2124212810209963
0.2235826790643787
0.23437871315169728
0.24476303300735266
0.25469039594136406
0.26411687050506727
0.2730000372041649
0.2812991853720866
0.2889755053118523
0.29599227482394397
0.3023150392509043
0.30791178418660153
0.3127531000192684
0.3168123375024541
0.3200657535769374
0.32249264669927613
0.324075480968972
0.32479999838606194
0.3246553186141895
0.32363402567070015
0.3217322410148987
0.31894968255807876
0.31528970917415544
0.3107593503473987
0.30536932065376254
0.2991340188342661
0.29207151128270215
0.2842034998352114
0.275555273815836
0.2661556463596933
0.2560368751035759
0.24523456740244473
0.23378757029888905
0.22173784554118992
0.20913033001349274
0.19601278200882497
0.18243561384162305
0.1684517113610652
0.15411624098935534
0.1394864449698658
0.12462142556863809
0.1410574744964168
0.1576073997903226
0.17420785047249143
0.1907945719873435
0.20730266423530333
0.22366684512857746
0.23982171860352844
0.2557020459936803
0.2712430196411314
0.28638053760271953
0.30105147829041706
0.3151939738736354
0.3287476812641752
0.34165404950273626
0.35385658236926576
0.3653010950478283
0.37593596369042975
0.38571236674299797
0.39458451692078517
0.40250988274948113
0.4094493986224771
0.41536766236370687
0.42023311932930585
0.4240182321297958
0.4266996351074167
0.4282582727604638
0.42867952136777554
0.42795329313167
0.42607412222637187
0.42304123221103834
0.41885858434161116
0.41353490639358603
0.4070837016880513
0.39952323809574813
0.39087651687800445
0.38117122130893716
0.3704396451098378
0.3587186008139202
0.34604930826704866
0.3324772635574941
0.31805208875469654
0.30282736292298085
0.28686043496105645
0.2702122189011578
0.2529469723829137
0.23513205909564752
0.21683769605883163
0.1981366866832515
0.1791041406247248
0.15981718150789403
0.18066914454395747
0.2016144336873581
0.22257166269126383
0.24345869796099823
0.2641929933363009
0.2846919294136135
0.30487315600335324
0.32465493629216047
0.3439564912609315
0.3626983428966879
0.3808026547295454
0.39819356822585805
0.4147975335745538
0.430543633416253
0.445363898083568
0.45919361094622985
0.4719716024862872
0.48364053176631133
0.49414715399749176
0.5034425729642501
0.5114824771176718
0.518227358211172
0.5236427114183978
0.5276992159449622
0.5303728952220821
0.531645255851163
0.5315034045535535
0.5299401424687228
0.5269540362366507
0.5225494653958468
0.516736645726787
0.5095316282711945
0.5009562738601288
0.4910382030878385
0.4798107217732523
0.46731272205654384
0.453588559383723
0.43868790573748123
0.4226655795767912
0.40558135305085585
0.38749973715427927
0.36848974558929704
0.3486246381973937
0.3279816449157411
0.3066416713037433
0.28468898677056714
0.2622108967160663
0.23929739987400475
0.21604083221809092
0.1925354988573997
0.21738444627738698
0.24228316109455236
0.2671336591633226
0.29183754943561274
0.31629643883734554
0.3404123395522016
0.36408807700047935
0.3872276967879216
0.40973686889384753
0.431523287369958
0.45249706383049876
0.4725711130315686
0.4916615288616399
0.5096879490973348
0.5265739073175051
0.5422471704150943
0.5566400601995157
0.5696897576424259
0.5813385883865558
0.5915342882102324
0.6002302472194081
0.6073857316237661
0.6129660820437376
0.6169428873904401
0.6192941334604385
0.6200043254912507
0.6190645840313758
0.6164727135897586
0.6122332436436211
0.6063574416999324
0.5988632982240533
0.5897754833686352
0.5791252755563318
0.5669504620905721
0.5532952120892044
0.538209922155628
0.5217510353204912
0.5039808339038612
0.48496720706208374
0.4647833938952728
0.4435077030995371
0.4212232102525982
0.3980174339216471
0.373981991877659
0.3492122387908007
0.32380688686609643
0.29786761095739905
0.27149863976989164
0.24480633482719805
0.21789875893768149
0.2457137960340337
0.27351518170721334
0.3011923596575257
0.3286348677236393
0.3557327943769854
0.3823772345006771
0.4084607425234857
0.4338777809840044
0.4585251626134152
0.48230248404659737
0.5051125493010126
0.5268617812006539
0.5474606189681042
0.5668239002614575
0.5848712259940119
0.6015273063433945
0.6167222864323618
0.6303920502461323
0.6424785014399703
0.6529298197857639
0.6617006921070587
0.6687525166578642
0.674053580011349
0.6775792056395243
0.6793118734839557
0.6792413099397108
0.6773645477997947
0.6736859558345681
0.6682172378096476
0.6609774008758914
0.6519926933958201
0.6412965124015084
0.6289292810092052
0.6149382962449345
0.5993775478627095
0.5823075088621077
0.5637948985341823
0.543912418983745
0.5227384661910066
0.5003568167864135
0.47685629181819206
0.45233039889276666
0.42687695416277754
0.4005976857259957
0.37359782008032844
0.3459856533549
0.31787210910494984
0.28937028451806673
0.2605949869315474
0.23166226260440825
0.26090788861933084
0.2900656072544366
0.31901851098299544
0.34765037663059556
0.3758461452312929
0.40349239752053695
0.4304778230540048
0.45669368096613255
0.4820342504166011
0.5063972688147685
0.5296843559631985
0.5518014223196209
0.5726590596435109
0.5921729123672337
0.610264028113113
0.6268591858657163
0.6418912004033671
0.6552992016934063
0.6670288880621305
0.6770327520616839
0.6852702780724226
0.691708110799536
0.6963201939467563
0.6990878784770584
0.7
0.6990529249569799
0.6962505654088467
0.6916043623642434
0.6851332377213002
0.6768635150291793
0.6668288094090106
0.6550698871052077
0.6416344952676575
0.6265771626920521
0.609958972369348
0.591847306815167
0.5723155672657457
0.5514428679379094
0.5293137066564172
0.5060176132517904
0.481648777226106
0.45630565627116965
0.43009056730448386
0.4031092617611969
0.37547048694650637
0.34728553531034695
0.31866778355636444
0.28973222353847633
0.2605949869315458
0.2313728656869074
0.260256433555903
0.28897989820402187
0.3174273995215433
0.3454843376992198
0.37303784343767876
0.39997724028255977
0.4261944971473168
0.45158466913083406
0.47604632478913683
0.4994819580816747
0.5217983832803019
0.5429071112050395
0.5627247052325534
0.5811731156127049
0.5981799907233069
0.6136789639942157
0.6276099153379072
0.639919206034739
0.6505598861362312
0.6594918735688486
0.6666821042430241
0.6721046525973893
0.67574082213526
0.6775792056395247
0.6776157148819143
0.6758535797731968
0.6723033170311761
0.6669826685731629
0.6599165099681488
0.6511367294106404
0.6406820778026941
0.6285979906522063
0.6149363826138675
0.5997554156134998
0.5831192416066012
0.5650977211269886
0.5457661188814541
0.5252047777404543
0.5034987725631223
0.48073754537625746
0.45701452350223243
0.4324267222980439
0.4070743342285809
0.38106030604945684
0.3544899059202446
0.3274702823053924
0.30011001654928443
0.27251867103229854
0.24480633482719974
0.21708316877898357
0.24387783601988122
0.2704553795713026
0.2967081896158467
0.32253037243870597
0.34781817981233576
0.3724704277939477
0.3963889032118224
0.41947875617591535
0.4416488770137697
0.46281225610599647
0.4828863251740666
0.5017932786585374
0.5194603739157723
0.535820209057204
0.550810977355099
0.5643766972433659
0.5764674170500271
0.587039393709519
0.5960552448170617
0.6034840735038519
0.6093015657299439
0.6134900597111249
0.6160385873160867
0.6169428873904402
0.6162053910839549
0.6138351793763778
0.6098479131147121
0.604265735990496
0.597117150998881
0.5884368710315994
0.5782656443630151
0.5666500558915399
0.5536423050977547
0.5392999617748288
0.5236857006762049
0.506867016309308
0.4889159191823087
0.46990861488300617
0.4499251674347989
0.4290491484337848
0.4073672735236017
0.3849690278099064
0.36194628185484384
0.33839289992252625
0.3144043421706114
0.2900772624987476
0.2655091037738372
0.24079769215282665
0.21604083221808978
0.1913359046264414
0.21468405331620058
0.23778267572376646
0.26053810561838786
0.2828586519811274
0.304654964233105
0.32584038542182847
0.3463312919527386
0.3660474185191114
0.3849121669551715
0.40285289781378314
0.4198012035515415
0.4356931622895482
0.45046957120775605
0.464076158723662
0.47646377470227713
0.4875885580428368
0.4974120810886122
0.5059014704086287
0.5130295036040361
0.518774681896235
0.5231212783590004
0.5260593617614504
0.5275847960930611
0.5276992159449625
0.5264099780235678
0.5237300891723061
0.5196781113747075
0.5142780443068324
0.5075591860985972
0.49955597305166305
0.4903077991457437
0.47985881624524457
0.4682577159935766
0.45555749445322097
0.44181520061513846
0.4270916699614614
0.4114512443198981
0.3949614792974703
0.3776928406239021
0.359718390772203
0.3411134672544035
0.32195535401524483
0.30232294736441817
0.28229641789999177
0.26195686988094075
0.24138599950593218
0.22066575354817358
0.1998779897829302
0.17910414062472169
0.1584248813659737
0.17753493880181692
0.19639091344709872
0.21491640300013948
0.23303701646732808
0.2506806633198164
0.2677778305426055
0.28426184651275127
0.30006913070842955
0.3151394283200863
0.329416028907055
0.3428459683189627
0.3553802131793142
0.36697382730939976
0.3775861195532016
0.3871807725482648
0.39572595207281197
0.4031943966856747
0.40956348746222204
0.4148152977163174
0.41893662268457355
0.42191898923507265
0.4237586457472345
0.4244565323928662
0.42401823212979545
0.42245390279892825
0.4197781907924492
0.4160101268350698
0.411173004491367
0.4052942420800384
0.39840522874013506
0.39054115545467327
0.38174083189338676
0.3720464899883588
0.361503575203923
0.35016052650512386
0.338068546067334
0.3252813598027816
0.31185496980832006
0.2978473998618197
0.2833184351130009
0.26832935712732636
0.25294267544979493
0.23722185685800834
0.22123105347181773
0.20503483087944605
0.1886978974278801
0.17228483580814496
0.1558598380444603
0.13948644496986687
0.12322729124031684
0.13791912020423955
0.15237691102370857
0.1665422663672612
0.18035863943295427
0.19377154681829523
0.20672877040634488
0.21918054753710753
0.23107974879114543
0.2423820427730183
0.2530460473442135
0.2630334668195424
0.2723092147062316
0.2808415216315347
0.2886020281719351
0.29556586236484683
0.30171170175161266
0.3070218198684675
0.3114821171695232
0.3150821364325808
0.31781506276425836
0.31967770838539994
0.320670482440645
0.32079734613720373
0.3200657535769373
0.3184865787027213
0.3160740288343876
0.3128455453211867
0.3088216918864712
0.30402603128596695
0.2984849909434604
0.29222771826676996
0.2852859263824509
0.2776937310596022
0.26948747962130765
0.26070557266676003
0.2513882794475431
0.24157754775830226
0.23131680921468606
0.22065078080031125
0.20962526356928404
0.1982869393918767
0.1866831666280123
0.17486177560662486
0.16287086477848967
0.15075859839621947
0.138573006557531
0.12636178842708742
0.11417211942788925
0.10205046316616238
0.09004238882321089
0.1006518394740289
0.11106405748377449
0.12123722085600466
0.13113106377841333
0.14070702213438305
0.14992836992323288
0.15876034613423926
0.16717027166655046
0.17512765593514715
0.1826042928520706
0.18957434592179528
0.19601442223983961
0.20190363523404498
0.20722365603838785
0.2119587534393379
0.2160958223846144
0.21962440109318934
0.22253667685378167
0.2248274806462113
0.2264942707660494
0.22753710567748747
0.22795860636237705
0.22776390847455974
0.22696060464789108
0.2255586773435918
0.22357042265756732
0.22101036554104525
0.2178951669181341
0.21424352321167048
0.2100760588138107
0.20541521206030985
0.20028511528706927
0.19471146956449628
0.18872141471921575
0.18234339526399598
0.1756070228650198
0.16854293598126105
0.16118265731329803
0.15355844969892077
0.1457031710898847
0.1376501292386852
0.12943293671593836
0.12108536686822954
0.11264121131294717
0.10413413955103802
0.09559756126062224
0.08706449181437774
0.07856742154132622
0.07013818922975598
0.06180786034197692
0.06900420383355875
0.07604742275483833
0.08290945670357569
0.08956344975421966
0.09598384263667954
0.10214645800320503
0.10802857853110401
0.11360901764390476
0.11886818266860083
0.12378813028202952
0.1283526141348449
0.132547124576947
0.13635892044332218
0.13977705289401626
0.14279238133615435
0.14539758148951637
0.14758714568983228
0.14935737555584416
0.15070636717684527
0.15163398900701874
0.1521418526811067
0.1522332769928536
0.15191324530302333
0.15118835666759292
0.1500667709988846
0.14855814859280816
0.14667358437403402
0.1444255372277011
0.14182775480120052
0.1388951941725525
0.13564393879297845
0.13209111212034938
0.12825478836736126
0.12415390079341776
0.11980814797248823
0.11523789847043067
0.11046409436472653
0.10550815403700767
0.10039187466453563
0.09513733483061104
0.08976679766614869
0.08430261492513728
0.07876713238569237
0.07318259695579424
0.06757106584885769
0.061954318178903164
0.05635376930855118
0.05079038826526491
0.04528461852251231
0.039856302422715824
0.044441220476657016
0.04891612659372871
0.05326338472064646
0.057466220746854216
0.06150877646845041
0.06537615870437732
0.06905448344418236
0.07253091493033641
0.07579369960161945
0.07883219484756404
0.08163689254723767
0.0841994373885496
0.08651263998688001
0.08857048484381366
0.09036813320829391
0.09190192092327704
0.09316935136103918
0.09416908356951817
0.09490091577042409
0.09536576436723798
0.09556563863759356
0.0955036112998506
0.09518378515786155
0.09461125604097544
0.09379207226816348
0.09273319087578771
0.09144243085790384
0.08992842367611856
0.08820056130285153
0.0862689420674317
0.08414431457871634
0.08183802000095514
0.0793619329613345
0.07672840136815635
0.07395018541785504
0.0710403960671444
0.06801243324346744
0.06487992406271514
0.06165666131784063
0.058356542495654355
0.054993509571694556
0.051581489824788766
0.04813433790369967
0.0446657793682495
0.041189355916466656
0.03771837249785605
0.03426584650066851
0.03084445918838162
0.02746650954729415
0.02414387069352791
0.026887659531313477
0.029558079644534455
0.03214474964502573
0.034637860222062423
0.037028203218735706
0.03930719756270384
0.04146691200539587
0.043500084638471895
0.04540013917093187
0.047161197964597376
0.048778091839759764
0.050246366676498594
0.05156228685052091
0.05272283555521536
0.053725712074038486
0.0545693260791662
0.0552527890436403
0.05577590286486293
0.056139145807317666
0.05634365588170125
0.05639121178626263
0.05628421154402771
0.05602564897671415
0.05561908816250284
0.05506863603041123
0.054378913248815226
0.05355502356966291
0.05260252179314247
0.05152738051997951
0.05033595586018873
0.04903495226795411
0.04763138667243313
0.04613255207361807
0.04454598077103966
0.04287940739100129
0.04114073187530467
0.039337982590994525
0.03747927971663879
0.03557279905602192
0.03362673642495985
0.03164927275121963
0.029648540021350343
0.02763258820157008
0.025609353252819766
0.02358662635263983
0.021572024428813015
0.019572962101633944
0.017596625123420827
0.015649945395356028
0.01373957763313641
0.015281874117184195
0.016778648060780485
0.018224177184727304
0.019613092146532576
0.020940390869531193
0.022201450979859844
0.023392040341432163
0.024508325687538312
0.025546879355996817
0.02650468414285411
0.027379136297456707
0.028168046689259374
0.028869640183983417
0.02948255327362446
0.030005830011380998
0.030438916308731412
0.03078165265768351
0.031034265346573102
0.031197356242745975
0.031271891219955314
0.03125918731236749
0.031160898680673843
0.030979001478948647
0.030715777713575226
0.03037379818777523
0.02995590462703203
0.029465191081987994
0.028904984706235894
0.028278826006809397
0.027590448665133337
0.026843759025707774
0.026042815348914665
0.025191806923027478
0.024295033128832282
0.02335688254819979
0.022381812205557353
0.02137432702845459
0.020338959610373925
0.01928025035559053
0.018202728082265678
0.01711089115610833
0.01600918922283632
0.014902005603403103
0.013793640411472899
0.012688294448026759
0.011590053923228696
0.010502876050842425
0.009430575555551502
0.008376812128562639
0.007345078861848212
0.008159373816565016
0.008947347586431379
0.009706047348682597
0.010432723011909185
0.01112483360887564
0.01178005263282899
0.012396272321081009
0.012971606894162224
0.01350439476317883
0.013993199722200046
0.014436811146490898
0.014834243221227955
0.01518473322893119
0.015487738927235898
0.01574293505178941
0.01595020898198687
0.016109655609945258
0.016221571455554733
0.016286448072634446
0.016304964793153125
0.016277980858150354
0.01620652698541172
0.016091796425112326
0.015935135555546872
0.015738034071714892
0.01550211481992996
0.015229123331778456
0.014920917110666752
0.014579454723881276
0.014206784752540077
0.013805034651057554
0.013376399566772458
0.012923131169226769
0.01244752653722376
0.011951917150266713
0.011438658029278412
0.010910117069655416
0.010368664607714049
0.009816663259469876
0.009256458068451337
0.008690366996914988
0.008120671792393194
0.007549609259011322
0.006979362960432335
0.006412055378680034
0.005849740550426776
0.00529439719966507
0.004747922382981549
0.004212125660971243
0.0036887238066491963
0.004092546644953202
0.004482169216295369
0.004856165473466305
0.005213217929432188
0.005552120192276118
0.005871778952035662
0.00617121542602276
0.006449566271414736
0.006706083975992294
0.006940136739896026
0.007151207863142323
0.007338894655405814
0.007502906886207061
0.007643064795160808
0.007759296683317149
0.00785163610788283
0.00792021870372408
0.007965278656034245
0.007987144849396043
0.007986236719177826
0.007963059831778838
0.007918201220678897
0.00785232450555783
0.007766164821928799
0.007660523588782117
0.007536263141664776
0.007394301258430261
0.007235605604585823
0.007061188124748033
0.006872099406192468
0.006669423039861483
0.006454270003472575
0.0062277730905652825
0.005991081408430768
0.0057453549669040415
0.005491759378959805
0.005231460692954937
0.004965620375201814
0.004695390460352774
0.004421908885825014
0.00414629502521287
0.0038696454343164826
0.0035930298220846276
0.0033174872574118046
0.003044022621373601
0.0027736033131148313
0.0025071562162498804
0.00224556493127813
0.00198966727818494
0.0017402530720811013
0.001928355231394876
0.002109302089082795
0.002282449319417122
0.002447206842506305
0.0026030396841371967
0.0027494685712770193
0.0028860702685965063
0.0030124776623591067
0.0031283795989452048
0.003233520486147136
0.003327699666170445
0.003410770570018714
0.003482639663609964
0.0035432651965817755
0.0035926557652798123
0.0036308687018982155
0.0036580083021439404
0.0036742239041337396
0.0036797078315031735
0.0036746932139099767
0.0036594516982535264
0.0036342910640063475
0.003599552756067027
0.00355560934849612
0.0035028619523908657
0.003441737580993018
0.0033726864849083836
0.003296179470051114
0.0032127052106104056
0.0031227675689787055
0.003026882934177357
0.0029255775898756058
0.0028193851226207597
0.0027088438803886815
0.0025944944910231697
0.0024768774495694187
0.0023565307829169577
0.0022339877995622873
0.0021097749316761893
0.00198440967602725
0.001858398639665763
0.001732235695622553
0.0016064002532217433
0.0014813556469531982
0.0013575476471978116
0.0012354030954545
0.0011153286660797643
0.0009977097559259291
0.0008829095026509046
0.0007712679318772819
0.0008535658625383754
0.0009324937119591849
0.001007779231468337
0.0010791754851652356
0.0011464610748293223
0.0012094402462829057
0.001267942880591557
0.0013218243738869749
0.0013709654099712553
0.001415271630202383
0.0014546732054717937
0.0014891243153635765
0.0015186025398321993
0.0015431081689504986
0.0015626634364628263
0.0015773116830296878
0.0015871164551702786
0.0015921605459983577
0.0015925449839056696
0.0015883879753763699
0.001579823808116464
0.001567001720654643
0.0015500847445169591
0.0015292485249978837
0.0015046801264459325
0.0014765768278547063
0.0014451449144006966
0.0014105984703996655
0.0013731581789643644
0.0013330501334404342
0.001290504665474618
0.0012457551943331484
0.0011990371018380484
0.0011505866370286329
0.0011006398543841644
0.0010494315891652005
0.0009971944731450126
0.000944157993712209
0.0008905475990304721
0.0008365838516456221
0.0007824816326317681
0.0007284493980724577
0.0006746884893768628
0.0006213924986404019
0.0005687466899710081
0.0005169274774212977
0.00046610195989149774
0.00041642751310112737
0.0003680514384684013
0.0003211106684877475
0.00035493075242184417
0.0003872662373421519
0.000418009603960665
0.0004470643700750143
0.0004743451163917895
0.0004997774629151996
0.0005232979977284025
0.0005448541601439452
0.0005644040803361482
0.0005819163776891079
0.0005973699202016878
0.0006107535473831382
0.0006220657591520627
0.0006313143733156733
0.000638516154256932
0.0006436964154941227
0.0006468885988009711
0.0006481338325860502
0.0006474804722281258
0.0006449836250500394
0.0006407046625879228
0.0006347107227755677
0.0006270742046163213
0.0006178722578574384
0.0006071862701149009
0.0005951013538212644
0.0005817058352852948
0.0005670907480612773
0.0005513493327278824
0.0005345765450728542
0.0005168685745703542
0.0004983223749241485
0.00047903520833176487
0.00045910420500380186
0.0004386259393485755
0.000417696024106749
0.00039640872359332236
0.0003748565870768221
0.00035313010319737973
0.0003313173761984283
0.00030950382462008563
0.00028777190297801667
0.0002662008468286556
0.00024486644150213075
0.00022384081466713437
0.00020319225277861178
0.0001829850413499441
0.00016327932888569248
0.00014413101421071884
0.00012559165683532773
0.0001386458315207106
0.00015108799392131033
0.00016287848113171472
0.00017398212932094936
0.00018436825629850092
0.00019401062491712577
0.00020288738818857795
0.00021098101703854858
0.00021827821167109723
0.00022476979755088917
0.00023045060704347093
0.00023531934777990687
0.00023937845883228125
0.00024263395580118743
0.00024509526592514315
0.0002467750543255806
0.0002476890424993002
0.00024785582016371136
0.00024729665154864396
0.00024603527721256077
0.00024409771244065972
0.00024151204325790525
0.0002383082210618988
0.00023451785684870587
0.0002301740159698287
0.00022531101432051373
0.00021996421681901924
0.00021416983899337418
0.00020796475244710765
0.00020138629492841116
0.0001944720856788082
0.00018725984668756297
0.00017978723042750536
0.00017209165459638713
0.00016421014433620304
0.00015617918235071672
0.0001480345672896402
0.0001398112807160994
0.00013154336292300244
0.00012326379781345506
0.00011500440701100038
0.00010679575331708453
9.866705358624362e-05
9.06461010439515e-05
8.275919702828098e-05
7.503109209438467e-05
6.748493638070809e-05
6.014223909763554e-05
5.302283696331205e-05
4.6144871377447185e-05
5.0877597900767254e-05
5.537412397014575e-05
5.962079414329145e-05
6.360566819183273e-05
6.731850423989435e-05
7.075073500111256e-05
7.389543749397565e-05
7.674729663013871e-05
7.930256308268166e-05
8.1559005851281e-05
8.351585994892635e-05
8.517376964024224e-05
8.653472766469827e-05
8.760201087912186e-05
8.838011275298181e-05
8.887467314702916e-05
8.90924058011347e-05
8.904102395064678e-05
8.87291644823804e-05
8.816631103161131e-05
8.736271641022339e-05
8.632932474358678e-05
8.507769367994904e-05
8.36199170211817e-05
8.196854810780713e-05
8.013652427436721e-05
7.813709267361152e-05
7.598373774967156e-05
7.36901106215684e-05
7.126996061908833e-05
6.873706919346356e-05
6.610518640539347e-05
6.338797017298827e-05
6.059892844214509e-05
5.775136442193413e-05
5.485832500771315e-05
5.1932552495148654e-05
4.8986439669010904e-05
4.6031988331787145e-05
4.308077131870379e-05
4.0143898027934565e-05
3.723198347744506e-05
3.435512088334473e-05
3.1522857738665644e-05
2.8744175356348567e-05
2.602747182579882e-05
2.3380548318850512e-05
2.0810598668243328e-05
1.832420212991712e-05
1.5927319229458438e-05
1.753892518004083e-05
1.9065156619206853e-05
2.0501630267847738e-05
2.1844574605197993e-05
2.309082033417078e-05
2.4237788539676255e-05
2.5283476690341322e-05
2.622644263770929e-05
2.7065786769734743e-05
2.7801132477338697e-05
2.84326050938856e-05
2.89608094677657e-05
2.9386806327834867e-05
2.971208760030535e-05
2.9938550833838174e-05
3.0068472887089303e-05
3.010448302985992e-05
3.0049535605326356e-05
2.990688239661187e-05
2.9680044836274467e-05
2.937278619214102e-05
2.898908385737585e-05
2.8533101866766232e-05
2.8009163754990673e-05
2.7421725866133863e-05
2.677535121699144e-05
2.60746840097796e-05
2.5324424882801607e-05
2.452930698043279e-05
2.3694072916540123e-05
2.2823452698149757e-05
2.1922142668897185e-05
2.0994785524523794e-05
2.004595144550782e-05
1.9080120384809814e-05
1.8101665541758818e-05
1.7114838046283857e-05
1.6123752871070826e-05
1.5132375982785172e-05
1.414451273730627e-05
1.3163797517946743e-05
1.2193684609942373e-05
1.1237440299059959e-05
1.029813617705693e-05
9.378643631877996e-06
8.481629495973913e-06
7.609552821912256e-06
6.764662750596702e-06
5.948997433850685e-06
5.164383969928819e-06
5.679837975281403e-06
6.166382789910079e-06
6.6227083873879065e-06
7.047708925401657e-06
7.440478419077274e-06
7.800305699551068e-06
8.126668712518158e-06
8.419228212138508e-06
8.677820906044394e-06
8.902452107278332e-06
9.093287948815768e-06
9.250647215888957e-06
9.374992850664705e-06
9.466923182926931e-06
9.527162939311619e-06
9.556554082331938e-06
9.556046528948342e-06
9.526688796781895e-06
9.469618624262446e-06
9.386053609061375e-06
9.277281907092799e-06
9.144653032197229e-06
8.989568794357554e-06
8.813474411960003e-06
8.617849831209636e-06
8.404201283361905e-06
8.174053107946541e-06
7.928939867657203e-06
7.670398778064075e-06
7.399962472801236e-06
7.119152122383066e-06
6.829470922340961e-06
6.532397963938342e-06
6.229382498343688e-06
5.921838602810632e-06
5.611140255157105e-06
5.298616820642982e-06
4.985548953239687e-06
4.6731649112592e-06
4.362637285381435e-06
4.055080135281701e-06
3.751546529329866e-06
3.4530264802006457e-06
3.160445267717093e-06
2.8746621388359337e-06
2.59646937338757e-06
2.3265917029933008e-06
2.0656860695154053e-06
1.8143417084307542e-06
1.573080541677391e-06
1.7279274885341508e-06
1.873601301078201e-06
2.009738086272155e-06
2.1360377387329095e-06
2.252262238461569e-06
2.3582337437659302e-06
2.4538324977424584e-06
2.5389945667091615e-06
2.6137094289112613e-06
2.678017431675106e-06
2.7320071349555583e-06
2.775812558919795e-06
2.809610352838087e-06
2.833616902116147e-06
2.8480853898079074e-06
2.853302828397136e-06
2.8495870770378156e-06
2.8372838588001455e-06
2.8167637917874233e-06
2.7884194472730785e-06
2.752662447263397e-06
2.7099206131230203e-06
2.660635176112853e-06
2.6052580598882825e-06
2.5442492441941248e-06
2.4780742181748135e-06
2.4072015309001058e-06
2.332100445889352e-06
2.2532387056085517e-06
2.1710804111130984e-06
2.0860840212231116e-06
1.998700474846735e-06
1.909371439316756e-06
1.8185276868753945e-06
1.7265876007383015e-06
1.6339558114894064e-06
1.5410219639100157e-06
1.448159613725331e-06
1.3557252531647793e-06
1.2640574636778837e-06
1.1734761936286912e-06
1.0842821583056745e-06
9.967563591368984e-07
9.111597185852615e-07
8.27732826825577e-07
7.466957959627565e-07
6.682482172492827e-07
0.0
0.0
0.0
0.0
0.0
0.0
0.0
0.0
0.0
0.0
0.0
0.0
0.0
0.0
0.0
0.0
0.0
0.0
0.0
0.0
0.0
0.0
0.0
0.0
0.0
0.0
0.0
0.0
0.0
0.0
0.0
0.0
0.0
0.0
0.0
0.0
0.0
0.0
0.0
0.0
0.0
0.0
0.0
0.0
0.0
0.0
0.0
0.0
0.0
0.0
0.0
0.0
0.0
0.0
0.0
0.0
0.0
0.0
0.0
0.0
0.0
0.0
0.0
0.0
0.0
0.0
0.0
0.0
0.0
0.0
0.0
0.0
0.0
0.0
0.0
0.0
0.0
0.0
0.0
0.0
0.0
0.0
0.0
0.0
0.0
0.0
0.0
0.0
0.0
0.0
0.0
0.0
0.0
0.0
0.0
0.0
0.0
0.0
0.0
0.0
0.0
0.0
0.0
0.0
0.0
0.0
0.0
0.0
0.0
0.0
0.0
0.0
0.0
0.0
0.0
0.0
0.0
0.0
0.0
0.0
0.0
0.0
0.0
0.0
0.0
0.0
0.0
0.0
0.0
0.0
0.0
0.0
0.0
0.0
0.0
0.0
0.0
0.0
0.0
0.0
0.0
0.0
0.0
0.0
0.0
0.0
0.0
0.0
0.0
0.0
0.0
0.0
0.0
0.0
0.0
0.0
0.0
0.0
0.0
0.0
0.0
0.0
0.0
0.0
0.0
0.0
0.0
0.0
0.0
0.0
0.0
0.0
0.0
0.0
0.0
0.0
0.0
0.0
0.0
0.0
0.0
0.0
0.0
0.0
0.0
0.0
0.0
0.0
0.0
0.0
0.0
0.0
0.0
0.0
0.0
0.0
0.0
0.0
0.0
0.0
0.0
0.0
0.0
0.0
0.0
0.0
0.0
0.0
0.0
0.0
0.0
0.0
0.0
0.0
0.0
0.0
0.0
0.0
0.0
0.0
0.0
0.0
0.0
0.0
0.0
0.0
0.0
0.0
0.0
0.0
0.0
0.0
0.0
0.0
0.0
0.0
0.0
0.0
0.0
0.0
0.0
0.0
0.0
0.0
0.0
0.0
0.0
0.0
0.0
0.0
0.0
0.0
0.0
0.0
0.0
0.0
0.0
0.0
0.0
0.0
0.0
0.0
0.0
0.0
0.0
0.0
0.0
0.0
0.0
0.0
0.0
0.0
0.0
0.0
0.0
0.0
0.0
0.0
0.0
0.0
0.0
0.0
0.0
0.0
0.0
0.0
0.0
0.0
0.0
0.0
0.0
0.0
0.0
0.0
0.0
0.0
0.0
0.0
0.0
0.0
0.0
0.0
0.0
0.0
0.0
0.0
0.0
0.0
0.0
0.0
0.0
0.0
0.0
0.0
0.0
0.0
0.0
0.0
0.0
0.0
0.0
0.0
0.0
0.0
0.0
0.0
0.0
0.0
0.0
0.0
0.0
0.0
0.0
0.0
0.0
0.0
0.0
0.0
0.0
0.0
0.0
0.0
0.0
0.0
0.0
0.0
0.0
0.0
0.0
0.0
0.0
0.0
0.0
0.0
0.0
0.0
0.0
0.0
0.0
0.0
0.0
0.0
0.0
0.0
0.0
0.0
0.0
0.0
0.0
0.0
0.0
0.0
0.0
0.0
0.0
0.0
0.0
0.0
0.0
0.0
0.0
0.0
0.0
0.0
0.0
0.0
0.0
0.0
0.0
0.0
0.0
0.0
0.0
0.0
0.0
0.0
0.0
0.0
0.0
0.0
0.0
0.0
0.0
0.0
0.0
0.0
0.0
0.0
0.0
0.0
0.0
0.0
0.0
0.0
0.0
0.0
0.0
0.0
0.0
0.0
0.0
0.0
0.0
0.0
0.0
0.0
0.0
0.0
0.0
0.0
0.0
0.0
0.0
0.0
0.0
0.0
0.0
0.0
0.0
0.0
0.0
0.0
0.0
0.0
0.0
0.0
0.0
0.0
0.0
0.0
0.0
0.0
0.0
0.0
0.0
0.0
0.0
0.0
0.0
0.0
0.0
0.0
0.0
0.0
0.0
0.0
0.0
0.0
0.0
0.0
0.0
0.0
0.0
0.0
0.0
0.0
0.0
0.0
0.0
0.0
0.0
0.0
0.0
0.0
0.0
0.0
0.0
0.0
0.0
0.0
0.0
0.0
0.0
0.0
0.0
0.0
0.0
0.0
0.0
0.0
0.0
0.0
0.0
0.0
0.0
0.0
0.0
0.0
0.0
0.0
0.0
0.0
0.0
0.0
0.0
0.0
0.0
0.0
0.0
0.0
0.0
0.0
0.0
0.0
0.0
0.0
0.0
0.0
0.0
0.0
0.0
0.0
0.0
0.0
0.0
0.0
0.0
0.0
0.0
0.0
0.0
0.0
0.0
0.0
0.0
0.0
0.0
0.0
0.0
0.0
0.0
0.0
0.0
0.0
0.0
0.0
0.0
0.0
0.0
0.0
0.0
0.0
0.0
0.0
0.0
0.0
0.0
0.0
0.0
0.0
0.0
0.0
0.0
0.0
0.0
0.0
0.0
0.0
0.0
0.0
0.0
0.0
0.0
0.0
0.0
0.0
0.0
0.0
0.0
0.0
0.0
0.0
0.0
0.0
0.0
0.0
0.0
0.0
0.0
0.0
0.0
0.0
0.0
0.0
0.0
0.0
0.0
0.0
0.0
0.0
0.0
0.0
0.0
0.0
0.0
0.0
0.0
0.0
0.0
0.0
0.0
0.0
0.0
0.0
0.0
0.0
0.0
0.0
0.0
0.0
0.0
0.0
0.0
0.0
0.0
0.0
0.0
0.0
0.0
0.0
0.0
0.0
0.0
0.0
0.0
0.0
0.0
0.0
0.0
0.0
0.0
0.0
0.0
0.0
0.0
0.0
0.0
0.0
0.0
0.0
0.0
0.0
0.0
0.0
0.0
0.0
0.0
0.0
0.0
0.0
0.0
0.0
0.0
0.0
0.0
0.0
0.0
0.0
0.0
0.0
0.0
0.0
0.0
0.0
0.0
0.0
0.0
0.0
0.0
0.0
0.0
0.0
0.0
0.0
0.0
0.0
0.0
0.0
0.0
0.0
0.0
0.0
0.0
0.0
0.0
0.0
0.0
0.0
0.0
0.0
0.0
0.0
0.0
0.0
0.0
0.0
0.0
0.0
0.0
0.0
0.0
0.0
0.0
0.0
0.0
0.0
0.0
0.0
0.0
0.0
0.0
0.0
0.0
0.0
0.0
0.0
0.0
0.0
0.0
0.0
0.0
0.0
0.0
0.0
0.0
0.0
0.0
0.0
0.0
0.0
0.0
0.0
0.0
0.0
0.0
0.0
0.0
0.0
0.0
0.0
0.0
0.0
0.0
0.0
0.0
0.0
0.0
0.0
0.0
0.0
0.0
0.0
0.0
0.0
0.0
0.0
0.0
0.0
0.0
0.0
0.0
0.0
0.0
0.0
0.0
0.0
0.0
0.0
0.0
0.0
0.0
0.0
0.0
0.0
0.0
0.0
0.0
0.0
0.0
0.0
0.0
0.0
0.0
0.0
0.0
0.0
0.0
0.0
0.0
0.0
0.0
0.0
0.0
0.0
0.0
0.0
0.0
0.0
0.0
0.0
0.0
0.0
0.0
0.0
0.0
0.0
0.0
0.0
0.0
0.0
0.0
0.0
0.0
0.0
0.0
0.0
0.0
0.0
0.0
0.0
0.0
0.0
0.0
0.0
0.0
0.0
0.0
0.0
0.0
0.0
0.0
0.0
0.0
0.0
0.0
0.0
0.0
0.0
0.0
0.0
0.0
0.0
0.0
0.0
0.0
0.0
0.0
0.0
0.0
0.0
0.0
0.0
0.0
0.0
0.0
0.0
0.0
0.0
0.0
0.0
0.0
0.0
0.0
0.0
0.0
0.0
0.0
0.0
0.0
0.0
0.0
0.0
0.0
0.0
0.0
0.0
0.0
0.0
0.0
0.0
0.0
0.0
0.0
0.0
0.0
0.0
0.0
0.0
0.0
0.0
0.0
0.0
0.0
0.0
0.0
0.0
0.0
0.0
0.0
0.0
0.0
0.0
0.0
0.0
0.0
0.0
0.0
0.0
0.0
0.0
0.0
0.0
0.0
0.0
0.0
0.0
0.0
0.0
0.0
0.0
0.0
0.0
0.0
0.0
0.0
0.0
0.0
0.0
0.0
0.0
0.0
0.0
0.0
0.0
0.0
0.0
0.0
0.0
0.0
0.0
0.0
0.0
0.0
0.0
0.0
0.0
0.0
0.0
0.0
0.0
0.0
0.0
0.0
0.0
0.0
0.0
0.0
0.0
0.0
0.0
0.0
0.0
0.0
0.0
0.0
0.0
0.0
0.0
0.0
0.0
0.0
0.0
0.0
0.0
0.0
0.0
0.0
0.0
0.0
0.0
0.0
0.0
0.0
0.0
0.0
0.0
0.0
0.0
0.0
0.0
0.0
0.0
0.0
0.0
0.0
0.0
0.0
0.0
0.0
0.0
0.0
0.0
0.0
0.0
0.0
0.0
0.0
0.0
0.0
0.0
0.0
0.0
0.0
0.0
0.0
0.0
0.0
0.0
0.0
0.0
0.0
0.0
0.0
0.0
0.0
0.0
0.0
0.0
0.0
0.0
0.0
0.0
0.0
0.0
0.0
0.0
0.0
0.0
0.0
0.0
0.0
0.0
0.0
0.0
0.0
0.0
0.0
0.0
0.0
0.0
0.0
0.0
0.0
0.0
0.0
0.0
0.0
0.0
0.0
0.0
0.0
0.0
0.0
0.0
0.0
0.0
0.0
0.0
0.0
0.0
0.0
0.0
0.0
0.0
0.0
0.0
0.0
0.0
0.0
0.0
0.0
0.0
0.0
0.0
0.0
0.0
0.0
0.0
0.0
0.0
0.0
0.0
0.0
0.0
0.0
0.0
0.0
0.0
0.0
0.0
0.0
0.0
0.0
0.0
0.0
0.0
0.0
0.0
0.0
0.0
0.0
0.0
0.0
0.0
0.0
0.0
0.0
0.0
0.0
0.0
0.0
0.0
0.0
0.0
0.0
0.0
0.0
0.0
0.0
0.0
0.0
0.0
0.0
0.0
0.0
0.0
0.0
0.0
0.0
0.0
0.0
0.0
0.0
0.0
0.0
0.0
0.0
0.0
0.0
0.0
0.0
0.0
0.0
0.0
0.0
0.0
0.0
0.0
0.0
0.0
0.0
0.0
0.0
0.0
0.0
0.0
0.0
0.0
0.0
0.0
0.0
0.0
0.0
0.0
0.0
0.0
0.0
0.0
0.0
0.0
0.0
0.0
0.0
0.0
0.0
0.0
0.0
0.0
0.0
0.0
0.0
0.0
0.0
0.0
0.0
0.0
0.0
0.0
0.0
0.0
0.0
0.0
0.0
0.0
0.0
0.0
0.0
0.0
0.0
0.0
0.0
0.0
0.0
0.0
0.0
0.0
0.0
0.0
0.0
0.0
0.0
0.0
0.0
0.0
0.0
0.0
0.0
0.0
0.0
0.0
0.0
0.0
0.0
0.0
0.0
0.0
0.0
0.0
0.0
0.0
0.0
0.0
0.0
0.0
0.0
0.0
0.0
0.0
0.0
0.0
0.0
0.0
0.0
0.0
0.0
0.0
0.0
0.0
0.0
0.0
0.0
0.0
0.0
0.0
0.0
0.0
0.0
0.0
0.0
0.0
0.0
0.0
0.0
0.0
0.0
0.0
0.0
0.0
0.0
0.0
0.0
0.0
0.0
0.0
0.0
0.0
0.0
0.0
0.0
0.0
0.0
0.0
0.0
0.0
0.0
0.0
0.0
0.0
0.0
0.0
0.0
0.0
0.0
0.0
0.0
0.0
0.0
0.0
0.0
0.0
0.0
0.0
0.0
0.0
0.0
0.0
0.0
0.0
0.0
0.0
0.0
0.0
0.0
0.0
0.0
0.0
0.0
0.0
0.0
0.0
0.0
0.0
0.0
0.0
0.0
0.0
0.0
0.0
0.0
0.0
0.0
0.0
0.0
0.0
0.0
0.0
0.0
0.0
0.0
0.0
0.0
0.0
0.0
0.0
0.0
0.0
0.0
0.0
0.0
0.0
0.0
0.0
0.0
0.0
0.0
0.0
0.0
0.0
0.0
0.0
0.0
0.0
0.0
0.0
0.0
0.0
0.0
0.0
0.0
0.0
0.0
0.0
0.0
0.0
0.0
0.0
0.0
0.0
0.0
0.0
0.0
0.0
0.0
0.0
0.0
0.0
0.0
0.0
0.0
0.0
0.0
0.0
0.0
0.0
0.0
0.0
0.0
0.0
0.0
0.0
0.0
0.0
0.0
0.0
0.0
0.0
0.0
0.0
0.0
0.0
0.0
0.0
0.0
0.0
0.0
0.0
0.0
0.0
0.0
0.0
0.0
0.0
0.0
0.0
0.0
0.0
0.0
0.0
0.0
0.0
0.0
0.0
0.0
0.0
0.0
0.0
0.0
0.0
0.0
0.0
0.0
0.0
0.0
0.0
0.0
0.0
0.0
0.0
0.0
0.0
0.0
0.0
0.0
0.0
0.0
0.0
0.0
0.0
0.0
0.0
0.0
0.0
0.0
0.0
0.0
0.0
0.0
0.0
0.0
0.0
0.0
0.0
0.0
0.0
0.0
0.0
0.0
0.0
0.0
0.0
0.0
0.0
0.0
0.0
0.0
0.0
0.0
0.0
0.0
0.0
0.0
0.0
0.0
0.0
0.0
0.0
0.0
0.0
0.0
0.0
0.0
0.0
0.0
0.0
0.0
0.0
0.0
0.0
0.0
0.0
0.0
0.0
0.0
0.0
0.0
0.0
0.0
0.0
0.0
0.0
0.0
0.0
0.0
0.0
0.0
0.0
0.0
0.0
0.0
0.0
0.0
0.0
0.0
0.0
0.0
0.0
0.0
0.0
0.0
0.0
0.0
0.0
0.0
0.0
0.0
0.0
0.0
0.0
0.0
0.0
0.0
0.0
0.0
0.0
0.0
0.0
0.0
0.0
0.0
0.0
0.0
0.0
0.0
0.0
0.0
0.0
0.0
0.0
0.0
0.0
0.0
0.0
0.0
0.0
0.0
0.0
0.0
0.0
0.0
0.0
0.0
0.0
0.0
0.0
0.0
0.0
0.0
0.0
0.0
0.0
0.0
0.0
0.0
0.0
0.0
0.0
0.0
0.0
0.0
0.0
0.0
0.0
0.0
0.0
0.0
0.0
0.0
0.0
0.0
0.0
0.0
0.0
0.0
0.0
0.0
0.0
0.0
0.0
0.0
0.0
0.0
0.0
0.0
0.0
0.0
0.0
0.0
0.0
0.0
0.0
0.0
0.0
0.0
0.0
0.0
0.0
0.0
0.0
0.0
0.0
0.0
0.0
0.0
0.0
0.0
0.0
0.0
0.0
0.0
0.0
0.0
0.0
0.0
0.0
0.0
0.0
0.0
0.0
0.0
0.0
0.0
0.0
0.0
0.0
0.0
0.0
0.0
0.0
0.0
0.0
0.0
0.0
0.0
0.0
0.0
0.0
0.0
0.0
0.0
0.0
0.0
0.0
0.0
0.0
0.0
0.0
0.0
0.0
0.0
0.0
0.0
0.0
0.0
0.0
0.0
0.0
0.0
0.0
0.0
0.0
0.0
0.0
0.0
0.0
0.0
0.0
0.0
0.0
0.0
0.0
0.0
0.0
0.0
0.0
0.0
0.0
0.0
0.0
0.0
0.0
0.0
0.0
0.0
0.0
0.0
0.0
0.0
0.0
0.0
0.0
0.0
0.0
0.0
0.0
0.0
0.0
0.0
0.0
0.0
0.0
0.0
0.0
0.0
0.0
0.0
0.0
0.0
0.0
0.0
0.0
0.0
0.0
0.0
0.0
0.0
0.0
0.0
0.0
0.0
0.0
0.0
0.0
0.0
0.0
0.0
0.0
0.0
0.0
0.0
0.0
0.0
0.0
0.0
0.0
0.0
0.0
0.0
0.0
0.0
0.0
0.0
0.0
0.0
0.0
0.0
0.0
0.0
0.0
0.0
0.0
0.0
0.0
0.0
0.0
0.0
0.0
0.0
0.0
0.0
0.0
0.0
0.0
0.0
0.0
0.0
0.0
0.0
0.0
0.0
0.0
0.0
0.0
0.0
0.0
0.0
0.0
0.0
0.0
0.0
0.0
0.0
0.0
0.0
0.0
0.0
0.0
0.0
0.0
0.0
0.0
0.0
0.0
0.0
0.0
0.0
0.0
0.0
0.0
0.0
0.0
0.0
0.0
0.0
0.0
0.0
0.0
0.0
0.0
0.0
0.0
0.0
0.0
0.0
0.0
0.0
0.0
0.0
0.0
0.0
0.0
0.0
0.0
0.0
0.0
0.0
0.0
0.0
0.0
0.0
0.0
0.0
0.0
0.0
0.0
0.0
0.0
0.0
0.0
0.0
0.0
0.0
0.0
0.0
0.0
0.0
0.0
0.0
0.0
0.0
0.0
0.0
0.0
0.0
0.0
0.0
0.0
0.0
0.0
0.0
0.0
0.0
0.0
0.0
0.0
0.0
0.0
0.0
0.0
0.0
0.0
0.0
0.0
0.0
0.0
0.0
0.0
0.0
0.0
0.0
0.0
0.0
0.0
0.0
0.0
0.0
0.0
0.0
0.0
0.0
0.0
0.0
0.0
0.0
0.0
0.0
0.0
0.0
0.0
0.0
0.0
0.0
0.0
0.0
0.0
0.0
0.0
0.0
0.0
0.0
0.0
0.0
0.0
0.0
0.0
0.0
0.0
0.0
0.0
0.0
0.0
0.0
0.0
0.0
0.0
0.0
0.0
0.0
0.0
0.0
0.0