0.0
0.0
0.0
0.0
0.0
0.0
0.0
0.0
0.0
0.0
0.0
0.0
0.0
0.0
0.0
0.0
0.0
0.0
0.0
0.0
0.0
0.0
0.0
0.0
0.0
0.0
0.0
0.0
0.0
0.0
0.0
0.0
0.0
0.0
0.0
0.0
0.0
0.0
0.0
0.0
0.0
0.0
0.0
0.0
0.0
0.0
0.0
0.0
0.0
0.0
0.0
0.0
0.0
0.0
0.0
0.0
0.0
0.0
0.0
0.0
0.0
0.0
0.0
0.0
0.0
0.0
0.0
0.0
0.0
0.0
0.0
0.0
0.0
0.0
0.0
0.0
0.0
0.0
0.0
0.0
0.0
0.0
0.0
0.0
0.0
0.0
0.0
0.0
0.0
0.0
0.0
0.0
0.0
0.0
0.0
0.0
0.0
0.0
0.0
0.0
0.0
0.0
0.0
0.0
0.0
0.0
0.0
0.0
0.0
0.0
0.0
0.0
0.0
0.0
0.0
0.0
0.0
0.0
0.0
0.0
0.0
0.0
0.0
0.0
0.0
0.0
0.0
0.0
0.0
0.0
0.0
0.0
0.0
0.0
0.0
0.0
0.0
0.0
0.0
0.0
0.0
0.0
0.0
0.0
0.0
0.0
0.0
0.0
0.0
0.0
0.0
0.0
0.0
0.0
0.0
0.0
0.0
0.0
0.0
0.0
0.0
0.0
0.0
0.0
0.0
0.0
0.0
0.0
0.0
0.0
0.0
0.0
0.0
0.0
0.0
0.0
0.0
0.0
0.0
0.0
0.0
0.0
0.0
0.0
0.0
0.0
0.0
0.0
0.0
0.0
0.0
0.0
0.0
0.0
0.0
0.0
0.0
0.0
0.0
0.0
0.0
0.0
0.0
0.0
0.0
0.0
0.0
0.0
0.0
0.0
0.0
0.0
0.0
0.0
0.0
0.0
0.0
0.0
0.0
0.0
0.0
0.0
0.0
0.0
0.0
0.0
0.0
0.0
0.0
0.0
0.0
0.0
0.0
0.0
0.0
0.0
0.0
0.0
0.0
0.0
0.0
0.0
0.0
0.0
0.0
0.0
0.0
0.0
0.0
0.0
0.0
0.0
0.0
0.0
0.0
0.0
0.0
0.0
0.0
0.0
0.0
0.0
0.0
0.0
0.0
0.0
0.0
0.0
0.0
0.0
0.0
0.0
0.0
0.0
0.0
0.0
0.0
0.0
0.0
0.0
0.0
0.0
0.0
0.0
0.0
0.0
0.0
0.0
0.0
0.0
0.0
0.0
0.0
0.0
0.0
0.0
0.0
0.0
0.0
0.0
0.0
0.0
0.0
0.0
0.0
0.0
0.0
0.0
0.0
0.0
0.0
0.0
0.0
0.0
0.0
0.0
0.0
0.0
0.0
0.0
0.0
0.0
0.0
0.0
0.0
0.0
0.0
0.0
0.0
0.0
0.0
0.0
0.0
0.0
0.0
0.0
0.0
0.0
0.0
0.0
0.0
0.0
0.0
0.0
0.0
0.0
0.0
0.0
0.0
0.0
0.0
0.0
0.0
0.0
0.0
0.0
0.0
0.0
0.0
0.0
0.0
0.0
0.0
0.0
0.0
0.0
0.0
0.0
0.0
0.0
0.0
0.0
0.0
0.0
0.0
0.0
0.0
0.0
0.0
0.0
0.0
0.0
0.0
0.0
0.0
0.0
0.0
0.0
0.0
0.0
0.0
0.0
0.0
0.0
0.0
0.0
0.0
0.0
0.0
0.0
0.0
0.0
0.0
0.0
0.0
0.0
0.0
0.0
0.0
0.0
0.0
0.0
0.0
0.0
0.0
0.0
0.0
0.0
0.0
0.0
0.0
0.0
0.0
0.0
0.0
0.0
0.0
0.0
0.0
0.0
0.0
0.0
0.0
0.0
0.0
0.0
0.0
0.0
0.0
0.0
0.0
0.0
0.0
0.0
0.0
0.0
0.0
0.0
0.0
0.0
0.0
0.0
0.0
0.0
0.0
0.0
0.0
0.0
0.0
0.0
0.0
0.0
0.0
0.0
0.0
0.0
0.0
0.0
0.0
0.0
0.0
0.0
0.0
0.0
0.0
0.0
0.0
0.0
0.0
0.0
0.0
0.0
0.0
0.0
0.0
0.0
0.0
0.0
0.0
0.0
0.0
0.0
0.0
0.0
0.0
0.0
0.0
0.0
0.0
0.0
0.0
0.0
0.0
0.0
0.0
0.0
0.0
0.0
0.0
0.0
0.0
0.0
0.0
0.0
0.0
0.0
0.0
0.0
0.0
0.0
0.0
0.0
0.0
0.0
0.0
0.0
0.0
0.0
0.0
0.0
0.0
0.0
0.0
0.0
0.0
0.0
0.0
0.0
0.0
0.0
0.0
0.0
0.0
0.0
0.0
0.0
0.0
0.0
0.0
0.0
0.0
0.0
0.0
0.0
0.0
0.0
0.0
0.0
0.0
0.0
0.0
0.0
0.0
0.0
0.0
0.0
0.0
0.0
0.0
0.0
0.0
0.0
0.0
0.0
0.0
0.0
0.0
0.0
0.0
0.0
0.0
0.0
0.0
0.0
0.0
0.0
0.0
0.0
0.0
0.0
0.0
0.0
0.0
0.0
0.0
0.0
0.0
0.0
0.0
0.0
0.0
0.0
0.0
0.0
0.0
0.0
0.0
0.0
0.0
0.0
0.0
0.0
0.0
0.0
0.0
0.0
0.0
0.0
0.0
0.0
0.0
0.0
0.0
0.0
0.0
0.0
0.0
0.0
0.0
0.0
0.0
0.0
0.0
0.0
0.0
0.0
0.0
0.0
0.0
0.0
0.0
0.0
0.0
0.0
0.0
0.0
0.0
0.0
0.0
0.0
0.0
0.0
0.0
0.0
0.0
0.0
0.0
0.0
0.0
0.0
0.0
0.0
0.0
0.0
0.0
0.0
0.0
0.0
0.0
0.0
0.0
0.0
0.0
0.0
0.0
0.0
0.0
0.0
0.0
0.0
0.0
0.0
0.0
0.0
0.0
0.0
0.0
0.0
0.0
0.0
0.0
0.0
0.0
0.0
0.0
0.0
0.0
0.0
0.0
0.0
0.0
0.0
0.0
0.0
0.0
0.0
0.0
0.0
0.0
0.0
0.0
0.0
0.0
0.0
0.0
0.0
0.0
0.0
0.0
0.0
0.0
0.0
0.0
0.0
0.0
0.0
0.0
0.0
0.0
0.0
0.0
0.0
0.0
0.0
0.0
0.0
0.0
0.0
0.0
0.0
0.0
0.0
0.0
0.0
0.0
0.0
0.0
0.0
0.0
0.0
0.0
0.0
0.0
0.0
0.0
0.0
0.0
0.0
0.0
0.0
0.0
0.0
0.0
0.0
0.0
0.0
0.0
0.0
0.0
0.0
0.0
0.0
0.0
0.0
0.0
0.0
0.0
0.0
0.0
0.0
0.0
0.0
0.0
0.0
0.0
0.0
0.0
0.0
0.0
0.0
0.0
0.0
0.0
0.0
0.0
0.0
0.0
0.0
0.0
0.0
0.0
0.0
0.0
0.0
0.0
0.0
0.0
0.0
0.0
0.0
0.0
0.0
0.0
0.0
0.0
0.0
0.0
0.0
0.0
0.0
0.0
0.0
0.0
0.0
0.0
0.0
0.0
0.0
0.0
0.0
0.0
0.0
0.0
0.0
0.0
0.0
0.0
0.0
0.0
0.0
0.0
0.0
0.0
0.0
0.0
0.0
0.0
0.0
0.0
0.0
0.0
0.0
0.0
0.0
0.0
0.0
0.0
0.0
0.0
0.0
0.0
0.0
0.0
0.0
0.0
0.0
0.0
0.0
0.0
0.0
0.0
0.0
0.0
0.0
0.0
0.0
0.0
0.0
0.0
0.0
0.0
0.0
0.0
0.0
0.0
0.0
0.0
0.0
0.0
0.0
0.0
0.0
0.0
0.0
0.0
0.0
0.0
0.0
0.0
0.0
0.0
0.0
0.0
0.0
0.0
0.0
0.0
0.0
0.0
0.0
0.0
0.0
0.0
0.0
0.0
0.0
0.0
0.0
0.0
0.0
0.0
0.0
0.0
0.0
0.0
0.0
0.0
0.0
0.0
0.0
0.0
0.0
0.0
0.0
0.0
0.0
0.0
0.0
0.0
0.0
0.0
0.0
0.0
0.0
0.0
0.0
0.0
0.0
0.0
0.0
0.0
0.0
0.0
0.0
0.0
0.0
0.0
0.0
0.0
0.0
0.0
0.0
0.0
0.0
0.0
0.0
0.0
0.0
0.0
0.0
0.0
0.0
0.0
0.0
0.0
0.0
0.0
0.0
0.0
0.0
0.0
0.0
0.0
0.0
0.0
0.0
0.0
0.0
0.0
0.0
0.0
0.0
0.0
0.0
0.0
0.0
0.0
0.0
0.0
0.0
2.7074443087139285e-07
3.126430729661297e-07
3.563815402902975e-07
4.0187612697887646e-07
4.4903106836924596e-07
4.977384018231802e-07
5.478778804524022e-07
5.99316942877808e-07
6.519107420335364e-07
7.055022358865708e-07
7.599223427811792e-07
8.149901639340043e-07
8.705132754006461e-07
9.262880916074186e-07
9.82100302293357e-07
1.0377253844366808e-06
1.0929291904484527e-06
1.1474686136028037e-06
1.2010923313401655e-06
1.253541626726417e-06
1.3045512879789594e-06
1.3538505855801833e-06
1.4011643260918114e-06
1.4462139813601078e-06
1.488718891364733e-06
1.5283975385130377e-06
1.5649688907199234e-06
1.5981538101415409e-06
1.6276765239518937e-06
1.6532661530662586e-06
1.674658294226721e-06
1.6915966503752353e-06
1.7038347037506847e-06
1.7111374256613425e-06
1.7132830164049059e-06
1.710064668338345e-06
1.701292344641238e-06
1.6867945658724526e-06
1.6664201959936081e-06
1.6400402191269017e-06
1.6075494979323043e-06
1.5688685041333834e-06
1.5239450113946664e-06
1.4727557404598632e-06
1.415307946202376e-06
1.351640936020385e-06
1.2818275088314075e-06
1.205975303788303e-06
1.124228047753372e-06
1.0367666905318751e-06
9.438104168836613e-07
1.088506876315361e-06
1.2392379327800452e-06
1.3956895864076483e-06
1.5575075216110229e-06
1.7242968815332748e-06
1.8956222281841903e-06
2.071007697468961e-06
2.2499373578010756e-06
2.4318557804125513e-06
2.6161688288282217e-06
2.8022446742566375e-06
2.9894150428687338e-06
3.176976700086938e-06
3.36419317609402e-06
3.55029673579233e-06
3.734490595404353e-06
3.915951386804017e-06
4.093831869511297e-06
4.267263889068505e-06
4.435361579254498e-06
4.597224804280908e-06
4.751942835761728e-06
4.898598257854625e-06
5.036271092548576e-06
5.1640431356181175e-06
5.28100249229202e-06
5.386248300192985e-06
5.478895625607421e-06
5.558080517644073e-06
5.622965203345673e-06
5.672743405336673e-06
5.7066457621304375e-06
5.723945329788489e-06
5.7239631422320515e-06
5.7060738061603174e-06
5.669711105238708e-06
5.6143735869948195e-06
5.539630104705888e-06
5.445125285491771e-06
5.33058489484791e-06
5.195821066974096e-06
5.040737369486236e-06
4.865333670447119e-06
4.669710775128592e-06
4.454074799529313e-06
4.218741247426972e-06
3.964138757650669e-06
3.6908124883236456e-06
3.3994271050575495e-06
3.0907693404815267e-06
3.5601650954397117e-06
4.048095891646769e-06
4.553465631596273e-06
5.075052151093428e-06
5.611507289384985e-06
6.161357565303354e-06
6.723005484007979e-06
7.294731496977044e-06
7.874696635774436e-06
8.460945837792647e-06
9.051411979653934e-06
9.643920631243786e-06
1.0236195540456695e-05
1.0825864855661097e-05
1.1410468089644442e-05
1.1987463825389049e-05
1.2554238160464784e-05
1.3108113883115043e-05
1.3646360369270806e-05
1.4166204185766258e-05
1.4664840380962384e-05
1.5139444439827709e-05
1.558718487629479e-05
1.6005236431423217e-05
1.6390793841574548e-05
1.6741086136461127e-05
1.7053391422588485e-05
1.7325052103293686e-05
1.7553490482308383e-05
1.773622469357076e-05
1.7870884895900773e-05
1.7955229667153422e-05
1.7987162528613746e-05
1.7964748526705184e-05
1.7886230795586806e-05
1.775004702093318e-05
1.7554845722152125e-05
1.729950226752357e-05
1.6983134534265266e-05
1.6605118123369834e-05
1.61651010372389e-05
1.5663017726687576e-05
1.5099102412828285e-05
1.4473901588689579e-05
1.3788285605204602e-05
1.3043459246433735e-05
1.2240971199586198e-05
1.1382722326592183e-05
1.0470972645666914e-05
9.5083469335114e-06
1.0938699551085456e-05
1.2422341935353757e-05
1.395570828054804e-05
1.5534864195294614e-05
1.7155509273826128e-05
1.8812981507079763e-05
2.0502263592501424e-05
2.221799119482906e-05
2.3954463203049106e-05
2.570565402112106e-05
2.7465227921958564e-05
2.922655548556581e-05
3.0982732133164345e-05
3.272659875964925e-05
3.445076445679105e-05
3.6147631309304195e-05
3.78094212352474e-05
3.942820483125958e-05
4.0995932171892495e-05
4.250446550083664e-05
4.394561374017831e-05
4.531116873203851e-05
4.659294311507126e-05
4.778280972638971e-05
4.887274240761396e-05
4.9854858081939434e-05
5.0721459957474294e-05
5.14650817006515e-05
5.2078532412361714e-05
5.255494222860336e-05
5.288780835703894e-05
5.307104135086565e-05
5.309901141201272e-05
5.296659450684113e-05
5.266921806940299e-05
5.2202906059899796e-05
5.156432313940714e-05
5.075081771619493e-05
4.976046361420601e-05
4.859210011045809e-05
4.724537008541322e-05
4.572075602873483e-05
4.401961364241281e-05
4.214420278398856e-05
4.0097715494657465e-05
3.788430086034174e-05
3.550908645851076e-05
3.2978196149563316e-05
3.0298763979035244e-05
2.7478943965756646e-05
3.157314504457155e-05
3.5810696022177133e-05
4.0180773911261124e-05
4.467154853868072e-05
4.9270196386952837e-05
5.396291963349425e-05
5.87349705102905e-05
6.357068108647125e-05
6.845349855479602e-05
7.336602608030343e-05
7.829006924545644e-05
8.320668810106226e-05
8.809625480613744e-05
9.293851681283508e-05
9.771266552460393e-05
0.00010239741032704434
0.00010697105786154694
0.00011141159638187244
0.00011569678500347654
0.00011980424762472206
0.00012371157126830226
0.00012739640856034785
0.0001308365840339709
0.00013401020391354623
0.00013689576900601584
0.0001394722902960799
0.0001417194068134668
0.00014361750531273734
0.00014514784127942453
0.0001462926607509251
0.0001470353224166116
0.00014736041943927877
0.00014725390041947387
0.00014670318890562387
0.00014569730083634823
0.0001442269592870909
0.00014228470588136262
0.0001398650082176311
0.000136964362656339
0.0001335813918078448
0.00012971693606136025
0.00012537413849734354
0.00012055852253139892
0.0001152780616466152
0.00010954324058355936
0.0001033671073728658
9.676531561461193e-05
8.975615643146658e-05
8.236057954898093e-05
7.460220298636447e-05
8.561041265470084e-05
9.69792094877526e-05
0.00010867791724923414
0.00012067328876895444
0.00013292955981660694
0.00014540851663898634
0.00015806957736971068
0.00017086988746356464
0.0001837644292477648
0.00019670614561994183
0.00020964607785763044
0.00022253351743677183
0.00023531617168741971
0.0002479403430437171
0.0002603511215725926
0.00027249259039174606
0.00028430804351272575
0.000295740215569507
0.0003067315228173213
0.00031722431471092427
0.0003271611352963573
0.0003364849935759552
0.0003451396419332381
0.0003530698616328221
0.0003602217543409474
0.00036654303854510205
0.0003719833496868867
0.00037649454276113704
0.00038003099607682677
0.00038254991482177117
0.0003840116330240957
0.00038437991245917263
0.000383622237011678
0.0003817101009689412
0.00037861928969419475
0.00037433015110709003
0.0003688278563841521
0.00036210264828411524
0.0003541500755025336
0.0003449712114669761
0.00033457285599871456
0.00032296771828938317
0.00031017457967162545
0.00029621843470165786
0.0002811306091187821
0.0002649488533025397
0.0002477174099121742
0.00022948705446564045
0.0002103151076962306
0.00019026541861417044
0.00021806799523664338
0.0002467181570029434
0.00027613465310319504
0.0003062301063685869
0.0003369111893318901
0.0003680788337017372
0.0003996284734816733
0.0004314503218174424
0.00046342968150276753
0.0004954472889156517
0.000527379690994467
0.0005590996546965204
0.00059047660821184
0.0006213771130326126
0.000651665365804357
0.0006812037287097185
0.0007098532869600704
0.0007374744317951805
0.0007639274672173696
0.0007890732385153622
0.0008127737804644979
0.0008348929829259304
0.0008552972714078868
0.0008738562999987909
0.0008904436539351519
0.000904937558928327
0.0009172215942436812
0.0009271854064050374
0.0009347254202866361
0.0009397455442559264
0.0009421578659432663
0.0009418833351408
0.0009388524302722718
0.0009330058048299319
0.0009242949101439229
0.0009126825908349692
0.0008981436493027313
0.0008806653756211227
0.0008602480392478958
0.0008369053390101561
0.0008106648078996262
0.0007815681693026185
0.000749671641399069
0.0007150461865936886
0.0006777777029893611
0.0006379671550792417
0.0005957306410185386
0.0005511993940403012
0.0005045197158005172
0.00045585283967677996
0.0005218117647447606
0.0005896308247856087
0.0006591088005261772
0.000730030855423473
0.0008021690430139788
0.0008752828902438627
0.0009491200566487144
0.001023417068899252
0.0010979001298680295
0.0011722860010028647
0.0012462829564168325
0.001319591806724105
0.0013919069902669015
0.0014629177289933063
0.0015323092458603364
0.0015997640402532314
0.0016649632175323567
0.0017275878684452233
0.0017873204937749153
0.0018438464692395109
0.0018968555453120744
0.001946043376299195
0.001991113072700017
0.002031776770569209
0.0020677572113281346
0.0020987893252108064
0.002124621811296571
0.002145018706872061
0.00215976093868226
0.002168647848476365
0.0021714986851301536
0.0021681540555341674
0.002158477326377801
0.0021423559689344777
0.002119702838963859
0.0020904573838943005
0.002054586769533897
0.0020120869186815607
0.0019629834541720235
0.0019073325390901931
0.001845221607131917
0.001776769976369212
0.00170212933999924
0.0016214841280166453
0.0015350517341483625
0.001443082602828028
0.0013458601714623764
0.0012437006637539324
0.001136952730391388
0.0010259969339998527
0.0011729848335114918
0.0013237800804913574
0.0014779165231434096
0.00163489980638078
0.0017942086899711543
0.001955296527214377
0.0021175929024141466
0.002280505424631128
0.002443421674418497
0.002605711299445908
0.0027667282541176496
0.002925813177489056
0.003082295902985205
0.0032354980926320703
0.003384735987725865
0.003529323267095308
0.0036685740033583786
0.0038018057068430937
0.003928342446135708
0.004047518033542738
0.004158679263110486
0.004261189188239362
0.00435443042536691
0.0044378084696736
0.004510755008296229
0.004572731216115663
0.004623231018824838
0.004661784307680344
0.0046879600901020375
0.004701369560110129
0.004701669072484065
0.004688563004491108
0.004661806489070665
0.0046212080034715095
0.004566631797528337
0.004498000146028971
0.0044152954099693845
0.004318561891916431
0.004207907471203152
0.0040835050052635226
0.003945593484077105
0.0037944789254339556
0.0036305349995491565
0.0034542033724491716
0.0032659937585205927
0.00306648367364952
0.0028563178814882116
0.0026362075265572056
0.0024069289491263973
0.0021693221781102687
0.0024770086433153534
0.0027919529732609682
0.0031131446017919322
0.0034395186076989197
0.003769958839513832
0.004103301355081065
0.0044383381694110095
0.004773821302750631
0.005108467119229576
0.005440960944862227
0.005769961952117217
0.006094108296709962
0.006412022490742114
0.006722316994808343
0.007023600010226658
0.00731448145112824
0.007593579074777539
0.007859524747186932
0.008110970819854823
0.008346596592294095
0.008565114833942285
0.008765278338056879
0.00894588647931198
0.009105791746026786
0.00924390621728416
0.009359207954639367
0.00945074727768639
0.009517652892441053
0.009559137841327978
0.009574505243519828
0.009563153794482356
0.009524582993825303
0.009458398070954416
0.009364314578562209
0.009242162624688698
0.009091890714927189
0.008913569177345426
0.008707393143838001
0.008473685062920592
0.00821289672041828
0.007925610746086813
0.007612541585932147
0.007274535921857658
0.00691257252226364
0.006527761509344892
0.006121343031072961
0.005694685328203017
0.005249282189102056
0.004786749787749991
0.00430882290290419
0.0049138199829911015
0.005531678752633289
0.006160348442741001
0.006797680982080569
0.0074414378047416825
0.008089297229491156
0.008738862393009644
0.009387669716072633
0.010033197878824566
0.010672877278414789
0.011304099939432502
0.011924229844809555
0.012530613652165215
0.013120591757967577
0.013691509669385427
0.014240729641328774
0.014765642533926591
0.015263679843592691
0.015732325858886582
0.016169129890609008
0.016571718523984653
0.016937807839395674
0.01726521554694801
0.017551872979185847
0.017795836885533416
0.017995300971540326
0.018148607125749772
0.018254256277001862
0.018310918825235493
0.01831744458936499
0.01827287221658762
0.018176437998525884
0.0180275840409297
0.017825965735252188
0.017571458482277282
0.017264163620105
0.01690441351119751
0.016492775745846025
0.016030056422327656
0.0155173024671842
0.01495580296244909
0.014347089450281167
0.013692935189305597
0.01299535334101954
0.012256594068860501
0.011479140536960994
0.01066570380019792
0.009819216581870582
0.00894282594020347
0.008039884829826874
0.009157302422284963
0.010295854529631832
0.011451644467755815
0.01262061416544404
0.013798557855800848
0.014981136728089404
0.016163894497862423
0.01734227384819887
0.018511633689924905
0.01966726718386508
0.020804420463497224
0.02191831199186847
0.023004152482320347
0.02405716530847049
0.025072607325043017
0.02604579001755198
0.026972100895532952
0.02784702504102687
0.028666166721346982
0.029425270972844315
0.03012024506042804
0.030747179716029718
0.031302370058023964
0.031782336092858784
0.032183842699813024
0.03250391899989712
0.03273987701045957
0.03288932948805671
0.032950206863598425
0.032920773175697145
0.032799640910524536
0.032585784659317434
0.0322785535079736
0.03187768207692504
0.03138330013367671
0.030795940705027072
0.030116546621051205
0.02934647542839194
0.028487502616272954
0.027541823104892962
0.0265120509524544
0.025401217244024884
0.024212766132666718
0.02295054901081127
0.021618816797633448
0.020222210336207334
0.01876574890242595
0.01725481683604828
0.01569514831273956
0.014092810284559408
0.01603143752758904
0.01800215263124267
0.019998021453306702
0.022011862706585686
0.024036273459795657
0.02606365612428939
0.02808624683958327
0.030096145162707196
0.03208534495871797
0.03404576638231946
0.0359692888334987
0.03784778476340683
0.039673154200475236
0.041437359860947175
0.04313246270270485
0.04475065777647692
0.04628431022427681
0.04772599127127515
0.04906851405426199
0.050304969127459215
0.05142875948469389
0.052433634935888485
0.05331372567545779
0.054063574880557345
0.054678170178209556
0.05515297382214801
0.055483951422782535
0.05566759907699065
0.05570096874849141
0.055581691754349995
0.055308000218684344
0.05487874636089482
0.05429341949269652
0.05355216060587788
0.05265577444103506
0.051605738936487545
0.05040421196617172
0.04905403528546678
0.047558735614638484
0.04592252280080947
0.044150285011078906
0.04224758092155084
0.04022062887954289
0.03807629302911446
0.03582206640317431
0.03346605099881132
0.031016934866013493
0.02848396625361495
0.025876924870006784
0.023206090329867826
0.026365376150756372
0.029569438397285226
0.03280671897877482
0.03606531218052494
0.03933300874428138
0.04259734205527468
0.04584563627392244
0.049065056238868296
0.05224265895714328
0.055365446486983064
0.05842042000926855
0.06139463487469759
0.0642752564057567
0.06704961622532032
0.06970526887738113
0.07223004849998868
0.07461212530602812
0.07684006162403023
0.07890286724878405
0.08079005385018913
0.08249168818851604
0.08399844388510737
0.0853016514995158
0.08639334666719606
0.08726631605610988
0.08791414090599736
0.08833123792059247
0.08851289729071139
0.088455317634904
0.08815563765421161
0.0876119643084869
0.08682339733368606
0.08579004993248424
0.08451306548447146
0.08299463013700088
0.08123798115342493
0.07924741091194167
0.07702826646547728
0.074586944590943
0.07193088227469199
0.06906854260006458
0.0660093960223952
0.0627638970367507
0.05934345626385602
0.05576040800004475
0.052027973297621426
0.04816021866255487
0.04417201047695873
0.04007896527414541
0.03589739601419273
0.04073353218827549
0.045626621060762484
0.050558614244578776
0.05551101791109961
0.060464963615936576
0.06540128183928365
0.07030057796653359
0.07514331041998432
0.07990987063858727
0.08458066458995148
0.08913619548728788
0.0935571473736735
0.09782446922709175
0.10191945923211537
0.10582384885800591
0.1095198863783518
0.11299041946429751
0.11621897648188383
0.1191898461241036
0.12188815500999611
0.12429994288643975
0.1264122350733207
0.1282131117993988
0.12969177408450921
0.13083860583366944
0.13164523182022542
0.13210457124831002
0.1322108865995866
0.13195982748545318
0.13134846924355156
0.13037534603648726
0.12904047823107648
0.12734539385809554
0.12529314397537727
0.12288831178104404
0.12013701534864632
0.11704690388186377
0.1136271474131097
0.10988841989780847
0.10584287568408633
0.10150411936612352
0.09688716905822009
0.09200841315573101
0.08688556067817853
0.0815375853190306
0.0759846633556523
0.07024810560165054
0.06435028361219751
0.05831455038066294
0.05216515579204585
0.05911895732690377
0.0661378593352811
0.0731954559112865
0.08026482835661611
0.0873186510751433
0.09432930060208652
0.10126896734177751
0.10810976957076888
0.11482386924735984
0.12138358915485503
0.1277615308939307
0.13393069322954132
0.13986459028991582
0.1455373691093509
0.15092392600289561
0.15600002125952284
0.16074239164119236
0.16512886017820133
0.16913844275653944
0.17275145100051678
0.17594959096377233
0.1787160571538677
0.18103562142997376
0.18289471632967852
0.18428151239958637
0.18518598912512688
0.1855999990777497
0.18551732492239403
0.18493372895468582
0.18384699486565642
0.18225696146175932
0.18016554809951743
0.177576771627085
0.1744967546592929
0.17093372504815207
0.16689800644725838
0.16240199990583512
0.15746015646619205
0.1520889407769676
0.14630678577347198
0.1401340385156827
0.1335928973136509
0.1267073403092514
0.11950304572199587
0.11200730400504284
0.10424892219521319
0.09625812077775156
0.08806642342248877
0.07970653998278049
0.07121224318207892
0.08060427114080962
0.09006137130875579
0.09954734312713798
0.10902546970705346
0.11845866527731619
0.12780962578775856
0.13704098205915913
0.14611545485353158
0.15499601122350368
0.1636460214872683
0.17202941616595263
0.18011084221350596
0.18785581786524297
0.195230885430135
0.2022037613538662
0.20874348288447334
0.2148205506802456
0.22040706671028457
0.22547686681187729
0.23000564728541784
0.2339710849271298
0.23735294992211822
0.24013321104531765
0.2422961326455976
0.24382836291852383
0.2447190130059793
0.24495972649587175
0.2445447389323829
0.24347092698649822
0.24173784697773623
0.2393477624809207
0.2363056607963349
0.2326192581074579
0.2282989931975704
0.22335800964457397
0.21781212646224982
0.2116797972056216
0.2049820576079544
0.19774246186688496
0.1899870077471395
0.18174405071696947
0.1730442073845605
0.16392024854917514
0.15440698222923308
0.14454112707595068
0.13436117662608432
0.12390725489076093
0.11322096381900087
0.10234522321412848
0.0913241037187966
0.1032395111679757
0.11520824782134749
0.12718380725215078
0.1391192559777133
0.15096742476360056
0.16268110252206489
0.17421323200191616
0.18551710645266317
0.196546566434818
0.20725619594096456
0.21760151698831165
0.22753918184334748
0.2370271620426022
0.24602493338071604
0.2544936560477532
0.2623963491121314
0.26969805856359275
0.27636601815217793
0.28236980228428105
0.28768147026528584
0.2922757012100982
0.29612991897781266
0.29922440652479876
0.301542409111407
0.3030702258411898
0.30379728905780745
0.3037162311734592
0.3028229385535559
0.301116592135229
0.29859969451191243
0.29527808327244975
0.2911609304406826
0.2862607279200736
0.28059325890733633
0.27417755529900134
0.26703584117516793
0.2591934625049846
0.25067880327856074
0.24152318832959496
0.23176077317191768
0.22142842123101675
0.21056556890816977
0.19921407896993926
0.18741808280899494
0.17522381217356764
0.1626794210117527
0.14983479812346648
0.13674137135657416
0.1234519041246234
0.11002028506137128
0.1242196835870783
0.1384475206254585
0.15264780523618438
0.1667643139632073
0.18074082219276888
0.19452133688697237
0.20805032971455964
0.22127296959309808
0.23413535365362717
0.24658473563997602
0.25856975076028504
0.27004063601803924
0.28094944506379427
0.2912502566270485
0.30089937561000296
0.3098555259514825
0.3180800343997233
0.3255370043671006
0.33219347907803193
0.3380195932629899
0.34298871269680464
0.3470775609278664
0.3502663325964215
0.35253879279453726
0.3538823619773935
0.35428818599500045
0.3537511908750719
0.3522701220512907
0.34984756779635495
0.3464899666856758
0.34220759898517333
0.3370145619249344
0.3309287288893325
0.32397169262318415
0.31616869262240255
0.3075485269460732
0.2981434487545664
0.2879890479450636
0.2771241183211907
0.2655905107972988
0.2534329731997355
0.240698977287199
0.22743853366951267
0.21370399535866233
0.19954985073760045
0.18503250678062655
0.17021006340422806
0.15514207986850953
0.13988933418697033
0.12451357653581802
0.14040788344801927
0.15629438954697908
0.17210991980430046
0.18779135298493677
0.20327588250113454
0.21850127685752982
0.233406138584849
0.24793016056228825
0.2620143786362373
0.2756014194551985
0.28863574245772144
0.30106387497180226
0.3128346394103453
0.3238993715779757
0.3342121291394354
0.34372988933908255
0.3524127351042068
0.3602240287120757
0.36713057225141166
0.3731027541632937
0.3781146812040336
0.38214429523306526
0.38517347429219945
0.3871881175082996
0.3881782134194033
0.38813789139412047
0.38706545588559704
0.384963403334039
0.38183842160551296
0.3777013719290808
0.37256725336904006
0.36645514994371914
0.3593881605766887
0.3513933121399626
0.3425014559215483
0.3327471479212044
0.32216851344810427
0.31080709656214
0.2987076949662895
0.28591818102080774
0.27248930961039547
0.25847451365300955
0.24392968809301574
0.22891296327199756
0.21348446861733056
0.19770608763137146
0.1816412052028285
0.16535444829603815
0.14891142110374142
0.1323784357739476
0.14909022206818906
0.16575177557396378
0.18229629199028313
0.19865735807462606
0.21476922584645308
0.2305670842974497
0.2459873274594313
0.26096781769493294
0.27544814309520066
0.2893698678941535
0.3026767748361135
0.31531509846835487
0.32723374836772057
0.338384521352705
0.3487223017789218
0.35820524906612367
0.366794971659067
0.37445668668194654
0.3811593646069317
0.3868758583209623
0.3915830160413844
0.3952617775997349
0.39789725368386075
0.3994787877011763
0.4
0.39945881426113145
0.3978574659479124
0.3952024927795677
0.3915047072693144
0.38677915144524533
0.3810450339480061
0.37432564977440447
0.36664828301009006
0.35804409296688694
0.3485479842110561
0.3381984610372383
0.3270374670089976
0.315110210250234
0.3024649752322384
0.289152921858166
0.27522787270063204
0.26074608929781123
0.2457660384597051
0.2303481495778268
0.21455456396943223
0.19844887732019828
0.18209587631792257
0.16556127059341508
0.14891142110374048
0.13221306610680425
0.1487179620319446
0.16513137040229822
0.18138708544088192
0.19741962154241133
0.21316448196438786
0.22855842301860563
0.24353971265560959
0.2580483823604766
0.2720264713080782
0.285418261760957
0.2981705047316011
0.3102326349743083
0.321556974418602
0.33209892320726
0.3418171375561754
0.35067369371098045
0.358634237335947
0.3656681177341366
0.3717485063635607
0.3768524991821993
0.3809612024245852
0.3840598014842225
0.38613761264872004
0.38718811750829984
0.3872089799325225
0.38620204558468396
0.3841733240178149
0.3811329534703789
0.3770951485532279
0.37207813109179455
0.36610404445868244
0.3591988518012608
0.3513922186364958
0.3427173803505713
0.3332109952037722
0.3229129835011364
0.31186635364654525
0.3001170158516882
0.2877135843217841
0.27470716878643286
0.26115115628699
0.24710098417031082
0.2326139052734748
0.21774874631397534
0.2025656605258541
0.1871258756030814
0.17149143802816258
0.15572495487559918
0.1398893341869713
0.12404752501656205
0.13935876343993214
0.1545459311836015
0.169547536923341
0.18430306996497486
0.19875324560704902
0.21284024445368444
0.22650794469246996
0.23970214638623735
0.2523707868650113
0.26446414634628373
0.27593504295660953
0.2867390163763071
0.2968344993804413
0.3061829766041166
0.31474912991719944
0.322500969853352
0.3294099526000156
0.3354510821197252
0.34060299703832103
0.34484804200220115
0.3481723232742537
0.3505657484063571
0.3520220498949067
0.3525387927945373
0.3521173663336885
0.35076295964364446
0.3484845217798356
0.3452947062802835
0.34120980057078915
0.33624964058948537
0.3304375110645801
0.32380003193802287
0.31636703148443135
0.3081714067284736
0.29924897181497423
0.28963829503389027
0.27938052524703355
0.268519208504575
0.25710009567702796
0.24517094196216274
0.23278129915634382
0.2199823016056608
0.20682644677419648
0.19336737138430074
0.17965962409749225
0.16575843571357007
0.15171948787076414
0.13759868123018668
0.12345190412462276
0.10933480264368081
0.12267660189497176
0.13587581469929513
0.14887891749622165
0.16163351541778714
0.17408855099034573
0.18619450595533057
0.19790359540156494
0.20916995343949224
0.21994980968866945
0.2302016558935904
0.23988640202945233
0.24896752130831326
0.2574111835472892
0.26518637641352116
0.27226501411558696
0.27862203316733536
0.2842354749077784
0.2890865545192164
0.2931597163451635
0.2964426753692772
0.29892644477657165
0.3006053495779717
0.3014770263388921
0.3015424091114072
0.30080570172775306
0.29927433666988923
0.29695892078554714
0.2938731681753329
0.29003382062776983
0.28546055602952175
0.2801758852261393
0.2742050378544255
0.2675758377106152
0.2603185682589834
0.2524658289229363
0.24405238283512085
0.23511499675422753
0.22569227388426874
0.21582448035651552
0.20555336615554462
0.1949219812882306
0.18397448800871136
0.1727559699225247
0.16131223879999534
0.14968963993196616
0.1379348568605327
0.12609471631324207
0.11421599416167441
0.1023452232141267
0.09052850363769926
0.10144853645818111
0.11222337911262786
0.12280937314293686
0.13316400940990178
0.1432460933256094
0.15301590316720315
0.16243534086442935
0.17146807469053119
0.1800796733257636
0.18823773080403147
0.19591198189655012
0.20307440753103667
0.2096993298910856
0.21576349688754382
0.2212461557418656
0.2261291154701783
0.23039679810609984
0.23403627854984121
0.2370373129807528
0.23939235581975635
0.24109656527718437
0.24214779756984828
0.2425465899387807
0.24229613264559743
0.2414022301708162
0.23987325188139957
0.23772007247718277
0.23495600256649546
0.23159670976002197
0.22766013070864866
0.2231663745455276
0.21813761822479247
0.21259799427906223
0.20657347154509886
0.20009172943149936
0.19318202632419088
0.18587506274444665
0.17820283989046862
0.17019851420675414
0.16189624863600055
0.15333106121561507
0.14453867168559711
0.13555534677600478
0.1264177448410387
0.1171627605025406
0.10782736995878864
0.09844847760465428
0.08906276459683447
0.07970653998278109
0.07041559499446677
0.07881092583099403
0.08707252058497633
0.0951670093527207
0.10306207967597387
0.110726598181883
0.1181307259464828
0.12524602716406147
0.1320455707377974
0.13850402444172477
0.14459774133955058
0.15030483818259568
0.15560526554641807
0.16048086950373414
0.16491544466967722
0.1688947784941982
0.17240668671520726
0.1754410399248386
0.17798978123972753
0.18004693510433192
0.18160860729386194
0.18267297622022854
0.1832402756803686
0.1833127692212593
0.18289471632967846
0.18199233068726933
0.18061373076250722
0.17876888304067814
0.1764695382208407
0.17372916073483827
0.1705628519676917
0.16698726758101143
0.16302052936140055
0.15868213203405843
0.1539928454978901
0.14897461295243433
0.1436504453985961
0.13804431300474415
0.13218103383696347
0.12608616045732074
0.11978586489673376
0.11330682250964384
0.10667609521600703
0.09992101463235707
0.09306906558770839
0.08614777051212542
0.07918457517573202
0.07220673624404997
0.06524121110165101
0.05831455038066422
0.051452793613263374
0.057515336842302235
0.063465175705014
0.06927841191771696
0.07493203644480763
0.08040401264821889
0.08567335424184737
0.09072019779099388
0.09552586952374313
0.10007294624865554
0.1043453102011832
0.10832819766959732
0.11200824127990837
0.1153735058480257
0.11841351773622165
0.12111928767962166
0.12348332707692251
0.12549965776753677
0.1271638153450181
0.12847284608354934
0.12942529758059967
0.13002120324427857
0.1302620607785012
0.13015080484260558
0.12969177408450921
0.12889067276776675
0.12775452723289563
0.12629163745202587
0.1245115239532195
0.12242487040666886
0.12004346217932041
0.11738012117731994
0.11444863730689675
0.1112636968939979
0.10784080841098043
0.10419622586514057
0.10034687020858275
0.0963102491321492
0.09210437560759889
0.08774768554224044
0.08325895490850554
0.07865721670782011
0.07396167812339337
0.06919163821041689
0.06436640646454125
0.059505222600593155
0.05462717786321272
0.04975113817964443
0.04489566945218642
0.04007896527414628
0.03531877733827253
0.03943097361917643
0.04345567014562191
0.047376832402043254
0.05117911414526838
0.05484791007810261
0.05836940457326002
0.06173061630348801
0.06491943865365987
0.06792467581062905
0.07073607444687402
0.07334435093419708
0.07574121404396972
0.07791938311046982
0.07987260165372359
0.08159564647780249
0.08308433227972364
0.0843355118227613
0.08534707174619667
0.08611792410105445
0.08664799371829643
0.08693820153206097
0.08699044399591636
0.08680756874458477
0.08639334666719596
0.08575244057079122
0.08489037062446182
0.08381347678516231
0.0825288784158292
0.08104443131497174
0.07936868238431571
0.07751082216741627
0.07548063549734252
0.07328845049563502
0.0709450861676673
0.06846179884142185
0.06585022769738896
0.06312233963698659
0.06029037373543296
0.05736678552259179
0.05436419133177775
0.051295312952084976
0.048172922814364166
0.045009789934681355
0.04181862683188243
0.038612037627918684
0.03540246753080181
0.03220215389060068
0.029023079008722807
0.025876924870007034
0.022775029955837616
0.025394983129518295
0.027952072339273548
0.030436219840369413
0.03283784042677384
0.03514787226768595
0.037357804973929896
0.03945970482524707
0.04144623710304938
0.043310685486639695
0.04504696848432231
0.04664965288413582
0.04811396422202835
0.049435794278217156
0.05061170562503639
0.051638933261882236
0.05251538338472975
0.053239629349165256
0.05381090489686753
0.054229094725956634
0.054494722495564564
0.05460893636433918
0.05457349217134321
0.054390734375920895
0.0540635748805574
0.053595469867522
0.05299039478616441
0.052252817633087915
0.05138767067206776
0.050400320744486596
0.049296538324246686
0.048082465473552195
0.046764582857688655
0.04534967597790543
0.04384480078180364
0.04225724881020289
0.04059451203836824
0.03886424756769569
0.03707424232155151
0.03523237789590893
0.03334659571180249
0.031424862612396895
0.029475137042736438
0.027505335944971246
0.025523302496142576
0.023536774809409522
0.0215533557130606
0.019580483714667724
0.017625405250503785
0.015695148312739517
0.013796497539158806
0.015364376875036273
0.016890331225448262
0.018368428368586133
0.019793062984035673
0.021158973267848977
0.022461255750116482
0.02369537828879764
0.024857191221983946
0.02594293666910393
0.026949255979769934
0.02787319533700558
0.028712209529427768
0.029464163914583383
0.030127334602980213
0.03070040689945057
0.03118247204523783
0.03157302231065161
0.03187194449420739
0.032079511889895815
0.032196374789543576
0.032223549592150076
0.03216240659658727
0.03201465655812238
0.03178233609285877
0.03146779201737785
0.0310736647136087
0.03060287061123595
0.0300585838817957
0.02944421743998829
0.028763403348679273
0.028019972724545206
0.027217935241390365
0.026361458327781757
0.025454846154879807
0.024502518509143596
0.02350898964303124
0.022478847194854018
0.021416731266650738
0.020327313746298245
0.019215277957119917
0.018085298714982646
0.016942022869343053
0.01579005040089719
0.014633916144468441
0.013478072201508477
0.012326871102178867
0.011184549772362254
0.010055214356240474
0.008942825940203444
0.007851187218935093
0.008732499495533827
0.009587798891874564
0.01041381553412989
0.011207481226590044
0.011965937639732112
0.012686543417062768
0.013366880195104095
0.014004757535736179
0.014598216774855325
0.015145533795916636
0.015645220741403836
0.016096026679576787
0.016496937247990527
0.01684717329921398
0.017146188577932
0.017393666462132237
0.01758951580439058
0.01773386591232749
0.01782706071014056
0.01786965212568875
0.017862392749924277
0.01780622781752791
0.01770228655939923
0.017551872979185847
0.017356456107300133
0.017117659786875447
0.016837252046850285
0.016517134117849084
0.016159329146748228
0.01576597066579048
0.015339290871833014
0.01488160877080838
0.014395318241729987
0.013882876073618447
0.013346790027542738
0.012789606974604205
0.01221390115911691
0.011622262634499387
0.011017285917480305
0.010401558904151818
0.009777652089204761
0.00914810812733504
0.008515431773373203
0.007882080235127372
0.007250453970301007
0.006622887956130684
0.006001643457624244
0.005388900317458002
0.00478674978775008
0.004197187921056122
0.0046624993237514385
0.00511277004938936
0.005546312770675771
0.00596155600680525
0.006357047776500366
0.006731458647330851
0.007083584183474863
0.007412346796664128
0.007716797007530762
0.007996114126971456
0.008249606369423372
0.00847671041213026
0.00867699041653211
0.008850136529849086
0.008995962886736805
0.009114405132563928
0.009205517491397293
0.009269469403174134
0.009306541755791113
0.009317122738944644
0.009301703347514489
0.009260872563092413
0.009195312242921331
0.009105791746026784
0.008993162326694224
0.008858351325674264
0.00870235618958769
0.008526238348952431
0.008331116985075016
0.008118162715737188
0.007888591229175746
0.007643656895298548
0.007384646382415297
0.007112872306985006
0.0068296669430095505
0.006536376016730522
0.006234352611231666
0.005924951204408028
0.005609521862554216
0.005289404610543622
0.004965923998237137
0.004640383881367539
0.004314062433720756
0.0039882074059613346
0.0036640316449600197
0.003342708885958158
0.0030253698283800403
0.0027130985045608854
0.0024069289491264246
0.0021078421752281124
0.002338598082830401
0.002561239552168783
0.0027749516991236035
0.002978981673961251
0.003172640109872067
0.0033553022583060928
0.0035264088148701488
0.003685466440808421
0.0038320479862813113
0.003965792422797729
0.004086404493224185
0.004193654088803323
0.004287375363546893
0.004367465597234748
0.004433883819038371
0.004486649204504475
0.004525839259270903
0.004551587803448141
0.004564082771083454
0.004563563839530187
0.004550319903873622
0.004524686411816513
0.004487042574604475
0.0044378084696736
0.004377442050732638
0.004306436080951301
0.004225315004817293
0.0041346317740490425
0.004034964642713162
0.003926913946395697
0.0038110988799208477
0.003688154287698615
0.0035587274803230186
0.0034234750905318676
0.0032830599810880243
0.00313814821654846
0.0029894061102599644
0.0028374973572581797
0.0026830802630587285
0.0025268050776142935
0.0023693114429787832
0.0022112259624665616
0.002053159898334073
0.001895707004235317
0.0017394414979277724
0.0015849161789227607
0.0014326606949999318
0.0012831799607303602
0.0011369527303913944
0.0009944303269034866
0.0011019172750827864
0.0012053154794758828
0.0013042567539526412
0.0013984039100036032
0.0014874512480783982
0.0015711248978725828
0.0016491830106265754
0.001721415807062347
0.0017876454851115456
0.0018477259920840778
0.0019015426663831119
0.0019490117542964082
0.0019900798077771226
0.0020247229694753005
0.0020529461515884644
0.0020747821153704092
0.0020902904583679663
0.0020995565166478515
0.002102690189430385
0.002099824693662844
0.0020911152561448724
0.00207673775086077
0.0020568872891811585
0.0020317767705692116
0.0020016354013662092
0.0019667071891388676
0.0019272494199476479
0.0018835311257434939
0.0018358315489202318
0.0017844386108449746
0.0017296473909584897
0.0016717586227860605
0.0016110772129261488
0.0015479107887935324
0.0014825682805846686
0.0014153585426110965
0.0013465890188096904
0.0012765644568927357
0.001205585675243537
0.001133948386301286
0.0010619420798090077
0.0009898489689271733
0.0009179430018409962
0.0008464889411161133
0.0007757415126844638
0.0007059446259740001
0.000637330666331294
0.0005701198605291024
0.000504519715800517
0.000440724532501304
0.0004877519214505003
0.0005328535496909629
0.0005758738465533355
0.0006166717058087062
0.0006551206141881843
0.0006911087121616605
0.0007245387889094611
0.0007553282136496999
0.0007834088056978602
0.0008087266458299332
0.0008312418316981679
0.000850928180207758
0.000867772879904114
0.0008817760965431422
0.0008929505351216151
0.0009013209617312504
0.0009069236886687307
0.000909806026284776
0.0009100257050889542
0.0009076502716436401
0.0009027564617808368
0.0008954295546597961
0.0008857627111525482
0.0008738562999987907
0.0008598172151119615
0.0008437581873455466
0.0008257970939432553
0.000806056268799809
0.0007846618165510653
0.0007617429333945339
0.0007374312374140674
0.0007118601110475136
0.0006851640581931706
0.000657478078302076
0.0006289370596480941
0.0005996751938086861
0.0005698254132257216
0.0005395188535498338
0.000508884342303127
0.0004780479152260698
0.00044713236150386746
0.00041625679889854735
0.00038553627964392164
0.0003550814277945154
0.00032499810855486183
0.0002953871299550273
0.0002663439770808559
0.00023795857891492994
0.0002103151076962293
0.00018349181056442716
0.00020281757281248242
0.00022129499276694398
0.00023886263083466573
0.00025546535432857963
0.00027105435222387974
0.0002855871216658284
0.00029902742727337293
0.00031134523436796875
0.00032251661733494186
0.00033252364439377596
0.0003413542401152502
0.000349002027076079
0.00035546614808689304
0.0003607510704660991
0.00036486637386110406
0.00036782652313949876
0.00036965062788626925
0.00037036219004917155
0.0003699888412732148
0.0003685620714571654
0.00036611695005024165
0.00036269184158603876
0.0003583281169236123
0.000353069861632822
0.00034696358292280057
0.000340057916469294
0.00033240333444873997
0.00032405185603501566
0.00031505676155878996
0.00030547231147020243
0.0002953534711830595
0.0002847556428137992
0.00027373440476100854
0.0002623452600021725
0.0002506433939134717
0.00023868344234671373
0.00022651927062475568
0.0002142037640438984
0.00020178863039850274
0.00018932421497053046
0.00017685932835433466
0.00016444108741600955
0.00015211476961637466
0.00013992368085836044
0.00012790903695264821
0.0001161098587306353
0.00010456288077139663
9.330247364896714e-05
8.236057954898221e-05
7.17666610487587e-05
7.922618944040607e-05
8.633599652646305e-05
9.307341778955127e-05
9.941835961197108e-05
0.0001053532893134291
0.00011086321423835759
0.00011593565039347314
0.0001205605811648849
0.00012473040666919843
0.00012843988431479383
0.0001316860611676977
0.00013446819873137538
0.00013678769076130357
0.00013864797474353569
0.0001400544376715104
0.00014101431675747468
0.00014153659571388585
0.0001416318972364065
0.00014131237231351082
0.00014059158697860618
0.00013948440710894844
0.00013800688186166015
0.00013617612632108505
0.00013401020391354623
0.00013152800912561642
0.00012874915104029358
0.00012569383818229673
0.00012238276513907098
0.00011883700139834725
0.00011507788281623496
0.00011112690610217613
0.00010700562667860741
0.0001027355602442888
9.833808834079265e-05
9.383436819211603e-05
8.924524705755243e-05
8.459118130836584e-05
7.989216040919966e-05
7.516763595600141e-05
7.043645589340289e-05
6.571680400628594e-05
6.102614475261974e-05
5.63811734778535e-05
5.179777202511515e-05
4.7290969730446276e-05
4.2874909768219814e-05
3.856282078897605e-05
3.4366993770077455e-05
3.029876397903546e-05
2.6368497929969824e-05
2.9072913086152717e-05
3.1642356554369e-05
3.406902522473798e-05
3.6346096109618704e-05
3.846771670851107e-05
4.042899142920718e-05
4.2225964282271805e-05
4.385559807436498e-05
4.5315750332960954e-05
4.6605146200732014e-05
4.772334854224363e-05
4.867072550870986e-05
4.9448415808399016e-05
5.005829193092678e-05
5.050292157313247e-05
5.07855275125881e-05
5.090994617207698e-05
5.088058511465531e-05
5.0702379704217385e-05
5.038074916092076e-05
4.992155223441337e-05
4.9331042710621016e-05
4.861582495997089e-05
4.778280972638955e-05
4.683917034731837e-05
4.57922995853527e-05
4.464976724206373e-05
4.341927871409804e-05
4.210863464089624e-05
4.0725691782336195e-05
3.927832525340775e-05
3.777439223165342e-05
3.622169724170759e-05
3.46279591097972e-05
3.300077966967665e-05
3.1347614290121805e-05
2.967574428294209e-05
2.7992251239434804e-05
2.63039933324498e-05
2.4617583610687885e-05
2.29393703016769e-05
2.127541912996861e-05
1.963149764762556e-05
1.80130615649518e-05
1.642524306077061e-05
1.4872841043313612e-05
1.3360313325057435e-05
1.1891770667567618e-05
1.0470972645666927e-05
9.10132527397625e-06
1.0022242960023334e-05
1.0894375210975345e-05
1.1715217295912994e-05
1.2482614060113142e-05
1.319475447666902e-05
1.3850164879815006e-05
1.4447700965909328e-05
1.4986538650119597e-05
1.5466163868419855e-05
1.5886361415622114e-05
1.624720291079177e-05
1.65490339815804e-05
1.6792460758762783e-05
1.697833577160306e-05
1.7107743333621815e-05
1.7181984506908174e-05
1.7202561731348528e-05
1.7171163203043635e-05
1.708964708377821e-05
1.696002562072827e-05
1.6784449252652014e-05
1.6565190775643345e-05
1.6304629638152135e-05
1.6005236431423244e-05
1.566955763779078e-05
1.5300200695423682e-05
1.4899819434159774e-05
1.4471099933029492e-05
1.4016746845961596e-05
1.3539470238022929e-05
1.304197297037129e-05
1.2526938667941248e-05
1.1997020299727882e-05
1.1454829397433041e-05
1.0902925934177037e-05
1.034380888100504e-05
9.779907455019347e-06
9.21357306918333e-06
8.647071990162956e-06
8.082578707032156e-06
7.522170010255283e-06
6.9678197771099284e-06
6.4213944566056915e-06
5.884649244032532e-06
5.3592249325017125e-06
4.846645426270808e-06
4.348315898235575e-06
3.865521571769545e-06
3.3994271050575343e-06
2.9510765542450397e-06
3.245621700160802e-06
3.5236473085200457e-06
3.78440479279309e-06
4.0272622430866615e-06
4.251701953758443e-06
4.45731754260061e-06
4.643810692867519e-06
4.810987549793433e-06
4.9587548034539405e-06
5.087115489873333e-06
5.19616454218044e-06
5.286084123365119e-06
5.357138771808403e-06
5.409670390243961e-06
5.444093108178069e-06
5.460888047046822e-06
5.460598016541911e-06
5.443822169589654e-06
5.411210642435684e-06
5.363459205177929e-06
5.301303946910171e-06
5.225516018398417e-06
5.136896453918603e-06
5.036271092548574e-06
4.924485617834078e-06
4.80240073334966e-06
4.670887490255167e-06
4.530822781518401e-06
4.383085016036614e-06
4.2285499844578496e-06
4.068086927076038e-06
3.902554812766264e-06
3.7327988365361957e-06
3.5596471419106794e-06
3.383907773034647e-06
3.2063658600897746e-06
3.027781040367418e-06
2.848885116136964e-06
2.6703799492909714e-06
2.4929355916465347e-06
2.3171886487324014e-06
2.1437408739027807e-06
1.9731579886860836e-06
1.8059687244097674e-06
1.6426640793348196e-06
1.4836967847928972e-06
1.329480973139029e-06
1.180392039723089e-06
1.0367666905318597e-06
8.989031666727949e-07
9.873871363052292e-07
1.0706293149018292e-06
1.1484217635840887e-06
1.2205929935616626e-06
1.2870069934066112e-06
1.3475621392948174e-06
1.4021899987099765e-06
1.4508540381195209e-06
1.4935482450921495e-06
1.530295675242918e-06
1.561146934260319e-06
1.5861786050970259e-06
1.6054916301931926e-06
1.6192096583520843e-06
1.6274773656045188e-06
1.630458759084078e-06
1.6283354725930375e-06
1.6213050621715119e-06
1.6095793095928136e-06
1.5933825412989022e-06
1.5729499698647985e-06
1.548526064641726e-06
1.5203629577787732e-06
1.488718891364733e-06
1.4538567109680715e-06
1.416042410385608e-06
1.3755437319429176e-06
1.3326288262224869e-06
1.2875649746334582e-06
1.2406173777789136e-06
1.1920480121274925e-06
1.1421145570552772e-06
1.0910693938952893e-06
1.0391586782145113e-06
9.866214861361724e-07
9.336890351368036e-07
8.805839793771519e-07
8.275197792716177e-07
7.747001446655883e-07
7.223185506730765e-07
6.705578249306807e-07
6.195898047460998e-07
5.69575062363942e-07
5.206626963344352e-07
4.729901867574726e-07
4.26683311978718e-07
3.8185612414244725e-07
0.0
0.0
0.0
0.0
0.0
0.0
0.0
0.0
0.0
0.0
0.0
0.0
0.0
0.0
0.0
0.0
0.0
0.0
0.0
0.0
0.0
0.0
0.0
0.0
0.0
0.0
0.0
0.0
0.0
0.0
0.0
0.0
0.0
0.0
0.0
0.0
0.0
0.0
0.0
0.0
0.0
0.0
0.0
0.0
0.0
0.0
0.0
0.0
0.0
0.0
0.0
0.0
0.0
0.0
0.0
0.0
0.0
0.0
0.0
0.0
0.0
0.0
0.0
0.0
0.0
0.0
0.0
0.0
0.0
0.0
0.0
0.0
0.0
0.0
0.0
0.0
0.0
0.0
0.0
0.0
0.0
0.0
0.0
0.0
0.0
0.0
0.0
0.0
0.0
0.0
0.0
0.0
0.0
0.0
0.0
0.0
0.0
0.0
0.0
0.0
0.0
0.0
0.0
0.0
0.0
0.0
0.0
0.0
0.0
0.0
0.0
0.0
0.0
0.0
0.0
0.0
0.0
0.0
0.0
0.0
0.0
0.0
0.0
0.0
0.0
0.0
0.0
0.0
0.0
0.0
0.0
0.0
0.0
0.0
0.0
0.0
0.0
0.0
0.0
0.0
0.0
0.0
0.0
0.0
0.0
0.0
0.0
0.0
0.0
0.0
0.0
0.0
0.0
0.0
0.0
0.0
0.0
0.0
0.0
0.0
0.0
0.0
0.0
0.0
0.0
0.0
0.0
0.0
0.0
0.0
0.0
0.0
0.0
0.0
0.0
0.0
0.0
0.0
0.0
0.0
0.0
0.0
0.0
0.0
0.0
0.0
0.0
0.0
0.0
0.0
0.0
0.0
0.0
0.0
0.0
0.0
0.0
0.0
0.0
0.0
0.0
0.0
0.0
0.0
0.0
0.0
0.0
0.0
0.0
0.0
0.0
0.0
0.0
0.0
0.0
0.0
0.0
0.0
0.0
0.0
0.0
0.0
0.0
0.0
0.0
0.0
0.0
0.0
0.0
0.0
0.0
0.0
0.0
0.0
0.0
0.0
0.0
0.0
0.0
0.0
0.0
0.0
0.0
0.0
0.0
0.0
0.0
0.0
0.0
0.0
0.0
0.0
0.0
0.0
0.0
0.0
0.0
0.0
0.0
0.0
0.0
0.0
0.0
0.0
0.0
0.0
0.0
0.0
0.0
0.0
0.0
0.0
0.0
0.0
0.0
0.0
0.0
0.0
0.0
0.0
0.0
0.0
0.0
0.0
0.0
0.0
0.0
0.0
0.0
0.0
0.0
0.0
0.0
0.0
0.0
0.0
0.0
0.0
0.0
0.0
0.0
0.0
0.0
0.0
0.0
0.0
0.0
0.0
0.0
0.0
0.0
0.0
0.0
0.0
0.0
0.0
0.0
0.0
0.0
0.0
0.0
0.0
0.0
0.0
0.0
0.0
0.0
0.0
0.0
0.0
0.0
0.0
0.0
0.0
0.0
0.0
0.0
0.0
0.0
0.0
0.0
0.0
0.0
0.0
0.0
0.0
0.0
0.0
0.0
0.0
0.0
0.0
0.0
0.0
0.0
0.0
0.0
0.0
0.0
0.0
0.0
0.0
0.0
0.0
0.0
0.0
0.0
0.0
0.0
0.0
0.0
0.0
0.0
0.0
0.0
0.0
0.0
0.0
0.0
0.0
0.0
0.0
0.0
0.0
0.0
0.0
0.0
0.0
0.0
0.0
0.0
0.0
0.0
0.0
0.0
0.0
0.0
0.0
0.0
0.0
0.0
0.0
0.0
0.0
0.0
0.0
0.0
0.0
0.0
0.0
0.0
0.0
0.0
0.0
0.0
0.0
0.0
0.0
0.0
0.0
0.0
0.0
0.0
0.0
0.0
0.0
0.0
0.0
0.0
0.0
0.0
0.0
0.0
0.0
0.0
0.0
0.0
0.0
0.0
0.0
0.0
0.0
0.0
0.0
0.0
0.0
0.0
0.0
0.0
0.0
0.0
0.0
0.0
0.0
0.0
0.0
0.0
0.0
0.0
0.0
0.0
0.0
0.0
0.0
0.0
0.0
0.0
0.0
0.0
0.0
0.0
0.0
0.0
0.0
0.0
0.0
0.0
0.0
0.0
0.0
0.0
0.0
0.0
0.0
0.0
0.0
0.0
0.0
0.0
0.0
0.0
0.0
0.0
0.0
0.0
0.0
0.0
0.0
0.0
0.0
0.0
0.0
0.0
0.0
0.0
0.0
0.0
0.0
0.0
0.0
0.0
0.0
0.0
0.0
0.0
0.0
0.0
0.0
0.0
0.0
0.0
0.0
0.0
0.0
0.0
0.0
0.0
0.0
0.0
0.0
0.0
0.0
0.0
0.0
0.0
0.0
0.0
0.0
0.0
0.0
0.0
0.0
0.0
0.0
0.0
0.0
0.0
0.0
0.0
0.0
0.0
0.0
0.0
0.0
0.0
0.0
0.0
0.0
0.0
0.0
0.0
0.0
0.0
0.0
0.0
0.0
0.0
0.0
0.0
0.0
0.0
0.0
0.0
0.0
0.0
0.0
0.0
0.0
0.0
0.0
0.0
0.0
0.0
0.0
0.0
0.0
0.0
0.0
0.0
0.0
0.0
0.0
0.0
0.0
0.0
0.0
0.0
0.0
0.0
0.0
0.0
0.0
0.0
0.0
0.0
0.0
0.0
0.0
0.0
0.0
0.0
0.0
0.0
0.0
0.0
0.0
0.0
0.0
0.0
0.0
0.0
0.0
0.0
0.0
0.0
0.0
0.0
0.0
0.0
0.0
0.0
0.0
0.0
0.0
0.0
0.0
0.0
0.0
0.0
0.0
0.0
0.0
0.0
0.0
0.0
0.0
0.0
0.0
0.0
0.0
0.0
0.0
0.0
0.0
0.0
0.0
0.0
0.0
0.0
0.0
0.0
0.0
0.0
0.0
0.0
0.0
0.0
0.0
0.0
0.0
0.0
0.0
0.0
0.0
0.0
0.0
0.0
0.0
0.0
0.0
0.0
0.0
0.0
0.0
0.0
0.0
0.0
0.0
0.0
0.0
0.0
0.0
0.0
0.0
0.0
0.0
0.0
0.0
0.0
0.0
0.0
0.0
0.0
0.0
0.0
0.0
0.0
0.0
0.0
0.0
0.0
0.0
0.0
0.0
0.0
0.0
0.0
0.0
0.0
0.0
0.0
0.0
0.0
0.0
0.0
0.0
0.0
0.0
0.0
0.0
0.0
0.0
0.0
0.0
0.0
0.0
0.0
0.0
0.0
0.0
0.0
0.0
0.0
0.0
0.0
0.0
0.0
0.0
0.0
0.0
0.0
0.0
0.0
0.0
0.0
0.0
0.0
0.0
0.0
0.0
0.0
0.0
0.0
0.0
0.0
0.0
0.0
0.0
0.0
0.0
0.0
0.0
0.0
0.0
0.0
0.0
0.0
0.0
0.0
0.0
0.0
0.0
0.0
0.0
0.0
0.0
0.0
0.0
0.0
0.0
0.0
0.0
0.0
0.0
0.0
0.0
0.0
0.0
0.0
0.0
0.0
0.0
0.0
0.0
0.0
0.0
0.0
0.0
0.0
0.0
0.0
0.0
0.0
0.0
0.0
0.0
0.0
0.0
0.0
0.0
0.0
0.0
0.0
0.0
0.0
0.0
0.0
0.0
0.0
0.0
0.0
0.0
0.0
0.0
0.0
0.0
0.0
0.0
0.0
0.0
0.0
0.0
0.0
0.0
0.0
0.0
0.0
0.0
0.0
0.0
0.0
0.0
0.0
0.0
0.0
0.0
0.0
0.0
0.0
0.0
0.0
0.0
0.0
0.0
0.0
0.0
0.0
0.0
0.0
0.0
0.0
0.0
0.0
0.0
0.0
0.0
0.0
0.0
0.0
0.0
0.0
0.0
0.0
0.0
0.0
0.0
0.0
0.0
0.0
0.0
0.0
0.0
0.0
0.0
0.0
0.0
0.0
0.0
0.0
0.0
0.0
0.0
0.0
0.0
0.0
0.0
0.0
0.0
0.0
0.0
0.0
0.0
0.0
0.0
0.0
0.0
0.0
0.0
0.0
0.0
0.0
0.0
0.0
0.0
0.0
0.0
0.0
0.0
0.0
0.0
0.0
0.0
0.0
0.0
0.0
0.0
0.0
0.0
0.0
0.0
0.0
0.0
0.0
0.0
0.0
0.0
0.0
0.0
0.0
0.0
0.0
0.0
0.0
0.0
0.0
0.0
0.0
0.0
0.0
0.0
0.0
0.0
0.0
0.0
0.0
0.0
0.0
0.0
0.0
0.0
0.0
0.0
0.0
0.0
0.0
0.0
0.0
0.0
0.0
0.0
0.0
0.0
0.0
0.0
0.0
0.0
0.0
0.0
0.0
0.0
0.0
0.0
0.0
0.0
0.0
0.0
0.0
0.0
0.0
0.0
0.0
0.0
0.0
0.0
0.0
0.0
0.0
0.0
0.0
0.0
0.0
0.0
0.0
0.0
0.0
0.0
0.0
0.0
0.0
0.0
0.0
0.0
0.0
0.0
0.0
0.0
0.0
0.0
0.0
0.0
0.0
0.0
0.0
0.0
0.0
0.0
0.0
0.0
0.0
0.0
0.0
0.0
0.0
0.0
0.0
0.0
0.0
0.0
0.0
0.0
0.0
0.0
0.0
0.0
0.0
0.0
0.0
0.0
0.0
0.0
0.0
0.0
0.0
0.0
0.0
0.0
0.0
0.0
0.0
0.0
0.0
0.0
0.0
0.0
0.0
0.0
0.0
0.0
0.0
0.0
0.0
0.0
0.0
0.0
0.0
0.0
0.0
0.0
0.0
0.0
0.0
0.0
0.0
0.0
0.0
0.0
0.0
0.0
0.0
0.0
0.0
0.0
0.0
0.0
0.0
0.0
0.0
0.0
0.0
0.0
0.0
0.0
0.0
0.0
0.0
0.0
0.0
0.0
0.0
0.0
0.0
0.0
0.0
0.0
0.0
0.0
0.0
0.0
0.0
0.0
0.0
0.0
0.0
0.0
0.0
0.0
0.0
0.0
0.0
0.0
0.0
0.0
0.0
0.0
0.0
0.0
0.0
0.0
0.0
0.0
0.0
0.0
0.0
0.0
0.0
0.0
0.0
0.0
0.0
0.0
0.0
0.0
0.0
0.0
0.0
0.0
0.0
0.0
0.0
0.0
0.0
0.0
0.0
0.0
0.0
0.0
0.0
0.0
0.0
0.0
0.0
0.0
0.0
0.0
0.0
0.0
0.0
0.0
0.0
0.0
0.0
0.0
0.0
0.0
0.0
0.0
0.0
0.0
0.0
0.0
0.0
0.0
0.0
0.0
0.0
0.0
0.0
0.0
0.0
0.0
0.0
0.0
0.0
0.0
0.0
0.0
0.0
0.0
0.0
0.0
0.0
0.0
0.0
0.0
0.0
0.0
0.0
0.0
0.0
0.0
0.0
0.0
0.0
0.0
0.0
0.0
0.0
0.0
0.0
0.0
0.0
0.0
0.0
0.0
0.0
0.0
0.0
0.0
0.0
0.0
0.0
0.0
0.0
0.0
0.0
0.0
0.0
0.0
0.0
0.0
0.0
0.0
0.0
0.0
0.0
0.0
0.0
0.0
0.0
0.0
0.0
0.0
0.0
0.0
0.0
0.0
0.0
0.0
0.0
0.0
0.0
0.0
0.0
0.0
0.0
0.0
0.0
0.0
0.0
0.0
0.0
0.0
0.0
0.0
0.0
0.0
0.0
0.0
0.0
0.0
0.0
0.0
0.0
0.0
0.0
0.0
0.0
0.0
0.0
0.0
0.0
0.0
0.0
0.0
0.0
0.0
0.0
0.0
0.0
0.0
0.0
0.0
0.0
0.0
0.0
0.0
0.0
0.0
0.0
0.0
0.0
0.0
0.0
0.0
0.0
0.0
0.0
0.0
0.0
0.0
0.0
0.0
0.0
0.0
0.0
0.0
0.0
0.0
0.0
0.0
0.0
0.0
0.0
0.0
0.0
0.0
0.0
0.0
0.0
0.0
0.0
0.0
0.0
0.0
0.0
0.0
0.0
0.0
0.0
0.0
0.0
0.0
0.0
0.0
0.0
0.0
0.0
0.0
0.0
0.0
0.0
0.0
0.0
0.0
0.0
0.0
0.0
0.0
0.0
0.0
0.0
0.0
0.0
0.0
0.0
0.0
0.0
0.0
0.0
0.0
0.0
0.0
0.0
0.0
0.0
0.0
0.0
0.0
0.0
0.0
0.0
0.0
0.0
0.0
0.0
0.0
0.0
0.0
0.0
0.0
0.0
0.0
0.0
0.0
0.0
0.0
0.0
0.0
0.0
0.0
0.0
0.0
0.0
0.0
0.0
0.0
0.0
0.0
0.0
0.0
0.0
0.0
0.0
0.0
0.0
0.0
0.0
0.0
0.0
0.0
0.0
0.0
0.0
0.0
0.0
0.0
0.0
0.0
0.0
0.0
0.0
0.0
0.0
0.0
0.0
0.0
0.0
0.0
0.0
0.0
0.0
0.0
0.0
0.0
0.0
0.0
0.0
0.0
0.0
0.0
0.0
0.0
0.0
0.0
0.0
0.0
0.0
0.0
0.0
0.0
0.0
0.0
0.0
0.0
0.0
0.0
0.0
0.0
0.0
0.0
0.0
0.0
0.0
0.0
0.0
0.0
0.0
0.0
0.0
0.0
0.0
0.0
0.0
0.0
0.0
0.0
0.0
0.0
0.0
0.0
0.0
0.0
0.0
0.0
0.0
0.0
0.0
0.0
0.0
0.0
0.0
0.0
0.0
0.0
0.0
0.0
0.0
0.0
0.0
0.0
0.0
0.0
0.0
0.0
0.0
0.0
0.0
0.0
0.0
0.0
0.0
0.0
0.0
0.0
0.0
0.0
0.0
0.0
0.0
0.0
0.0
0.0
0.0
0.0
0.0
0.0
0.0
0.0
0.0
0.0
0.0
0.0
0.0
0.0
0.0
0.0
0.0
0.0
0.0
0.0
0.0
0.0
0.0
0.0
0.0
0.0
0.0
0.0
0.0
0.0
0.0
0.0
0.0
0.0
0.0
0.0
0.0
0.0
0.0
0.0
0.0
0.0
0.0
0.0
0.0
0.0
0.0
0.0
0.0
0.0
0.0
0.0
0.0
0.0
0.0
0.0
0.0
0.0
0.0
0.0
0.0
0.0
0.0
0.0
0.0
0.0
0.0
0.0
0.0
0.0
0.0
0.0
0.0
0.0
0.0
0.0
0.0
0.0
0.0
0.0
0.0
0.0
0.0
0.0
0.0
0.0
0.0
0.0
0.0
0.0
0.0
0.0
0.0
0.0
0.0
0.0
0.0
0.0
0.0
0.0
0.0
0.0
0.0
0.0
0.0
0.0
0.0
0.0
0.0
0.0
0.0
0.0
0.0
0.0
0.0
0.0
0.0
0.0
0.0
0.0
0.0
0.0
0.0
0.0
0.0
0.0
0.0
0.0
0.0
0.0
0.0
0.0
0.0
0.0
0.0
0.0
0.0
0.0
0.0
0.0
0.0
0.0
0.0
0.0
0.0
0.0
0.0
0.0
0.0
0.0
0.0
0.0
0.0
0.0
0.0
0.0
0.0
0.0
0.0
0.0
0.0
0.0
0.0
0.0
0.0
0.0
0.0
0.0
0.0
0.0
0.0
0.0
0.0
0.0
0.0
0.0
0.0
0.0
0.0
0.0
0.0
0.0
0.0
0.0
0.0
0.0
0.0
0.0
0.0
0.0
0.0
0.0
0.0
0.0
0.0
0.0
0.0
0.0
0.0
0.0
0.0
0.0
0.0
0.0
0.0
0.0
0.0
0.0
0.0
0.0
0.0
0.0
0.0
0.0
0.0
0.0
0.0
0.0
0.0
0.0
0.0
0.0
0.0
0.0
0.0
0.0
0.0
0.0
0.0
0.0
0.0
0.0
0.0
0.0
0.0
0.0
0.0
0.0
0.0
0.0
0.0
0.0
0.0
0.0
0.0
0.0
0.0
0.0
0.0
0.0
0.0
0.0
0.0
0.0
0.0
0.0
0.0
0.0
0.0
0.0
0.0
0.0
0.0
0.0
0.0
0.0
0.0
0.0
0.0
0.0
0.0
0.0
0.0
0.0
0.0
0.0
0.0
0.0
0.0
0.0
0.0
0.0
0.0
0.0
0.0
0.0
0.0
0.0
0.0
0.0
0.0
0.0
0.0
0.0
0.0
0.0
0.0
0.0
0.0
0.0
0.0
0.0
0.0
0.0
0.0
0.0
0.0
0.0
0.0
0.0
0.0
0.0
0.0
0.0
0.0
0.0
0.0
0.0
0.0
0.0
0.0
0.0
0.0
0.0
0.0
0.0
0.0
0.0
0.0
0.0
0.0
0.0
0.0
0.0
0.0
0.0
0.0
0.0
0.0
0.0
0.0
0.0
0.0
0.0
0.0
0.0
0.0
0.0
0.0
0.0
0.0
0.0
0.0
0.0
0.0
0.0
0.0
0.0
0.0
0.0
0.0
0.0
0.0
0.0
0.0
0.0
0.0
0.0
0.0
0.0
0.0
0.0
0.0
0.0
0.0
0.0
0.0
0.0
0.0
0.0
0.0
0.0
0.0
0.0
0.0
0.0
0.0
0.0
0.0
0.0
0.0
0.0
0.0
0.0
0.0
0.0
0.0
0.0
0.0
0.0
0.0
0.0
0.0
0.0
0.0
0.0
0.0
0.0
0.0
0.0
0.0
0.0
0.0
0.0
0.0
0.0
0.0
0.0
0.0
0.0
0.0
0.0
0.0
0.0
0.0
0.0
0.0
0.0
0.0
0.0
0.0
0.0
0.0
0.0
0.0
0.0
0.0
0.0
0.0
0.0